CDORGAO;CDRECEITA;EXERCICIO;FONTE;FONTENOME;MESREFERENCIA;NOMEORGAO;NOMERECEITA;NOME_SECRETARIA;SECRETARIA;VRARRECADADO;VRPREVISTO
02;1112500101;2022;100;Recursos Não Vinculados de Impostos/ Recursos Ordinários;1;PREFEITURA MUNICIPAL DE UBERLÂNDIA;Imposto sobre a Propriedade Predial;SECRETARIA MUNICIPAL DE FINANÇAS;06;154391.34;19762.17
02;1112500101;2022;101;Receitas de Impostos e de Transferências de Impostos Vinculados à Educação;1;PREFEITURA MUNICIPAL DE UBERLÂNDIA;Imposto sobre a Propriedade Predial;SECRETARIA MUNICIPAL DE FINANÇAS;06;127193.88;14821.63
02;1112500101;2022;102;Receitas de Impostos e de Transferências de Impostos Vinculados à Saúde;1;PREFEITURA MUNICIPAL DE UBERLÂNDIA;Imposto sobre a Propriedade Predial;SECRETARIA MUNICIPAL DE FINANÇAS;06;214686.61;14821.63
02;1112500101;2022;100;Recursos Não Vinculados de Impostos/ Recursos Ordinários;2;PREFEITURA MUNICIPAL DE UBERLÂNDIA;Imposto sobre a Propriedade Predial;SECRETARIA MUNICIPAL DE FINANÇAS;06;7613646.59;8466619.61
02;1112500101;2022;101;Receitas de Impostos e de Transferências de Impostos Vinculados à Educação;2;PREFEITURA MUNICIPAL DE UBERLÂNDIA;Imposto sobre a Propriedade Predial;SECRETARIA MUNICIPAL DE FINANÇAS;06;6272504.68;6349964.88
02;1112500101;2022;102;Receitas de Impostos e de Transferências de Impostos Vinculados à Saúde;2;PREFEITURA MUNICIPAL DE UBERLÂNDIA;Imposto sobre a Propriedade Predial;SECRETARIA MUNICIPAL DE FINANÇAS;06;10587147.11;6349964.88
02;1112500101;2022;100;Recursos Não Vinculados de Impostos/ Recursos Ordinários;3;PREFEITURA MUNICIPAL DE UBERLÂNDIA;Imposto sobre a Propriedade Predial;SECRETARIA MUNICIPAL DE FINANÇAS;06;8625149.00;13795983.97
02;1112500101;2022;101;Receitas de Impostos e de Transferências de Impostos Vinculados à Educação;3;PREFEITURA MUNICIPAL DE UBERLÂNDIA;Imposto sobre a Propriedade Predial;SECRETARIA MUNICIPAL DE FINANÇAS;06;7105831.72;10346988.27
02;1112500101;2022;102;Receitas de Impostos e de Transferências de Impostos Vinculados à Saúde;3;PREFEITURA MUNICIPAL DE UBERLÂNDIA;Imposto sobre a Propriedade Predial;SECRETARIA MUNICIPAL DE FINANÇAS;06;11993692.77;10346988.27
02;1112500101;2022;100;Recursos Não Vinculados de Impostos/ Recursos Ordinários;4;PREFEITURA MUNICIPAL DE UBERLÂNDIA;Imposto sobre a Propriedade Predial;SECRETARIA MUNICIPAL DE FINANÇAS;06;3693319.98;3443577.04
02;1112500101;2022;101;Receitas de Impostos e de Transferências de Impostos Vinculados à Educação;4;PREFEITURA MUNICIPAL DE UBERLÂNDIA;Imposto sobre a Propriedade Predial;SECRETARIA MUNICIPAL DE FINANÇAS;06;2188159.05;2582682.85
02;1112500101;2022;102;Receitas de Impostos e de Transferências de Impostos Vinculados à Saúde;4;PREFEITURA MUNICIPAL DE UBERLÂNDIA;Imposto sobre a Propriedade Predial;SECRETARIA MUNICIPAL DE FINANÇAS;06;2656019.00;2582682.85
02;1112500101;2022;100;Recursos Não Vinculados de Impostos/ Recursos Ordinários;5;PREFEITURA MUNICIPAL DE UBERLÂNDIA;Imposto sobre a Propriedade Predial;SECRETARIA MUNICIPAL DE FINANÇAS;06;2220583.36;2449194.79
02;1112500101;2022;101;Receitas de Impostos e de Transferências de Impostos Vinculados à Educação;5;PREFEITURA MUNICIPAL DE UBERLÂNDIA;Imposto sobre a Propriedade Predial;SECRETARIA MUNICIPAL DE FINANÇAS;06;1315621.21;1836896.14
02;1112500101;2022;102;Receitas de Impostos e de Transferências de Impostos Vinculados à Saúde;5;PREFEITURA MUNICIPAL DE UBERLÂNDIA;Imposto sobre a Propriedade Predial;SECRETARIA MUNICIPAL DE FINANÇAS;06;1596909.97;1836896.14
02;1112500101;2022;100;Recursos Não Vinculados de Impostos/ Recursos Ordinários;6;PREFEITURA MUNICIPAL DE UBERLÂNDIA;Imposto sobre a Propriedade Predial;SECRETARIA MUNICIPAL DE FINANÇAS;06;2162941.40;2144640.31
02;1112500101;2022;101;Receitas de Impostos e de Transferências de Impostos Vinculados à Educação;6;PREFEITURA MUNICIPAL DE UBERLÂNDIA;Imposto sobre a Propriedade Predial;SECRETARIA MUNICIPAL DE FINANÇAS;06;1281464.55;1608480.27
02;1112500101;2022;102;Receitas de Impostos e de Transferências de Impostos Vinculados à Saúde;6;PREFEITURA MUNICIPAL DE UBERLÂNDIA;Imposto sobre a Propriedade Predial;SECRETARIA MUNICIPAL DE FINANÇAS;06;1555462.81;1608480.27
02;1112500101;2022;100;Recursos Não Vinculados de Impostos/ Recursos Ordinários;7;PREFEITURA MUNICIPAL DE UBERLÂNDIA;Imposto sobre a Propriedade Predial;SECRETARIA MUNICIPAL DE FINANÇAS;06;2162864.79;1798490.33
02;1112500101;2022;101;Receitas de Impostos e de Transferências de Impostos Vinculados à Educação;7;PREFEITURA MUNICIPAL DE UBERLÂNDIA;Imposto sobre a Propriedade Predial;SECRETARIA MUNICIPAL DE FINANÇAS;06;1281424.87;1348867.78
02;1112500101;2022;102;Receitas de Impostos e de Transferências de Impostos Vinculados à Saúde;7;PREFEITURA MUNICIPAL DE UBERLÂNDIA;Imposto sobre a Propriedade Predial;SECRETARIA MUNICIPAL DE FINANÇAS;06;1555402.22;1348867.78
02;1112500101;2022;100;Recursos Não Vinculados de Impostos/ Recursos Ordinários;8;PREFEITURA MUNICIPAL DE UBERLÂNDIA;Imposto sobre a Propriedade Predial;SECRETARIA MUNICIPAL DE FINANÇAS;06;2058644.65;1307169.44
02;1112500101;2022;101;Receitas de Impostos e de Transferências de Impostos Vinculados à Educação;8;PREFEITURA MUNICIPAL DE UBERLÂNDIA;Imposto sobre a Propriedade Predial;SECRETARIA MUNICIPAL DE FINANÇAS;06;1219678.03;980377.10
02;1112500101;2022;102;Receitas de Impostos e de Transferências de Impostos Vinculados à Saúde;8;PREFEITURA MUNICIPAL DE UBERLÂNDIA;Imposto sobre a Propriedade Predial;SECRETARIA MUNICIPAL DE FINANÇAS;06;1480453.38;980377.10
02;1112500101;2022;100;Recursos Não Vinculados de Impostos/ Recursos Ordinários;9;PREFEITURA MUNICIPAL DE UBERLÂNDIA;Imposto sobre a Propriedade Predial;SECRETARIA MUNICIPAL DE FINANÇAS;06;1835661.12;1405037.05
02;1112500101;2022;101;Receitas de Impostos e de Transferências de Impostos Vinculados à Educação;9;PREFEITURA MUNICIPAL DE UBERLÂNDIA;Imposto sobre a Propriedade Predial;SECRETARIA MUNICIPAL DE FINANÇAS;06;1087568.05;1053777.82
02;1112500101;2022;102;Receitas de Impostos e de Transferências de Impostos Vinculados à Saúde;9;PREFEITURA MUNICIPAL DE UBERLÂNDIA;Imposto sobre a Propriedade Predial;SECRETARIA MUNICIPAL DE FINANÇAS;06;1320096.93;1053777.82
02;1112500101;2022;100;Recursos Não Vinculados de Impostos/ Recursos Ordinários;10;PREFEITURA MUNICIPAL DE UBERLÂNDIA;Imposto sobre a Propriedade Predial;SECRETARIA MUNICIPAL DE FINANÇAS;06;1398455.22;1100623.06
02;1112500101;2022;101;Receitas de Impostos e de Transferências de Impostos Vinculados à Educação;10;PREFEITURA MUNICIPAL DE UBERLÂNDIA;Imposto sobre a Propriedade Predial;SECRETARIA MUNICIPAL DE FINANÇAS;06;828539.24;825467.32
02;1112500101;2022;102;Receitas de Impostos e de Transferências de Impostos Vinculados à Saúde;10;PREFEITURA MUNICIPAL DE UBERLÂNDIA;Imposto sobre a Propriedade Predial;SECRETARIA MUNICIPAL DE FINANÇAS;06;1005684.76;825467.32
02;1112500101;2022;100;Recursos Não Vinculados de Impostos/ Recursos Ordinários;11;PREFEITURA MUNICIPAL DE UBERLÂNDIA;Imposto sobre a Propriedade Predial;SECRETARIA MUNICIPAL DE FINANÇAS;06;661482.15;207538.13
02;1112500101;2022;101;Receitas de Impostos e de Transferências de Impostos Vinculados à Educação;11;PREFEITURA MUNICIPAL DE UBERLÂNDIA;Imposto sobre a Propriedade Predial;SECRETARIA MUNICIPAL DE FINANÇAS;06;391908.51;155653.60
02;1112500101;2022;102;Receitas de Impostos e de Transferências de Impostos Vinculados à Saúde;11;PREFEITURA MUNICIPAL DE UBERLÂNDIA;Imposto sobre a Propriedade Predial;SECRETARIA MUNICIPAL DE FINANÇAS;06;475697.95;155653.60
02;1112500101;2022;100;Recursos Não Vinculados de Impostos/ Recursos Ordinários;12;PREFEITURA MUNICIPAL DE UBERLÂNDIA;Imposto sobre a Propriedade Predial;SECRETARIA MUNICIPAL DE FINANÇAS;06;38784.10;99755.10
02;1112500101;2022;101;Receitas de Impostos e de Transferências de Impostos Vinculados à Educação;12;PREFEITURA MUNICIPAL DE UBERLÂNDIA;Imposto sobre a Propriedade Predial;SECRETARIA MUNICIPAL DE FINANÇAS;06;22977.66;74816.34
02;1112500101;2022;102;Receitas de Impostos e de Transferências de Impostos Vinculados à Saúde;12;PREFEITURA MUNICIPAL DE UBERLÂNDIA;Imposto sobre a Propriedade Predial;SECRETARIA MUNICIPAL DE FINANÇAS;06;27890.62;74816.34
02;1112500102;2022;100;Recursos Não Vinculados de Impostos/ Recursos Ordinários;1;PREFEITURA MUNICIPAL DE UBERLÂNDIA;Imposto sobre a Propriedade Territorial Urbana;SECRETARIA MUNICIPAL DE FINANÇAS;06;22938.65;3300.81
02;1112500102;2022;101;Receitas de Impostos e de Transferências de Impostos Vinculados à Educação;1;PREFEITURA MUNICIPAL DE UBERLÂNDIA;Imposto sobre a Propriedade Territorial Urbana;SECRETARIA MUNICIPAL DE FINANÇAS;06;18897.25;2475.61
02;1112500102;2022;102;Receitas de Impostos e de Transferências de Impostos Vinculados à Saúde;1;PREFEITURA MUNICIPAL DE UBERLÂNDIA;Imposto sobre a Propriedade Territorial Urbana;SECRETARIA MUNICIPAL DE FINANÇAS;06;31896.24;2475.61
02;1112500102;2022;100;Recursos Não Vinculados de Impostos/ Recursos Ordinários;2;PREFEITURA MUNICIPAL DE UBERLÂNDIA;Imposto sobre a Propriedade Territorial Urbana;SECRETARIA MUNICIPAL DE FINANÇAS;06;1591281.72;1545874.09
02;1112500102;2022;101;Receitas de Impostos e de Transferências de Impostos Vinculados à Educação;2;PREFEITURA MUNICIPAL DE UBERLÂNDIA;Imposto sobre a Propriedade Territorial Urbana;SECRETARIA MUNICIPAL DE FINANÇAS;06;1310976.27;1159405.84
02;1112500102;2022;102;Receitas de Impostos e de Transferências de Impostos Vinculados à Saúde;2;PREFEITURA MUNICIPAL DE UBERLÂNDIA;Imposto sobre a Propriedade Territorial Urbana;SECRETARIA MUNICIPAL DE FINANÇAS;06;2212752.67;1159405.84
02;1112500102;2022;100;Recursos Não Vinculados de Impostos/ Recursos Ordinários;3;PREFEITURA MUNICIPAL DE UBERLÂNDIA;Imposto sobre a Propriedade Territorial Urbana;SECRETARIA MUNICIPAL DE FINANÇAS;06;1536667.20;2530380.76
02;1112500102;2022;101;Receitas de Impostos e de Transferências de Impostos Vinculados à Educação;3;PREFEITURA MUNICIPAL DE UBERLÂNDIA;Imposto sobre a Propriedade Territorial Urbana;SECRETARIA MUNICIPAL DE FINANÇAS;06;1265982.21;1897786.02
02;1112500102;2022;102;Receitas de Impostos e de Transferências de Impostos Vinculados à Saúde;3;PREFEITURA MUNICIPAL DE UBERLÂNDIA;Imposto sobre a Propriedade Territorial Urbana;SECRETARIA MUNICIPAL DE FINANÇAS;06;2136809.32;1897786.02
02;1112500102;2022;100;Recursos Não Vinculados de Impostos/ Recursos Ordinários;4;PREFEITURA MUNICIPAL DE UBERLÂNDIA;Imposto sobre a Propriedade Territorial Urbana;SECRETARIA MUNICIPAL DE FINANÇAS;06;496682.68;419812.78
02;1112500102;2022;101;Receitas de Impostos e de Transferências de Impostos Vinculados à Educação;4;PREFEITURA MUNICIPAL DE UBERLÂNDIA;Imposto sobre a Propriedade Territorial Urbana;SECRETARIA MUNICIPAL DE FINANÇAS;06;294266.41;314859.66
02;1112500102;2022;102;Receitas de Impostos e de Transferências de Impostos Vinculados à Saúde;4;PREFEITURA MUNICIPAL DE UBERLÂNDIA;Imposto sobre a Propriedade Territorial Urbana;SECRETARIA MUNICIPAL DE FINANÇAS;06;357186.47;314859.66
02;1112500102;2022;100;Recursos Não Vinculados de Impostos/ Recursos Ordinários;5;PREFEITURA MUNICIPAL DE UBERLÂNDIA;Imposto sobre a Propriedade Territorial Urbana;SECRETARIA MUNICIPAL DE FINANÇAS;06;249745.52;288602.62
02;1112500102;2022;101;Receitas de Impostos e de Transferências de Impostos Vinculados à Educação;5;PREFEITURA MUNICIPAL DE UBERLÂNDIA;Imposto sobre a Propriedade Territorial Urbana;SECRETARIA MUNICIPAL DE FINANÇAS;06;147967.60;216452.02
02;1112500102;2022;102;Receitas de Impostos e de Transferências de Impostos Vinculados à Saúde;5;PREFEITURA MUNICIPAL DE UBERLÂNDIA;Imposto sobre a Propriedade Territorial Urbana;SECRETARIA MUNICIPAL DE FINANÇAS;06;179601.75;216452.02
02;1112500102;2022;100;Recursos Não Vinculados de Impostos/ Recursos Ordinários;6;PREFEITURA MUNICIPAL DE UBERLÂNDIA;Imposto sobre a Propriedade Territorial Urbana;SECRETARIA MUNICIPAL DE FINANÇAS;06;225963.92;207279.04
02;1112500102;2022;101;Receitas de Impostos e de Transferências de Impostos Vinculados à Educação;6;PREFEITURA MUNICIPAL DE UBERLÂNDIA;Imposto sobre a Propriedade Territorial Urbana;SECRETARIA MUNICIPAL DE FINANÇAS;06;133875.11;155459.32
02;1112500102;2022;102;Receitas de Impostos e de Transferências de Impostos Vinculados à Saúde;6;PREFEITURA MUNICIPAL DE UBERLÂNDIA;Imposto sobre a Propriedade Territorial Urbana;SECRETARIA MUNICIPAL DE FINANÇAS;06;162502.11;155459.32
02;1112500102;2022;100;Recursos Não Vinculados de Impostos/ Recursos Ordinários;7;PREFEITURA MUNICIPAL DE UBERLÂNDIA;Imposto sobre a Propriedade Territorial Urbana;SECRETARIA MUNICIPAL DE FINANÇAS;06;222904.23;218501.37
02;1112500102;2022;101;Receitas de Impostos e de Transferências de Impostos Vinculados à Educação;7;PREFEITURA MUNICIPAL DE UBERLÂNDIA;Imposto sobre a Propriedade Territorial Urbana;SECRETARIA MUNICIPAL DE FINANÇAS;06;132065.17;163876.07
02;1112500102;2022;102;Receitas de Impostos e de Transferências de Impostos Vinculados à Saúde;7;PREFEITURA MUNICIPAL DE UBERLÂNDIA;Imposto sobre a Propriedade Territorial Urbana;SECRETARIA MUNICIPAL DE FINANÇAS;06;160298.98;163876.07
02;1112500102;2022;100;Recursos Não Vinculados de Impostos/ Recursos Ordinários;8;PREFEITURA MUNICIPAL DE UBERLÂNDIA;Imposto sobre a Propriedade Territorial Urbana;SECRETARIA MUNICIPAL DE FINANÇAS;06;211391.45;130310.42
02;1112500102;2022;101;Receitas de Impostos e de Transferências de Impostos Vinculados à Educação;8;PREFEITURA MUNICIPAL DE UBERLÂNDIA;Imposto sobre a Propriedade Territorial Urbana;SECRETARIA MUNICIPAL DE FINANÇAS;06;125244.05;97732.84
02;1112500102;2022;102;Receitas de Impostos e de Transferências de Impostos Vinculados à Saúde;8;PREFEITURA MUNICIPAL DE UBERLÂNDIA;Imposto sobre a Propriedade Territorial Urbana;SECRETARIA MUNICIPAL DE FINANÇAS;06;152019.87;97732.84
02;1112500102;2022;100;Recursos Não Vinculados de Impostos/ Recursos Ordinários;9;PREFEITURA MUNICIPAL DE UBERLÂNDIA;Imposto sobre a Propriedade Territorial Urbana;SECRETARIA MUNICIPAL DE FINANÇAS;06;211833.73;151284.50
02;1112500102;2022;101;Receitas de Impostos e de Transferências de Impostos Vinculados à Educação;9;PREFEITURA MUNICIPAL DE UBERLÂNDIA;Imposto sobre a Propriedade Territorial Urbana;SECRETARIA MUNICIPAL DE FINANÇAS;06;125506.14;113463.40
02;1112500102;2022;102;Receitas de Impostos e de Transferências de Impostos Vinculados à Saúde;9;PREFEITURA MUNICIPAL DE UBERLÂNDIA;Imposto sobre a Propriedade Territorial Urbana;SECRETARIA MUNICIPAL DE FINANÇAS;06;152337.93;113463.40
02;1112500102;2022;100;Recursos Não Vinculados de Impostos/ Recursos Ordinários;10;PREFEITURA MUNICIPAL DE UBERLÂNDIA;Imposto sobre a Propriedade Territorial Urbana;SECRETARIA MUNICIPAL DE FINANÇAS;06;118140.70;123798.23
02;1112500102;2022;101;Receitas de Impostos e de Transferências de Impostos Vinculados à Educação;10;PREFEITURA MUNICIPAL DE UBERLÂNDIA;Imposto sobre a Propriedade Territorial Urbana;SECRETARIA MUNICIPAL DE FINANÇAS;06;69995.93;92848.69
02;1112500102;2022;102;Receitas de Impostos e de Transferências de Impostos Vinculados à Saúde;10;PREFEITURA MUNICIPAL DE UBERLÂNDIA;Imposto sobre a Propriedade Territorial Urbana;SECRETARIA MUNICIPAL DE FINANÇAS;06;84959.49;92848.69
02;1112500102;2022;100;Recursos Não Vinculados de Impostos/ Recursos Ordinários;11;PREFEITURA MUNICIPAL DE UBERLÂNDIA;Imposto sobre a Propriedade Territorial Urbana;SECRETARIA MUNICIPAL DE FINANÇAS;06;53714.00;30508.47
02;1112500102;2022;101;Receitas de Impostos e de Transferências de Impostos Vinculados à Educação;11;PREFEITURA MUNICIPAL DE UBERLÂNDIA;Imposto sobre a Propriedade Territorial Urbana;SECRETARIA MUNICIPAL DE FINANÇAS;06;31824.95;22881.36
02;1112500102;2022;102;Receitas de Impostos e de Transferências de Impostos Vinculados à Saúde;11;PREFEITURA MUNICIPAL DE UBERLÂNDIA;Imposto sobre a Propriedade Territorial Urbana;SECRETARIA MUNICIPAL DE FINANÇAS;06;38627.75;22881.36
02;1112500102;2022;100;Recursos Não Vinculados de Impostos/ Recursos Ordinários;12;PREFEITURA MUNICIPAL DE UBERLÂNDIA;Imposto sobre a Propriedade Territorial Urbana;SECRETARIA MUNICIPAL DE FINANÇAS;06;5184.55;8010.91
02;1112500102;2022;101;Receitas de Impostos e de Transferências de Impostos Vinculados à Educação;12;PREFEITURA MUNICIPAL DE UBERLÂNDIA;Imposto sobre a Propriedade Territorial Urbana;SECRETARIA MUNICIPAL DE FINANÇAS;06;3071.62;6008.17
02;1112500102;2022;102;Receitas de Impostos e de Transferências de Impostos Vinculados à Saúde;12;PREFEITURA MUNICIPAL DE UBERLÂNDIA;Imposto sobre a Propriedade Territorial Urbana;SECRETARIA MUNICIPAL DE FINANÇAS;06;3728.37;6008.17
02;1112500201;2022;100;Recursos Não Vinculados de Impostos/ Recursos Ordinários;1;PREFEITURA MUNICIPAL DE UBERLÂNDIA;Multas e Juros - IPTU;SECRETARIA MUNICIPAL DE FINANÇAS;06;57.79;5218.94
02;1112500201;2022;101;Receitas de Impostos e de Transferências de Impostos Vinculados à Educação;1;PREFEITURA MUNICIPAL DE UBERLÂNDIA;Multas e Juros - IPTU;SECRETARIA MUNICIPAL DE FINANÇAS;06;47.53;3914.20
02;1112500201;2022;102;Receitas de Impostos e de Transferências de Impostos Vinculados à Saúde;1;PREFEITURA MUNICIPAL DE UBERLÂNDIA;Multas e Juros - IPTU;SECRETARIA MUNICIPAL DE FINANÇAS;06;80.25;3914.20
02;1112500201;2022;100;Recursos Não Vinculados de Impostos/ Recursos Ordinários;2;PREFEITURA MUNICIPAL DE UBERLÂNDIA;Multas e Juros - IPTU;SECRETARIA MUNICIPAL DE FINANÇAS;06;506.86;676.30
02;1112500201;2022;101;Receitas de Impostos e de Transferências de Impostos Vinculados à Educação;2;PREFEITURA MUNICIPAL DE UBERLÂNDIA;Multas e Juros - IPTU;SECRETARIA MUNICIPAL DE FINANÇAS;06;417.29;507.23
02;1112500201;2022;102;Receitas de Impostos e de Transferências de Impostos Vinculados à Saúde;2;PREFEITURA MUNICIPAL DE UBERLÂNDIA;Multas e Juros - IPTU;SECRETARIA MUNICIPAL DE FINANÇAS;06;704.41;507.23
02;1112500201;2022;100;Recursos Não Vinculados de Impostos/ Recursos Ordinários;3;PREFEITURA MUNICIPAL DE UBERLÂNDIA;Multas e Juros - IPTU;SECRETARIA MUNICIPAL DE FINANÇAS;06;109.03;9195.55
02;1112500201;2022;101;Receitas de Impostos e de Transferências de Impostos Vinculados à Educação;3;PREFEITURA MUNICIPAL DE UBERLÂNDIA;Multas e Juros - IPTU;SECRETARIA MUNICIPAL DE FINANÇAS;06;89.72;6896.65
02;1112500201;2022;102;Receitas de Impostos e de Transferências de Impostos Vinculados à Saúde;3;PREFEITURA MUNICIPAL DE UBERLÂNDIA;Multas e Juros - IPTU;SECRETARIA MUNICIPAL DE FINANÇAS;06;151.47;6896.65
02;1112500201;2022;100;Recursos Não Vinculados de Impostos/ Recursos Ordinários;4;PREFEITURA MUNICIPAL DE UBERLÂNDIA;Multas e Juros - IPTU;SECRETARIA MUNICIPAL DE FINANÇAS;06;210.48;5951.61
02;1112500201;2022;101;Receitas de Impostos e de Transferências de Impostos Vinculados à Educação;4;PREFEITURA MUNICIPAL DE UBERLÂNDIA;Multas e Juros - IPTU;SECRETARIA MUNICIPAL DE FINANÇAS;06;124.11;4463.70
02;1112500201;2022;102;Receitas de Impostos e de Transferências de Impostos Vinculados à Saúde;4;PREFEITURA MUNICIPAL DE UBERLÂNDIA;Multas e Juros - IPTU;SECRETARIA MUNICIPAL DE FINANÇAS;06;150.83;4463.70
02;1112500201;2022;100;Recursos Não Vinculados de Impostos/ Recursos Ordinários;5;PREFEITURA MUNICIPAL DE UBERLÂNDIA;Multas e Juros - IPTU;SECRETARIA MUNICIPAL DE FINANÇAS;06;11692.89;15932.25
02;1112500201;2022;101;Receitas de Impostos e de Transferências de Impostos Vinculados à Educação;5;PREFEITURA MUNICIPAL DE UBERLÂNDIA;Multas e Juros - IPTU;SECRETARIA MUNICIPAL DE FINANÇAS;06;6931.14;11949.17
02;1112500201;2022;102;Receitas de Impostos e de Transferências de Impostos Vinculados à Saúde;5;PREFEITURA MUNICIPAL DE UBERLÂNDIA;Multas e Juros - IPTU;SECRETARIA MUNICIPAL DE FINANÇAS;06;8407.01;11949.17
02;1112500201;2022;100;Recursos Não Vinculados de Impostos/ Recursos Ordinários;6;PREFEITURA MUNICIPAL DE UBERLÂNDIA;Multas e Juros - IPTU;SECRETARIA MUNICIPAL DE FINANÇAS;06;21582.02;27600.16
02;1112500201;2022;101;Receitas de Impostos e de Transferências de Impostos Vinculados à Educação;6;PREFEITURA MUNICIPAL DE UBERLÂNDIA;Multas e Juros - IPTU;SECRETARIA MUNICIPAL DE FINANÇAS;06;12781.73;20700.08
02;1112500201;2022;102;Receitas de Impostos e de Transferências de Impostos Vinculados à Saúde;6;PREFEITURA MUNICIPAL DE UBERLÂNDIA;Multas e Juros - IPTU;SECRETARIA MUNICIPAL DE FINANÇAS;06;15521.30;20700.08
02;1112500201;2022;100;Recursos Não Vinculados de Impostos/ Recursos Ordinários;7;PREFEITURA MUNICIPAL DE UBERLÂNDIA;Multas e Juros - IPTU;SECRETARIA MUNICIPAL DE FINANÇAS;06;31302.31;37069.06
02;1112500201;2022;101;Receitas de Impostos e de Transferências de Impostos Vinculados à Educação;7;PREFEITURA MUNICIPAL DE UBERLÂNDIA;Multas e Juros - IPTU;SECRETARIA MUNICIPAL DE FINANÇAS;06;18550.00;27801.74
02;1112500201;2022;102;Receitas de Impostos e de Transferências de Impostos Vinculados à Saúde;7;PREFEITURA MUNICIPAL DE UBERLÂNDIA;Multas e Juros - IPTU;SECRETARIA MUNICIPAL DE FINANÇAS;06;22508.14;27801.74
02;1112500201;2022;100;Recursos Não Vinculados de Impostos/ Recursos Ordinários;8;PREFEITURA MUNICIPAL DE UBERLÂNDIA;Multas e Juros - IPTU;SECRETARIA MUNICIPAL DE FINANÇAS;06;42426.56;40708.79
02;1112500201;2022;101;Receitas de Impostos e de Transferências de Impostos Vinculados à Educação;8;PREFEITURA MUNICIPAL DE UBERLÂNDIA;Multas e Juros - IPTU;SECRETARIA MUNICIPAL DE FINANÇAS;06;25141.21;30531.53
02;1112500201;2022;102;Receitas de Impostos e de Transferências de Impostos Vinculados à Saúde;8;PREFEITURA MUNICIPAL DE UBERLÂNDIA;Multas e Juros - IPTU;SECRETARIA MUNICIPAL DE FINANÇAS;06;30508.72;30531.53
02;1112500201;2022;100;Recursos Não Vinculados de Impostos/ Recursos Ordinários;9;PREFEITURA MUNICIPAL DE UBERLÂNDIA;Multas e Juros - IPTU;SECRETARIA MUNICIPAL DE FINANÇAS;06;53797.60;56305.31
02;1112500201;2022;101;Receitas de Impostos e de Transferências de Impostos Vinculados à Educação;9;PREFEITURA MUNICIPAL DE UBERLÂNDIA;Multas e Juros - IPTU;SECRETARIA MUNICIPAL DE FINANÇAS;06;31878.53;42228.91
02;1112500201;2022;102;Receitas de Impostos e de Transferências de Impostos Vinculados à Saúde;9;PREFEITURA MUNICIPAL DE UBERLÂNDIA;Multas e Juros - IPTU;SECRETARIA MUNICIPAL DE FINANÇAS;06;38686.77;42228.91
02;1112500201;2022;100;Recursos Não Vinculados de Impostos/ Recursos Ordinários;10;PREFEITURA MUNICIPAL DE UBERLÂNDIA;Multas e Juros - IPTU;SECRETARIA MUNICIPAL DE FINANÇAS;06;67573.46;74552.34
02;1112500201;2022;101;Receitas de Impostos e de Transferências de Impostos Vinculados à Educação;10;PREFEITURA MUNICIPAL DE UBERLÂNDIA;Multas e Juros - IPTU;SECRETARIA MUNICIPAL DE FINANÇAS;06;40038.98;55914.15
02;1112500201;2022;102;Receitas de Impostos e de Transferências de Impostos Vinculados à Saúde;10;PREFEITURA MUNICIPAL DE UBERLÂNDIA;Multas e Juros - IPTU;SECRETARIA MUNICIPAL DE FINANÇAS;06;48592.37;55914.15
02;1112500201;2022;100;Recursos Não Vinculados de Impostos/ Recursos Ordinários;11;PREFEITURA MUNICIPAL DE UBERLÂNDIA;Multas e Juros - IPTU;SECRETARIA MUNICIPAL DE FINANÇAS;06;66543.51;54828.98
02;1112500201;2022;101;Receitas de Impostos e de Transferências de Impostos Vinculados à Educação;11;PREFEITURA MUNICIPAL DE UBERLÂNDIA;Multas e Juros - IPTU;SECRETARIA MUNICIPAL DE FINANÇAS;06;39428.58;41121.66
02;1112500201;2022;102;Receitas de Impostos e de Transferências de Impostos Vinculados à Saúde;11;PREFEITURA MUNICIPAL DE UBERLÂNDIA;Multas e Juros - IPTU;SECRETARIA MUNICIPAL DE FINANÇAS;06;47852.25;41121.66
02;1112500201;2022;100;Recursos Não Vinculados de Impostos/ Recursos Ordinários;12;PREFEITURA MUNICIPAL DE UBERLÂNDIA;Multas e Juros - IPTU;SECRETARIA MUNICIPAL DE FINANÇAS;06;9142.34;26910.71
02;1112500201;2022;101;Receitas de Impostos e de Transferências de Impostos Vinculados à Educação;12;PREFEITURA MUNICIPAL DE UBERLÂNDIA;Multas e Juros - IPTU;SECRETARIA MUNICIPAL DE FINANÇAS;06;5415.96;20182.98
02;1112500201;2022;102;Receitas de Impostos e de Transferências de Impostos Vinculados à Saúde;12;PREFEITURA MUNICIPAL DE UBERLÂNDIA;Multas e Juros - IPTU;SECRETARIA MUNICIPAL DE FINANÇAS;06;6574.06;20182.98
02;1112500301;2022;100;Recursos Não Vinculados de Impostos/ Recursos Ordinários;1;PREFEITURA MUNICIPAL DE UBERLÂNDIA;IPTU - Dívida Ativa;SECRETARIA MUNICIPAL DE FINANÇAS;06;526568.17;791456.96
02;1112500301;2022;101;Receitas de Impostos e de Transferências de Impostos Vinculados à Educação;1;PREFEITURA MUNICIPAL DE UBERLÂNDIA;IPTU - Dívida Ativa;SECRETARIA MUNICIPAL DE FINANÇAS;06;433803.75;593592.89
02;1112500301;2022;102;Receitas de Impostos e de Transferências de Impostos Vinculados à Saúde;1;PREFEITURA MUNICIPAL DE UBERLÂNDIA;IPTU - Dívida Ativa;SECRETARIA MUNICIPAL DE FINANÇAS;06;732205.12;593592.89
02;1112500301;2022;100;Recursos Não Vinculados de Impostos/ Recursos Ordinários;2;PREFEITURA MUNICIPAL DE UBERLÂNDIA;IPTU - Dívida Ativa;SECRETARIA MUNICIPAL DE FINANÇAS;06;585480.37;626314.84
02;1112500301;2022;101;Receitas de Impostos e de Transferências de Impostos Vinculados à Educação;2;PREFEITURA MUNICIPAL DE UBERLÂNDIA;IPTU - Dívida Ativa;SECRETARIA MUNICIPAL DE FINANÇAS;06;482339.51;469736.26
02;1112500301;2022;102;Receitas de Impostos e de Transferências de Impostos Vinculados à Saúde;2;PREFEITURA MUNICIPAL DE UBERLÂNDIA;IPTU - Dívida Ativa;SECRETARIA MUNICIPAL DE FINANÇAS;06;814126.58;469736.26
02;1112500301;2022;100;Recursos Não Vinculados de Impostos/ Recursos Ordinários;3;PREFEITURA MUNICIPAL DE UBERLÂNDIA;IPTU - Dívida Ativa;SECRETARIA MUNICIPAL DE FINANÇAS;06;560263.52;598626.36
02;1112500301;2022;101;Receitas de Impostos e de Transferências de Impostos Vinculados à Educação;3;PREFEITURA MUNICIPAL DE UBERLÂNDIA;IPTU - Dívida Ativa;SECRETARIA MUNICIPAL DE FINANÇAS;06;461564.91;448969.90
02;1112500301;2022;102;Receitas de Impostos e de Transferências de Impostos Vinculados à Saúde;3;PREFEITURA MUNICIPAL DE UBERLÂNDIA;IPTU - Dívida Ativa;SECRETARIA MUNICIPAL DE FINANÇAS;06;779064.54;448969.90
02;1112500301;2022;100;Recursos Não Vinculados de Impostos/ Recursos Ordinários;4;PREFEITURA MUNICIPAL DE UBERLÂNDIA;IPTU - Dívida Ativa;SECRETARIA MUNICIPAL DE FINANÇAS;06;704808.40;610973.93
02;1112500301;2022;101;Receitas de Impostos e de Transferências de Impostos Vinculados à Educação;4;PREFEITURA MUNICIPAL DE UBERLÂNDIA;IPTU - Dívida Ativa;SECRETARIA MUNICIPAL DE FINANÇAS;06;417572.49;458230.58
02;1112500301;2022;102;Receitas de Impostos e de Transferências de Impostos Vinculados à Saúde;4;PREFEITURA MUNICIPAL DE UBERLÂNDIA;IPTU - Dívida Ativa;SECRETARIA MUNICIPAL DE FINANÇAS;06;506865.27;458230.58
02;1112500301;2022;100;Recursos Não Vinculados de Impostos/ Recursos Ordinários;5;PREFEITURA MUNICIPAL DE UBERLÂNDIA;IPTU - Dívida Ativa;SECRETARIA MUNICIPAL DE FINANÇAS;06;621365.82;498852.40
02;1112500301;2022;101;Receitas de Impostos e de Transferências de Impostos Vinculados à Educação;5;PREFEITURA MUNICIPAL DE UBERLÂNDIA;IPTU - Dívida Ativa;SECRETARIA MUNICIPAL DE FINANÇAS;06;368146.24;374139.41
02;1112500301;2022;102;Receitas de Impostos e de Transferências de Impostos Vinculados à Saúde;5;PREFEITURA MUNICIPAL DE UBERLÂNDIA;IPTU - Dívida Ativa;SECRETARIA MUNICIPAL DE FINANÇAS;06;446848.30;374139.41
02;1112500301;2022;100;Recursos Não Vinculados de Impostos/ Recursos Ordinários;6;PREFEITURA MUNICIPAL DE UBERLÂNDIA;IPTU - Dívida Ativa;SECRETARIA MUNICIPAL DE FINANÇAS;06;564219.48;438690.28
02;1112500301;2022;101;Receitas de Impostos e de Transferências de Impostos Vinculados à Educação;6;PREFEITURA MUNICIPAL DE UBERLÂNDIA;IPTU - Dívida Ativa;SECRETARIA MUNICIPAL DE FINANÇAS;06;334278.45;329017.80
02;1112500301;2022;102;Receitas de Impostos e de Transferências de Impostos Vinculados à Saúde;6;PREFEITURA MUNICIPAL DE UBERLÂNDIA;IPTU - Dívida Ativa;SECRETARIA MUNICIPAL DE FINANÇAS;06;405761.89;329017.80
02;1112500301;2022;100;Recursos Não Vinculados de Impostos/ Recursos Ordinários;7;PREFEITURA MUNICIPAL DE UBERLÂNDIA;IPTU - Dívida Ativa;SECRETARIA MUNICIPAL DE FINANÇAS;06;995109.23;309968.03
02;1112500301;2022;101;Receitas de Impostos e de Transferências de Impostos Vinculados à Educação;7;PREFEITURA MUNICIPAL DE UBERLÂNDIA;IPTU - Dívida Ativa;SECRETARIA MUNICIPAL DE FINANÇAS;06;589577.81;232476.09
02;1112500301;2022;102;Receitas de Impostos e de Transferências de Impostos Vinculados à Saúde;7;PREFEITURA MUNICIPAL DE UBERLÂNDIA;IPTU - Dívida Ativa;SECRETARIA MUNICIPAL DE FINANÇAS;06;715621.76;232476.09
02;1112500301;2022;100;Recursos Não Vinculados de Impostos/ Recursos Ordinários;8;PREFEITURA MUNICIPAL DE UBERLÂNDIA;IPTU - Dívida Ativa;SECRETARIA MUNICIPAL DE FINANÇAS;06;606652.84;258068.12
02;1112500301;2022;101;Receitas de Impostos e de Transferências de Impostos Vinculados à Educação;8;PREFEITURA MUNICIPAL DE UBERLÂNDIA;IPTU - Dívida Ativa;SECRETARIA MUNICIPAL DE FINANÇAS;06;359430.33;193551.15
02;1112500301;2022;102;Receitas de Impostos e de Transferências de Impostos Vinculados à Saúde;8;PREFEITURA MUNICIPAL DE UBERLÂNDIA;IPTU - Dívida Ativa;SECRETARIA MUNICIPAL DE FINANÇAS;06;436266.84;193551.15
02;1112500301;2022;100;Recursos Não Vinculados de Impostos/ Recursos Ordinários;9;PREFEITURA MUNICIPAL DE UBERLÂNDIA;IPTU - Dívida Ativa;SECRETARIA MUNICIPAL DE FINANÇAS;06;559271.83;247593.20
02;1112500301;2022;101;Receitas de Impostos e de Transferências de Impostos Vinculados à Educação;9;PREFEITURA MUNICIPAL DE UBERLÂNDIA;IPTU - Dívida Ativa;SECRETARIA MUNICIPAL DE FINANÇAS;06;331358.69;185694.95
02;1112500301;2022;102;Receitas de Impostos e de Transferências de Impostos Vinculados à Saúde;9;PREFEITURA MUNICIPAL DE UBERLÂNDIA;IPTU - Dívida Ativa;SECRETARIA MUNICIPAL DE FINANÇAS;06;402193.64;185694.95
02;1112500301;2022;100;Recursos Não Vinculados de Impostos/ Recursos Ordinários;10;PREFEITURA MUNICIPAL DE UBERLÂNDIA;IPTU - Dívida Ativa;SECRETARIA MUNICIPAL DE FINANÇAS;06;429695.73;300917.85
02;1112500301;2022;101;Receitas de Impostos e de Transferências de Impostos Vinculados à Educação;10;PREFEITURA MUNICIPAL DE UBERLÂNDIA;IPTU - Dívida Ativa;SECRETARIA MUNICIPAL DE FINANÇAS;06;254588.47;225688.45
02;1112500301;2022;102;Receitas de Impostos e de Transferências de Impostos Vinculados à Saúde;10;PREFEITURA MUNICIPAL DE UBERLÂNDIA;IPTU - Dívida Ativa;SECRETARIA MUNICIPAL DE FINANÇAS;06;309010.52;225688.45
02;1112500301;2022;100;Recursos Não Vinculados de Impostos/ Recursos Ordinários;11;PREFEITURA MUNICIPAL DE UBERLÂNDIA;IPTU - Dívida Ativa;SECRETARIA MUNICIPAL DE FINANÇAS;06;434535.65;387529.23
02;1112500301;2022;101;Receitas de Impostos e de Transferências de Impostos Vinculados à Educação;11;PREFEITURA MUNICIPAL DE UBERLÂNDIA;IPTU - Dívida Ativa;SECRETARIA MUNICIPAL DE FINANÇAS;06;257455.75;290647.00
02;1112500301;2022;102;Receitas de Impostos e de Transferências de Impostos Vinculados à Saúde;11;PREFEITURA MUNICIPAL DE UBERLÂNDIA;IPTU - Dívida Ativa;SECRETARIA MUNICIPAL DE FINANÇAS;06;312491.03;290647.00
02;1112500301;2022;100;Recursos Não Vinculados de Impostos/ Recursos Ordinários;12;PREFEITURA MUNICIPAL DE UBERLÂNDIA;IPTU - Dívida Ativa;SECRETARIA MUNICIPAL DE FINANÇAS;06;1167630.30;679593.80
02;1112500301;2022;101;Receitas de Impostos e de Transferências de Impostos Vinculados à Educação;12;PREFEITURA MUNICIPAL DE UBERLÂNDIA;IPTU - Dívida Ativa;SECRETARIA MUNICIPAL DE FINANÇAS;06;691769.24;509695.52
02;1112500301;2022;102;Receitas de Impostos e de Transferências de Impostos Vinculados à Saúde;12;PREFEITURA MUNICIPAL DE UBERLÂNDIA;IPTU - Dívida Ativa;SECRETARIA MUNICIPAL DE FINANÇAS;06;839678.66;509695.52
02;1112500401;2022;100;Recursos Não Vinculados de Impostos/ Recursos Ordinários;1;PREFEITURA MUNICIPAL DE UBERLÂNDIA;Dívida Ativa - Multas e Juros - IPTU;SECRETARIA MUNICIPAL DE FINANÇAS;06;176970.98;198836.62
02;1112500401;2022;101;Receitas de Impostos e de Transferências de Impostos Vinculados à Educação;1;PREFEITURA MUNICIPAL DE UBERLÂNDIA;Dívida Ativa - Multas e Juros - IPTU;SECRETARIA MUNICIPAL DE FINANÇAS;06;145787.78;149127.46
02;1112500401;2022;102;Receitas de Impostos e de Transferências de Impostos Vinculados à Saúde;1;PREFEITURA MUNICIPAL DE UBERLÂNDIA;Dívida Ativa - Multas e Juros - IPTU;SECRETARIA MUNICIPAL DE FINANÇAS;06;246072.77;149127.46
02;1112500401;2022;100;Recursos Não Vinculados de Impostos/ Recursos Ordinários;2;PREFEITURA MUNICIPAL DE UBERLÂNDIA;Dívida Ativa - Multas e Juros - IPTU;SECRETARIA MUNICIPAL DE FINANÇAS;06;204447.94;176876.15
02;1112500401;2022;101;Receitas de Impostos e de Transferências de Impostos Vinculados à Educação;2;PREFEITURA MUNICIPAL DE UBERLÂNDIA;Dívida Ativa - Multas e Juros - IPTU;SECRETARIA MUNICIPAL DE FINANÇAS;06;168425.48;132657.11
02;1112500401;2022;102;Receitas de Impostos e de Transferências de Impostos Vinculados à Saúde;2;PREFEITURA MUNICIPAL DE UBERLÂNDIA;Dívida Ativa - Multas e Juros - IPTU;SECRETARIA MUNICIPAL DE FINANÇAS;06;284282.02;132657.11
02;1112500401;2022;100;Recursos Não Vinculados de Impostos/ Recursos Ordinários;3;PREFEITURA MUNICIPAL DE UBERLÂNDIA;Dívida Ativa - Multas e Juros - IPTU;SECRETARIA MUNICIPAL DE FINANÇAS;06;201135.74;182254.23
02;1112500401;2022;101;Receitas de Impostos e de Transferências de Impostos Vinculados à Educação;3;PREFEITURA MUNICIPAL DE UBERLÂNDIA;Dívida Ativa - Multas e Juros - IPTU;SECRETARIA MUNICIPAL DE FINANÇAS;06;165697.15;136690.68
02;1112500401;2022;102;Receitas de Impostos e de Transferências de Impostos Vinculados à Saúde;3;PREFEITURA MUNICIPAL DE UBERLÂNDIA;Dívida Ativa - Multas e Juros - IPTU;SECRETARIA MUNICIPAL DE FINANÇAS;06;279679.58;136690.68
02;1112500401;2022;100;Recursos Não Vinculados de Impostos/ Recursos Ordinários;4;PREFEITURA MUNICIPAL DE UBERLÂNDIA;Dívida Ativa - Multas e Juros - IPTU;SECRETARIA MUNICIPAL DE FINANÇAS;06;301344.87;189553.74
02;1112500401;2022;101;Receitas de Impostos e de Transferências de Impostos Vinculados à Educação;4;PREFEITURA MUNICIPAL DE UBERLÂNDIA;Dívida Ativa - Multas e Juros - IPTU;SECRETARIA MUNICIPAL DE FINANÇAS;06;178534.49;142165.30
02;1112500401;2022;102;Receitas de Impostos e de Transferências de Impostos Vinculados à Saúde;4;PREFEITURA MUNICIPAL DE UBERLÂNDIA;Dívida Ativa - Multas e Juros - IPTU;SECRETARIA MUNICIPAL DE FINANÇAS;06;216718.50;142165.30
02;1112500401;2022;100;Recursos Não Vinculados de Impostos/ Recursos Ordinários;5;PREFEITURA MUNICIPAL DE UBERLÂNDIA;Dívida Ativa - Multas e Juros - IPTU;SECRETARIA MUNICIPAL DE FINANÇAS;06;231098.26;168865.83
02;1112500401;2022;101;Receitas de Impostos e de Transferências de Impostos Vinculados à Educação;5;PREFEITURA MUNICIPAL DE UBERLÂNDIA;Dívida Ativa - Multas e Juros - IPTU;SECRETARIA MUNICIPAL DE FINANÇAS;06;136926.89;126649.37
02;1112500401;2022;102;Receitas de Impostos e de Transferências de Impostos Vinculados à Saúde;5;PREFEITURA MUNICIPAL DE UBERLÂNDIA;Dívida Ativa - Multas e Juros - IPTU;SECRETARIA MUNICIPAL DE FINANÇAS;06;166191.06;126649.37
02;1112500401;2022;100;Recursos Não Vinculados de Impostos/ Recursos Ordinários;6;PREFEITURA MUNICIPAL DE UBERLÂNDIA;Dívida Ativa - Multas e Juros - IPTU;SECRETARIA MUNICIPAL DE FINANÇAS;06;133333.72;144755.47
02;1112500401;2022;101;Receitas de Impostos e de Transferências de Impostos Vinculados à Educação;6;PREFEITURA MUNICIPAL DE UBERLÂNDIA;Dívida Ativa - Multas e Juros - IPTU;SECRETARIA MUNICIPAL DE FINANÇAS;06;78994.13;108566.60
02;1112500401;2022;102;Receitas de Impostos e de Transferências de Impostos Vinculados à Saúde;6;PREFEITURA MUNICIPAL DE UBERLÂNDIA;Dívida Ativa - Multas e Juros - IPTU;SECRETARIA MUNICIPAL DE FINANÇAS;06;95894.48;108566.60
02;1112500401;2022;100;Recursos Não Vinculados de Impostos/ Recursos Ordinários;7;PREFEITURA MUNICIPAL DE UBERLÂNDIA;Dívida Ativa - Multas e Juros - IPTU;SECRETARIA MUNICIPAL DE FINANÇAS;06;223390.56;99691.92
02;1112500401;2022;101;Receitas de Impostos e de Transferências de Impostos Vinculados à Educação;7;PREFEITURA MUNICIPAL DE UBERLÂNDIA;Dívida Ativa - Multas e Juros - IPTU;SECRETARIA MUNICIPAL DE FINANÇAS;06;132361.19;74768.94
02;1112500401;2022;102;Receitas de Impostos e de Transferências de Impostos Vinculados à Saúde;7;PREFEITURA MUNICIPAL DE UBERLÂNDIA;Dívida Ativa - Multas e Juros - IPTU;SECRETARIA MUNICIPAL DE FINANÇAS;06;160648.29;74768.94
02;1112500401;2022;100;Recursos Não Vinculados de Impostos/ Recursos Ordinários;8;PREFEITURA MUNICIPAL DE UBERLÂNDIA;Dívida Ativa - Multas e Juros - IPTU;SECRETARIA MUNICIPAL DE FINANÇAS;06;273510.19;89852.50
02;1112500401;2022;101;Receitas de Impostos e de Transferências de Impostos Vinculados à Educação;8;PREFEITURA MUNICIPAL DE UBERLÂNDIA;Dívida Ativa - Multas e Juros - IPTU;SECRETARIA MUNICIPAL DE FINANÇAS;06;162055.09;67389.37
02;1112500401;2022;102;Receitas de Impostos e de Transferências de Impostos Vinculados à Saúde;8;PREFEITURA MUNICIPAL DE UBERLÂNDIA;Dívida Ativa - Multas e Juros - IPTU;SECRETARIA MUNICIPAL DE FINANÇAS;06;196691.12;67389.37
02;1112500401;2022;100;Recursos Não Vinculados de Impostos/ Recursos Ordinários;9;PREFEITURA MUNICIPAL DE UBERLÂNDIA;Dívida Ativa - Multas e Juros - IPTU;SECRETARIA MUNICIPAL DE FINANÇAS;06;290692.22;84083.24
02;1112500401;2022;101;Receitas de Impostos e de Transferências de Impostos Vinculados à Educação;9;PREFEITURA MUNICIPAL DE UBERLÂNDIA;Dívida Ativa - Multas e Juros - IPTU;SECRETARIA MUNICIPAL DE FINANÇAS;06;172234.81;63062.43
02;1112500401;2022;102;Receitas de Impostos e de Transferências de Impostos Vinculados à Saúde;9;PREFEITURA MUNICIPAL DE UBERLÂNDIA;Dívida Ativa - Multas e Juros - IPTU;SECRETARIA MUNICIPAL DE FINANÇAS;06;209047.36;63062.43
02;1112500401;2022;100;Recursos Não Vinculados de Impostos/ Recursos Ordinários;10;PREFEITURA MUNICIPAL DE UBERLÂNDIA;Dívida Ativa - Multas e Juros - IPTU;SECRETARIA MUNICIPAL DE FINANÇAS;06;204202.37;105587.04
02;1112500401;2022;101;Receitas de Impostos e de Transferências de Impostos Vinculados à Educação;10;PREFEITURA MUNICIPAL DE UBERLÂNDIA;Dívida Ativa - Multas e Juros - IPTU;SECRETARIA MUNICIPAL DE FINANÇAS;06;120991.55;79190.28
02;1112500401;2022;102;Receitas de Impostos e de Transferências de Impostos Vinculados à Saúde;10;PREFEITURA MUNICIPAL DE UBERLÂNDIA;Dívida Ativa - Multas e Juros - IPTU;SECRETARIA MUNICIPAL DE FINANÇAS;06;146849.00;79190.28
02;1112500401;2022;100;Recursos Não Vinculados de Impostos/ Recursos Ordinários;11;PREFEITURA MUNICIPAL DE UBERLÂNDIA;Dívida Ativa - Multas e Juros - IPTU;SECRETARIA MUNICIPAL DE FINANÇAS;06;171513.39;108448.83
02;1112500401;2022;101;Receitas de Impostos e de Transferências de Impostos Vinculados à Educação;11;PREFEITURA MUNICIPAL DE UBERLÂNDIA;Dívida Ativa - Multas e Juros - IPTU;SECRETARIA MUNICIPAL DE FINANÇAS;06;101624.39;81336.62
02;1112500401;2022;102;Receitas de Impostos e de Transferências de Impostos Vinculados à Saúde;11;PREFEITURA MUNICIPAL DE UBERLÂNDIA;Dívida Ativa - Multas e Juros - IPTU;SECRETARIA MUNICIPAL DE FINANÇAS;06;123341.28;81336.62
02;1112500401;2022;100;Recursos Não Vinculados de Impostos/ Recursos Ordinários;12;PREFEITURA MUNICIPAL DE UBERLÂNDIA;Dívida Ativa - Multas e Juros - IPTU;SECRETARIA MUNICIPAL DE FINANÇAS;06;392835.42;171602.43
02;1112500401;2022;101;Receitas de Impostos e de Transferências de Impostos Vinculados à Educação;12;PREFEITURA MUNICIPAL DE UBERLÂNDIA;Dívida Ativa - Multas e Juros - IPTU;SECRETARIA MUNICIPAL DE FINANÇAS;06;232730.95;128701.84
02;1112500401;2022;102;Receitas de Impostos e de Transferências de Impostos Vinculados à Saúde;12;PREFEITURA MUNICIPAL DE UBERLÂNDIA;Dívida Ativa - Multas e Juros - IPTU;SECRETARIA MUNICIPAL DE FINANÇAS;06;282492.44;128701.84
02;1112530101;2022;100;Recursos Não Vinculados de Impostos/ Recursos Ordinários;1;PREFEITURA MUNICIPAL DE UBERLÂNDIA;Imp s/ Trans Inter Vivos Bens Imov e Dir Reais - I;SECRETARIA MUNICIPAL DE FINANÇAS;06;2688013.83;5174061.22
02;1112530101;2022;101;Receitas de Impostos e de Transferências de Impostos Vinculados à Educação;1;PREFEITURA MUNICIPAL DE UBERLÂNDIA;Imp s/ Trans Inter Vivos Bens Imov e Dir Reais - I;SECRETARIA MUNICIPAL DE FINANÇAS;06;2214520.64;2874478.46
02;1112530101;2022;102;Receitas de Impostos e de Transferências de Impostos Vinculados à Saúde;1;PREFEITURA MUNICIPAL DE UBERLÂNDIA;Imp s/ Trans Inter Vivos Bens Imov e Dir Reais - I;SECRETARIA MUNICIPAL DE FINANÇAS;06;3737814.14;3449374.15
02;1112530101;2022;100;Recursos Não Vinculados de Impostos/ Recursos Ordinários;2;PREFEITURA MUNICIPAL DE UBERLÂNDIA;Imp s/ Trans Inter Vivos Bens Imov e Dir Reais - I;SECRETARIA MUNICIPAL DE FINANÇAS;06;2251338.39;4523746.51
02;1112530101;2022;101;Receitas de Impostos e de Transferências de Impostos Vinculados à Educação;2;PREFEITURA MUNICIPAL DE UBERLÂNDIA;Imp s/ Trans Inter Vivos Bens Imov e Dir Reais - I;SECRETARIA MUNICIPAL DE FINANÇAS;06;1854765.20;2513192.51
02;1112530101;2022;102;Receitas de Impostos e de Transferências de Impostos Vinculados à Saúde;2;PREFEITURA MUNICIPAL DE UBERLÂNDIA;Imp s/ Trans Inter Vivos Bens Imov e Dir Reais - I;SECRETARIA MUNICIPAL DE FINANÇAS;06;3130595.15;3015831.01
02;1112530101;2022;100;Recursos Não Vinculados de Impostos/ Recursos Ordinários;3;PREFEITURA MUNICIPAL DE UBERLÂNDIA;Imp s/ Trans Inter Vivos Bens Imov e Dir Reais - I;SECRETARIA MUNICIPAL DE FINANÇAS;06;3037111.38;5118140.21
02;1112530101;2022;101;Receitas de Impostos e de Transferências de Impostos Vinculados à Educação;3;PREFEITURA MUNICIPAL DE UBERLÂNDIA;Imp s/ Trans Inter Vivos Bens Imov e Dir Reais - I;SECRETARIA MUNICIPAL DE FINANÇAS;06;2502125.16;2843411.23
02;1112530101;2022;102;Receitas de Impostos e de Transferências de Impostos Vinculados à Saúde;3;PREFEITURA MUNICIPAL DE UBERLÂNDIA;Imp s/ Trans Inter Vivos Bens Imov e Dir Reais - I;SECRETARIA MUNICIPAL DE FINANÇAS;06;4223252.34;3412093.47
02;1112530101;2022;100;Recursos Não Vinculados de Impostos/ Recursos Ordinários;4;PREFEITURA MUNICIPAL DE UBERLÂNDIA;Imp s/ Trans Inter Vivos Bens Imov e Dir Reais - I;SECRETARIA MUNICIPAL DE FINANÇAS;06;3830820.02;5137780.61
02;1112530101;2022;101;Receitas de Impostos e de Transferências de Impostos Vinculados à Educação;4;PREFEITURA MUNICIPAL DE UBERLÂNDIA;Imp s/ Trans Inter Vivos Bens Imov e Dir Reais - I;SECRETARIA MUNICIPAL DE FINANÇAS;06;2269623.24;2854322.56
02;1112530101;2022;102;Receitas de Impostos e de Transferências de Impostos Vinculados à Saúde;4;PREFEITURA MUNICIPAL DE UBERLÂNDIA;Imp s/ Trans Inter Vivos Bens Imov e Dir Reais - I;SECRETARIA MUNICIPAL DE FINANÇAS;06;2754898.19;3425187.08
02;1112530101;2022;100;Recursos Não Vinculados de Impostos/ Recursos Ordinários;5;PREFEITURA MUNICIPAL DE UBERLÂNDIA;Imp s/ Trans Inter Vivos Bens Imov e Dir Reais - I;SECRETARIA MUNICIPAL DE FINANÇAS;06;5022044.52;6143726.08
02;1112530101;2022;101;Receitas de Impostos e de Transferências de Impostos Vinculados à Educação;5;PREFEITURA MUNICIPAL DE UBERLÂNDIA;Imp s/ Trans Inter Vivos Bens Imov e Dir Reais - I;SECRETARIA MUNICIPAL DE FINANÇAS;06;2975383.58;3413181.16
02;1112530101;2022;102;Receitas de Impostos e de Transferências de Impostos Vinculados à Saúde;5;PREFEITURA MUNICIPAL DE UBERLÂNDIA;Imp s/ Trans Inter Vivos Bens Imov e Dir Reais - I;SECRETARIA MUNICIPAL DE FINANÇAS;06;3611553.27;4095817.39
02;1112530101;2022;100;Recursos Não Vinculados de Impostos/ Recursos Ordinários;6;PREFEITURA MUNICIPAL DE UBERLÂNDIA;Imp s/ Trans Inter Vivos Bens Imov e Dir Reais - I;SECRETARIA MUNICIPAL DE FINANÇAS;06;3762593.96;5854164.36
02;1112530101;2022;101;Receitas de Impostos e de Transferências de Impostos Vinculados à Educação;6;PREFEITURA MUNICIPAL DE UBERLÂNDIA;Imp s/ Trans Inter Vivos Bens Imov e Dir Reais - I;SECRETARIA MUNICIPAL DE FINANÇAS;06;2229201.86;3252313.53
02;1112530101;2022;102;Receitas de Impostos e de Transferências de Impostos Vinculados à Saúde;6;PREFEITURA MUNICIPAL DE UBERLÂNDIA;Imp s/ Trans Inter Vivos Bens Imov e Dir Reais - I;SECRETARIA MUNICIPAL DE FINANÇAS;06;2705834.02;3902776.24
02;1112530101;2022;100;Recursos Não Vinculados de Impostos/ Recursos Ordinários;7;PREFEITURA MUNICIPAL DE UBERLÂNDIA;Imp s/ Trans Inter Vivos Bens Imov e Dir Reais - I;SECRETARIA MUNICIPAL DE FINANÇAS;06;4325546.68;4338674.59
02;1112530101;2022;101;Receitas de Impostos e de Transferências de Impostos Vinculados à Educação;7;PREFEITURA MUNICIPAL DE UBERLÂNDIA;Imp s/ Trans Inter Vivos Bens Imov e Dir Reais - I;SECRETARIA MUNICIPAL DE FINANÇAS;06;2562733.35;2410374.77
02;1112530101;2022;102;Receitas de Impostos e de Transferências de Impostos Vinculados à Saúde;7;PREFEITURA MUNICIPAL DE UBERLÂNDIA;Imp s/ Trans Inter Vivos Bens Imov e Dir Reais - I;SECRETARIA MUNICIPAL DE FINANÇAS;06;3110673.70;2892449.72
02;1112530101;2022;100;Recursos Não Vinculados de Impostos/ Recursos Ordinários;8;PREFEITURA MUNICIPAL DE UBERLÂNDIA;Imp s/ Trans Inter Vivos Bens Imov e Dir Reais - I;SECRETARIA MUNICIPAL DE FINANÇAS;06;4702282.34;3866627.37
02;1112530101;2022;101;Receitas de Impostos e de Transferências de Impostos Vinculados à Educação;8;PREFEITURA MUNICIPAL DE UBERLÂNDIA;Imp s/ Trans Inter Vivos Bens Imov e Dir Reais - I;SECRETARIA MUNICIPAL DE FINANÇAS;06;2785935.80;2148126.32
02;1112530101;2022;102;Receitas de Impostos e de Transferências de Impostos Vinculados à Saúde;8;PREFEITURA MUNICIPAL DE UBERLÂNDIA;Imp s/ Trans Inter Vivos Bens Imov e Dir Reais - I;SECRETARIA MUNICIPAL DE FINANÇAS;06;3381599.44;2577751.58
02;1112530101;2022;100;Recursos Não Vinculados de Impostos/ Recursos Ordinários;9;PREFEITURA MUNICIPAL DE UBERLÂNDIA;Imp s/ Trans Inter Vivos Bens Imov e Dir Reais - I;SECRETARIA MUNICIPAL DE FINANÇAS;06;4624198.02;4659506.96
02;1112530101;2022;101;Receitas de Impostos e de Transferências de Impostos Vinculados à Educação;9;PREFEITURA MUNICIPAL DE UBERLÂNDIA;Imp s/ Trans Inter Vivos Bens Imov e Dir Reais - I;SECRETARIA MUNICIPAL DE FINANÇAS;06;2739673.47;2588614.98
02;1112530101;2022;102;Receitas de Impostos e de Transferências de Impostos Vinculados à Saúde;9;PREFEITURA MUNICIPAL DE UBERLÂNDIA;Imp s/ Trans Inter Vivos Bens Imov e Dir Reais - I;SECRETARIA MUNICIPAL DE FINANÇAS;06;3325445.94;3106337.97
02;1112530101;2022;100;Recursos Não Vinculados de Impostos/ Recursos Ordinários;10;PREFEITURA MUNICIPAL DE UBERLÂNDIA;Imp s/ Trans Inter Vivos Bens Imov e Dir Reais - I;SECRETARIA MUNICIPAL DE FINANÇAS;06;6364708.95;5309069.18
02;1112530101;2022;101;Receitas de Impostos e de Transferências de Impostos Vinculados à Educação;10;PREFEITURA MUNICIPAL DE UBERLÂNDIA;Imp s/ Trans Inter Vivos Bens Imov e Dir Reais - I;SECRETARIA MUNICIPAL DE FINANÇAS;06;3770863.76;2949482.88
02;1112530101;2022;102;Receitas de Impostos e de Transferências de Impostos Vinculados à Saúde;10;PREFEITURA MUNICIPAL DE UBERLÂNDIA;Imp s/ Trans Inter Vivos Bens Imov e Dir Reais - I;SECRETARIA MUNICIPAL DE FINANÇAS;06;4577117.13;3539379.45
02;1112530101;2022;100;Recursos Não Vinculados de Impostos/ Recursos Ordinários;11;PREFEITURA MUNICIPAL DE UBERLÂNDIA;Imp s/ Trans Inter Vivos Bens Imov e Dir Reais - I;SECRETARIA MUNICIPAL DE FINANÇAS;06;5171826.01;4394103.48
02;1112530101;2022;101;Receitas de Impostos e de Transferências de Impostos Vinculados à Educação;11;PREFEITURA MUNICIPAL DE UBERLÂNDIA;Imp s/ Trans Inter Vivos Bens Imov e Dir Reais - I;SECRETARIA MUNICIPAL DE FINANÇAS;06;3064123.35;2441168.60
02;1112530101;2022;102;Receitas de Impostos e de Transferências de Impostos Vinculados à Saúde;11;PREFEITURA MUNICIPAL DE UBERLÂNDIA;Imp s/ Trans Inter Vivos Bens Imov e Dir Reais - I;SECRETARIA MUNICIPAL DE FINANÇAS;06;3719267.14;2929402.32
02;1112530101;2022;100;Recursos Não Vinculados de Impostos/ Recursos Ordinários;12;PREFEITURA MUNICIPAL DE UBERLÂNDIA;Imp s/ Trans Inter Vivos Bens Imov e Dir Reais - I;SECRETARIA MUNICIPAL DE FINANÇAS;06;5220776.90;4957052.43
02;1112530101;2022;101;Receitas de Impostos e de Transferências de Impostos Vinculados à Educação;12;PREFEITURA MUNICIPAL DE UBERLÂNDIA;Imp s/ Trans Inter Vivos Bens Imov e Dir Reais - I;SECRETARIA MUNICIPAL DE FINANÇAS;06;3093121.48;2753918.00
02;1112530101;2022;102;Receitas de Impostos e de Transferências de Impostos Vinculados à Saúde;12;PREFEITURA MUNICIPAL DE UBERLÂNDIA;Imp s/ Trans Inter Vivos Bens Imov e Dir Reais - I;SECRETARIA MUNICIPAL DE FINANÇAS;06;3754467.96;3304701.62
02;1112530201;2022;100;Recursos Não Vinculados de Impostos/ Recursos Ordinários;1;PREFEITURA MUNICIPAL DE UBERLÂNDIA;Multas e Juros - ITBI;SECRETARIA MUNICIPAL DE FINANÇAS;06;0.00;15.66
02;1112530201;2022;101;Receitas de Impostos e de Transferências de Impostos Vinculados à Educação;1;PREFEITURA MUNICIPAL DE UBERLÂNDIA;Multas e Juros - ITBI;SECRETARIA MUNICIPAL DE FINANÇAS;06;0.00;11.75
02;1112530201;2022;102;Receitas de Impostos e de Transferências de Impostos Vinculados à Saúde;1;PREFEITURA MUNICIPAL DE UBERLÂNDIA;Multas e Juros - ITBI;SECRETARIA MUNICIPAL DE FINANÇAS;06;0.00;11.75
02;1112530201;2022;100;Recursos Não Vinculados de Impostos/ Recursos Ordinários;2;PREFEITURA MUNICIPAL DE UBERLÂNDIA;Multas e Juros - ITBI;SECRETARIA MUNICIPAL DE FINANÇAS;06;11.12;94.79
02;1112530201;2022;101;Receitas de Impostos e de Transferências de Impostos Vinculados à Educação;2;PREFEITURA MUNICIPAL DE UBERLÂNDIA;Multas e Juros - ITBI;SECRETARIA MUNICIPAL DE FINANÇAS;06;9.14;71.10
02;1112530201;2022;102;Receitas de Impostos e de Transferências de Impostos Vinculados à Saúde;2;PREFEITURA MUNICIPAL DE UBERLÂNDIA;Multas e Juros - ITBI;SECRETARIA MUNICIPAL DE FINANÇAS;06;15.43;71.10
02;1112530201;2022;100;Recursos Não Vinculados de Impostos/ Recursos Ordinários;3;PREFEITURA MUNICIPAL DE UBERLÂNDIA;Multas e Juros - ITBI;SECRETARIA MUNICIPAL DE FINANÇAS;06;4.68;5102.90
02;1112530201;2022;101;Receitas de Impostos e de Transferências de Impostos Vinculados à Educação;3;PREFEITURA MUNICIPAL DE UBERLÂNDIA;Multas e Juros - ITBI;SECRETARIA MUNICIPAL DE FINANÇAS;06;3.86;3827.59
02;1112530201;2022;102;Receitas de Impostos e de Transferências de Impostos Vinculados à Saúde;3;PREFEITURA MUNICIPAL DE UBERLÂNDIA;Multas e Juros - ITBI;SECRETARIA MUNICIPAL DE FINANÇAS;06;6.53;3827.59
02;1112530201;2022;100;Recursos Não Vinculados de Impostos/ Recursos Ordinários;4;PREFEITURA MUNICIPAL DE UBERLÂNDIA;Multas e Juros - ITBI;SECRETARIA MUNICIPAL DE FINANÇAS;06;11.04;5.31
02;1112530201;2022;101;Receitas de Impostos e de Transferências de Impostos Vinculados à Educação;4;PREFEITURA MUNICIPAL DE UBERLÂNDIA;Multas e Juros - ITBI;SECRETARIA MUNICIPAL DE FINANÇAS;06;6.45;3.98
02;1112530201;2022;102;Receitas de Impostos e de Transferências de Impostos Vinculados à Saúde;4;PREFEITURA MUNICIPAL DE UBERLÂNDIA;Multas e Juros - ITBI;SECRETARIA MUNICIPAL DE FINANÇAS;06;7.84;3.98
02;1112530201;2022;100;Recursos Não Vinculados de Impostos/ Recursos Ordinários;5;PREFEITURA MUNICIPAL DE UBERLÂNDIA;Multas e Juros - ITBI;SECRETARIA MUNICIPAL DE FINANÇAS;06;230.97;108.78
02;1112530201;2022;101;Receitas de Impostos e de Transferências de Impostos Vinculados à Educação;5;PREFEITURA MUNICIPAL DE UBERLÂNDIA;Multas e Juros - ITBI;SECRETARIA MUNICIPAL DE FINANÇAS;06;136.85;81.59
02;1112530201;2022;102;Receitas de Impostos e de Transferências de Impostos Vinculados à Saúde;5;PREFEITURA MUNICIPAL DE UBERLÂNDIA;Multas e Juros - ITBI;SECRETARIA MUNICIPAL DE FINANÇAS;06;166.09;81.59
02;1112530201;2022;100;Recursos Não Vinculados de Impostos/ Recursos Ordinários;6;PREFEITURA MUNICIPAL DE UBERLÂNDIA;Multas e Juros - ITBI;SECRETARIA MUNICIPAL DE FINANÇAS;06;0.18;58.40
02;1112530201;2022;101;Receitas de Impostos e de Transferências de Impostos Vinculados à Educação;6;PREFEITURA MUNICIPAL DE UBERLÂNDIA;Multas e Juros - ITBI;SECRETARIA MUNICIPAL DE FINANÇAS;06;0.07;43.81
02;1112530201;2022;102;Receitas de Impostos e de Transferências de Impostos Vinculados à Saúde;6;PREFEITURA MUNICIPAL DE UBERLÂNDIA;Multas e Juros - ITBI;SECRETARIA MUNICIPAL DE FINANÇAS;06;0.05;43.81
02;1112530201;2022;100;Recursos Não Vinculados de Impostos/ Recursos Ordinários;7;PREFEITURA MUNICIPAL DE UBERLÂNDIA;Multas e Juros - ITBI;SECRETARIA MUNICIPAL DE FINANÇAS;06;0.00;538.96
02;1112530201;2022;101;Receitas de Impostos e de Transferências de Impostos Vinculados à Educação;7;PREFEITURA MUNICIPAL DE UBERLÂNDIA;Multas e Juros - ITBI;SECRETARIA MUNICIPAL DE FINANÇAS;06;0.00;404.26
02;1112530201;2022;102;Receitas de Impostos e de Transferências de Impostos Vinculados à Saúde;7;PREFEITURA MUNICIPAL DE UBERLÂNDIA;Multas e Juros - ITBI;SECRETARIA MUNICIPAL DE FINANÇAS;06;0.00;404.26
02;1112530201;2022;100;Recursos Não Vinculados de Impostos/ Recursos Ordinários;8;PREFEITURA MUNICIPAL DE UBERLÂNDIA;Multas e Juros - ITBI;SECRETARIA MUNICIPAL DE FINANÇAS;06;0.00;258.82
02;1112530201;2022;101;Receitas de Impostos e de Transferências de Impostos Vinculados à Educação;8;PREFEITURA MUNICIPAL DE UBERLÂNDIA;Multas e Juros - ITBI;SECRETARIA MUNICIPAL DE FINANÇAS;06;0.00;194.13
02;1112530201;2022;102;Receitas de Impostos e de Transferências de Impostos Vinculados à Saúde;8;PREFEITURA MUNICIPAL DE UBERLÂNDIA;Multas e Juros - ITBI;SECRETARIA MUNICIPAL DE FINANÇAS;06;0.00;194.13
02;1112530201;2022;100;Recursos Não Vinculados de Impostos/ Recursos Ordinários;9;PREFEITURA MUNICIPAL DE UBERLÂNDIA;Multas e Juros - ITBI;SECRETARIA MUNICIPAL DE FINANÇAS;06;3.44;46.68
02;1112530201;2022;101;Receitas de Impostos e de Transferências de Impostos Vinculados à Educação;9;PREFEITURA MUNICIPAL DE UBERLÂNDIA;Multas e Juros - ITBI;SECRETARIA MUNICIPAL DE FINANÇAS;06;2.05;35.02
02;1112530201;2022;102;Receitas de Impostos e de Transferências de Impostos Vinculados à Saúde;9;PREFEITURA MUNICIPAL DE UBERLÂNDIA;Multas e Juros - ITBI;SECRETARIA MUNICIPAL DE FINANÇAS;06;2.47;35.02
02;1112530201;2022;100;Recursos Não Vinculados de Impostos/ Recursos Ordinários;10;PREFEITURA MUNICIPAL DE UBERLÂNDIA;Multas e Juros - ITBI;SECRETARIA MUNICIPAL DE FINANÇAS;06;0.00;4.80
02;1112530201;2022;101;Receitas de Impostos e de Transferências de Impostos Vinculados à Educação;10;PREFEITURA MUNICIPAL DE UBERLÂNDIA;Multas e Juros - ITBI;SECRETARIA MUNICIPAL DE FINANÇAS;06;0.00;3.60
02;1112530201;2022;102;Receitas de Impostos e de Transferências de Impostos Vinculados à Saúde;10;PREFEITURA MUNICIPAL DE UBERLÂNDIA;Multas e Juros - ITBI;SECRETARIA MUNICIPAL DE FINANÇAS;06;0.00;3.60
02;1112530201;2022;100;Recursos Não Vinculados de Impostos/ Recursos Ordinários;11;PREFEITURA MUNICIPAL DE UBERLÂNDIA;Multas e Juros - ITBI;SECRETARIA MUNICIPAL DE FINANÇAS;06;0.00;0.00
02;1112530201;2022;101;Receitas de Impostos e de Transferências de Impostos Vinculados à Educação;11;PREFEITURA MUNICIPAL DE UBERLÂNDIA;Multas e Juros - ITBI;SECRETARIA MUNICIPAL DE FINANÇAS;06;0.00;0.00
02;1112530201;2022;102;Receitas de Impostos e de Transferências de Impostos Vinculados à Saúde;11;PREFEITURA MUNICIPAL DE UBERLÂNDIA;Multas e Juros - ITBI;SECRETARIA MUNICIPAL DE FINANÇAS;06;0.00;0.00
02;1112530201;2022;100;Recursos Não Vinculados de Impostos/ Recursos Ordinários;12;PREFEITURA MUNICIPAL DE UBERLÂNDIA;Multas e Juros - ITBI;SECRETARIA MUNICIPAL DE FINANÇAS;06;696.59;10.90
02;1112530201;2022;101;Receitas de Impostos e de Transferências de Impostos Vinculados à Educação;12;PREFEITURA MUNICIPAL DE UBERLÂNDIA;Multas e Juros - ITBI;SECRETARIA MUNICIPAL DE FINANÇAS;06;412.69;8.17
02;1112530201;2022;102;Receitas de Impostos e de Transferências de Impostos Vinculados à Saúde;12;PREFEITURA MUNICIPAL DE UBERLÂNDIA;Multas e Juros - ITBI;SECRETARIA MUNICIPAL DE FINANÇAS;06;500.92;8.17
02;1112530301;2022;100;Recursos Não Vinculados de Impostos/ Recursos Ordinários;1;PREFEITURA MUNICIPAL DE UBERLÂNDIA;ITBI - Dívida Ativa;SECRETARIA MUNICIPAL DE FINANÇAS;06;584.92;4914.34
02;1112530301;2022;101;Receitas de Impostos e de Transferências de Impostos Vinculados à Educação;1;PREFEITURA MUNICIPAL DE UBERLÂNDIA;ITBI - Dívida Ativa;SECRETARIA MUNICIPAL DE FINANÇAS;06;481.83;3685.59
02;1112530301;2022;102;Receitas de Impostos e de Transferências de Impostos Vinculados à Saúde;1;PREFEITURA MUNICIPAL DE UBERLÂNDIA;ITBI - Dívida Ativa;SECRETARIA MUNICIPAL DE FINANÇAS;06;813.27;3685.59
02;1112530301;2022;100;Recursos Não Vinculados de Impostos/ Recursos Ordinários;2;PREFEITURA MUNICIPAL DE UBERLÂNDIA;ITBI - Dívida Ativa;SECRETARIA MUNICIPAL DE FINANÇAS;06;3169.38;714.05
02;1112530301;2022;101;Receitas de Impostos e de Transferências de Impostos Vinculados à Educação;2;PREFEITURA MUNICIPAL DE UBERLÂNDIA;ITBI - Dívida Ativa;SECRETARIA MUNICIPAL DE FINANÇAS;06;2611.04;535.51
02;1112530301;2022;102;Receitas de Impostos e de Transferências de Impostos Vinculados à Saúde;2;PREFEITURA MUNICIPAL DE UBERLÂNDIA;ITBI - Dívida Ativa;SECRETARIA MUNICIPAL DE FINANÇAS;06;4407.07;535.51
02;1112530301;2022;100;Recursos Não Vinculados de Impostos/ Recursos Ordinários;3;PREFEITURA MUNICIPAL DE UBERLÂNDIA;ITBI - Dívida Ativa;SECRETARIA MUNICIPAL DE FINANÇAS;06;608.03;1861.37
02;1112530301;2022;101;Receitas de Impostos e de Transferências de Impostos Vinculados à Educação;3;PREFEITURA MUNICIPAL DE UBERLÂNDIA;ITBI - Dívida Ativa;SECRETARIA MUNICIPAL DE FINANÇAS;06;500.89;1395.97
02;1112530301;2022;102;Receitas de Impostos e de Transferências de Impostos Vinculados à Saúde;3;PREFEITURA MUNICIPAL DE UBERLÂNDIA;ITBI - Dívida Ativa;SECRETARIA MUNICIPAL DE FINANÇAS;06;845.47;1395.97
02;1112530301;2022;100;Recursos Não Vinculados de Impostos/ Recursos Ordinários;4;PREFEITURA MUNICIPAL DE UBERLÂNDIA;ITBI - Dívida Ativa;SECRETARIA MUNICIPAL DE FINANÇAS;06;878.88;964.89
02;1112530301;2022;101;Receitas de Impostos e de Transferências de Impostos Vinculados à Educação;4;PREFEITURA MUNICIPAL DE UBERLÂNDIA;ITBI - Dívida Ativa;SECRETARIA MUNICIPAL DE FINANÇAS;06;520.68;723.63
02;1112530301;2022;102;Receitas de Impostos e de Transferências de Impostos Vinculados à Saúde;4;PREFEITURA MUNICIPAL DE UBERLÂNDIA;ITBI - Dívida Ativa;SECRETARIA MUNICIPAL DE FINANÇAS;06;632.12;723.63
02;1112530301;2022;100;Recursos Não Vinculados de Impostos/ Recursos Ordinários;5;PREFEITURA MUNICIPAL DE UBERLÂNDIA;ITBI - Dívida Ativa;SECRETARIA MUNICIPAL DE FINANÇAS;06;1922.41;1182.20
02;1112530301;2022;101;Receitas de Impostos e de Transferências de Impostos Vinculados à Educação;5;PREFEITURA MUNICIPAL DE UBERLÂNDIA;ITBI - Dívida Ativa;SECRETARIA MUNICIPAL DE FINANÇAS;06;1139.04;886.61
02;1112530301;2022;102;Receitas de Impostos e de Transferências de Impostos Vinculados à Saúde;5;PREFEITURA MUNICIPAL DE UBERLÂNDIA;ITBI - Dívida Ativa;SECRETARIA MUNICIPAL DE FINANÇAS;06;1382.48;886.61
02;1112530301;2022;100;Recursos Não Vinculados de Impostos/ Recursos Ordinários;6;PREFEITURA MUNICIPAL DE UBERLÂNDIA;ITBI - Dívida Ativa;SECRETARIA MUNICIPAL DE FINANÇAS;06;603.28;344.18
02;1112530301;2022;101;Receitas de Impostos e de Transferências de Impostos Vinculados à Educação;6;PREFEITURA MUNICIPAL DE UBERLÂNDIA;ITBI - Dívida Ativa;SECRETARIA MUNICIPAL DE FINANÇAS;06;357.41;258.12
02;1112530301;2022;102;Receitas de Impostos e de Transferências de Impostos Vinculados à Saúde;6;PREFEITURA MUNICIPAL DE UBERLÂNDIA;ITBI - Dívida Ativa;SECRETARIA MUNICIPAL DE FINANÇAS;06;433.89;258.12
02;1112530301;2022;100;Recursos Não Vinculados de Impostos/ Recursos Ordinários;7;PREFEITURA MUNICIPAL DE UBERLÂNDIA;ITBI - Dívida Ativa;SECRETARIA MUNICIPAL DE FINANÇAS;06;14749.80;768.28
02;1112530301;2022;101;Receitas de Impostos e de Transferências de Impostos Vinculados à Educação;7;PREFEITURA MUNICIPAL DE UBERLÂNDIA;ITBI - Dívida Ativa;SECRETARIA MUNICIPAL DE FINANÇAS;06;8738.82;576.19
02;1112530301;2022;102;Receitas de Impostos e de Transferências de Impostos Vinculados à Saúde;7;PREFEITURA MUNICIPAL DE UBERLÂNDIA;ITBI - Dívida Ativa;SECRETARIA MUNICIPAL DE FINANÇAS;06;10607.16;576.19
02;1112530301;2022;100;Recursos Não Vinculados de Impostos/ Recursos Ordinários;8;PREFEITURA MUNICIPAL DE UBERLÂNDIA;ITBI - Dívida Ativa;SECRETARIA MUNICIPAL DE FINANÇAS;06;59591.26;380.32
02;1112530301;2022;101;Receitas de Impostos e de Transferências de Impostos Vinculados à Educação;8;PREFEITURA MUNICIPAL DE UBERLÂNDIA;ITBI - Dívida Ativa;SECRETARIA MUNICIPAL DE FINANÇAS;06;35305.41;285.23
02;1112530301;2022;102;Receitas de Impostos e de Transferências de Impostos Vinculados à Saúde;8;PREFEITURA MUNICIPAL DE UBERLÂNDIA;ITBI - Dívida Ativa;SECRETARIA MUNICIPAL DE FINANÇAS;06;42854.07;285.23
02;1112530301;2022;100;Recursos Não Vinculados de Impostos/ Recursos Ordinários;9;PREFEITURA MUNICIPAL DE UBERLÂNDIA;ITBI - Dívida Ativa;SECRETARIA MUNICIPAL DE FINANÇAS;06;44895.56;197.97
02;1112530301;2022;101;Receitas de Impostos e de Transferências de Impostos Vinculados à Educação;9;PREFEITURA MUNICIPAL DE UBERLÂNDIA;ITBI - Dívida Ativa;SECRETARIA MUNICIPAL DE FINANÇAS;06;26599.19;148.47
02;1112530301;2022;102;Receitas de Impostos e de Transferências de Impostos Vinculados à Saúde;9;PREFEITURA MUNICIPAL DE UBERLÂNDIA;ITBI - Dívida Ativa;SECRETARIA MUNICIPAL DE FINANÇAS;06;32286.17;148.47
02;1112530301;2022;100;Recursos Não Vinculados de Impostos/ Recursos Ordinários;10;PREFEITURA MUNICIPAL DE UBERLÂNDIA;ITBI - Dívida Ativa;SECRETARIA MUNICIPAL DE FINANÇAS;06;5842.45;1689.49
02;1112530301;2022;101;Receitas de Impostos e de Transferências de Impostos Vinculados à Educação;10;PREFEITURA MUNICIPAL DE UBERLÂNDIA;ITBI - Dívida Ativa;SECRETARIA MUNICIPAL DE FINANÇAS;06;3461.53;1267.06
02;1112530301;2022;102;Receitas de Impostos e de Transferências de Impostos Vinculados à Saúde;10;PREFEITURA MUNICIPAL DE UBERLÂNDIA;ITBI - Dívida Ativa;SECRETARIA MUNICIPAL DE FINANÇAS;06;4201.53;1267.06
02;1112530301;2022;100;Recursos Não Vinculados de Impostos/ Recursos Ordinários;11;PREFEITURA MUNICIPAL DE UBERLÂNDIA;ITBI - Dívida Ativa;SECRETARIA MUNICIPAL DE FINANÇAS;06;4319.78;845.66
02;1112530301;2022;101;Receitas de Impostos e de Transferências de Impostos Vinculados à Educação;11;PREFEITURA MUNICIPAL DE UBERLÂNDIA;ITBI - Dívida Ativa;SECRETARIA MUNICIPAL DE FINANÇAS;06;2559.48;634.21
02;1112530301;2022;102;Receitas de Impostos e de Transferências de Impostos Vinculados à Saúde;11;PREFEITURA MUNICIPAL DE UBERLÂNDIA;ITBI - Dívida Ativa;SECRETARIA MUNICIPAL DE FINANÇAS;06;3106.52;634.21
02;1112530301;2022;100;Recursos Não Vinculados de Impostos/ Recursos Ordinários;12;PREFEITURA MUNICIPAL DE UBERLÂNDIA;ITBI - Dívida Ativa;SECRETARIA MUNICIPAL DE FINANÇAS;06;197168.97;1111.25
02;1112530301;2022;101;Receitas de Impostos e de Transferências de Impostos Vinculados à Educação;12;PREFEITURA MUNICIPAL DE UBERLÂNDIA;ITBI - Dívida Ativa;SECRETARIA MUNICIPAL DE FINANÇAS;06;116815.41;833.41
02;1112530301;2022;102;Receitas de Impostos e de Transferências de Impostos Vinculados à Saúde;12;PREFEITURA MUNICIPAL DE UBERLÂNDIA;ITBI - Dívida Ativa;SECRETARIA MUNICIPAL DE FINANÇAS;06;141791.97;833.41
02;1112530401;2022;100;Recursos Não Vinculados de Impostos/ Recursos Ordinários;1;PREFEITURA MUNICIPAL DE UBERLÂNDIA;Dívida Ativa - Multas e Juros - ITBI;SECRETARIA MUNICIPAL DE FINANÇAS;06;315.16;3097.26
02;1112530401;2022;101;Receitas de Impostos e de Transferências de Impostos Vinculados à Educação;1;PREFEITURA MUNICIPAL DE UBERLÂNDIA;Dívida Ativa - Multas e Juros - ITBI;SECRETARIA MUNICIPAL DE FINANÇAS;06;259.61;2322.94
02;1112530401;2022;102;Receitas de Impostos e de Transferências de Impostos Vinculados à Saúde;1;PREFEITURA MUNICIPAL DE UBERLÂNDIA;Dívida Ativa - Multas e Juros - ITBI;SECRETARIA MUNICIPAL DE FINANÇAS;06;438.19;2322.94
02;1112530401;2022;100;Recursos Não Vinculados de Impostos/ Recursos Ordinários;2;PREFEITURA MUNICIPAL DE UBERLÂNDIA;Dívida Ativa - Multas e Juros - ITBI;SECRETARIA MUNICIPAL DE FINANÇAS;06;1982.00;932.42
02;1112530401;2022;101;Receitas de Impostos e de Transferências de Impostos Vinculados à Educação;2;PREFEITURA MUNICIPAL DE UBERLÂNDIA;Dívida Ativa - Multas e Juros - ITBI;SECRETARIA MUNICIPAL DE FINANÇAS;06;1632.80;699.32
02;1112530401;2022;102;Receitas de Impostos e de Transferências de Impostos Vinculados à Saúde;2;PREFEITURA MUNICIPAL DE UBERLÂNDIA;Dívida Ativa - Multas e Juros - ITBI;SECRETARIA MUNICIPAL DE FINANÇAS;06;2755.97;699.32
02;1112530401;2022;100;Recursos Não Vinculados de Impostos/ Recursos Ordinários;3;PREFEITURA MUNICIPAL DE UBERLÂNDIA;Dívida Ativa - Multas e Juros - ITBI;SECRETARIA MUNICIPAL DE FINANÇAS;06;615.17;706.02
02;1112530401;2022;101;Receitas de Impostos e de Transferências de Impostos Vinculados à Educação;3;PREFEITURA MUNICIPAL DE UBERLÂNDIA;Dívida Ativa - Multas e Juros - ITBI;SECRETARIA MUNICIPAL DE FINANÇAS;06;506.76;529.51
02;1112530401;2022;102;Receitas de Impostos e de Transferências de Impostos Vinculados à Saúde;3;PREFEITURA MUNICIPAL DE UBERLÂNDIA;Dívida Ativa - Multas e Juros - ITBI;SECRETARIA MUNICIPAL DE FINANÇAS;06;855.41;529.51
02;1112530401;2022;100;Recursos Não Vinculados de Impostos/ Recursos Ordinários;4;PREFEITURA MUNICIPAL DE UBERLÂNDIA;Dívida Ativa - Multas e Juros - ITBI;SECRETARIA MUNICIPAL DE FINANÇAS;06;510.07;951.73
02;1112530401;2022;101;Receitas de Impostos e de Transferências de Impostos Vinculados à Educação;4;PREFEITURA MUNICIPAL DE UBERLÂNDIA;Dívida Ativa - Multas e Juros - ITBI;SECRETARIA MUNICIPAL DE FINANÇAS;06;302.19;713.80
02;1112530401;2022;102;Receitas de Impostos e de Transferências de Impostos Vinculados à Saúde;4;PREFEITURA MUNICIPAL DE UBERLÂNDIA;Dívida Ativa - Multas e Juros - ITBI;SECRETARIA MUNICIPAL DE FINANÇAS;06;366.92;713.80
02;1112530401;2022;100;Recursos Não Vinculados de Impostos/ Recursos Ordinários;5;PREFEITURA MUNICIPAL DE UBERLÂNDIA;Dívida Ativa - Multas e Juros - ITBI;SECRETARIA MUNICIPAL DE FINANÇAS;06;2005.36;435.25
02;1112530401;2022;101;Receitas de Impostos e de Transferências de Impostos Vinculados à Educação;5;PREFEITURA MUNICIPAL DE UBERLÂNDIA;Dívida Ativa - Multas e Juros - ITBI;SECRETARIA MUNICIPAL DE FINANÇAS;06;1188.20;326.44
02;1112530401;2022;102;Receitas de Impostos e de Transferências de Impostos Vinculados à Saúde;5;PREFEITURA MUNICIPAL DE UBERLÂNDIA;Dívida Ativa - Multas e Juros - ITBI;SECRETARIA MUNICIPAL DE FINANÇAS;06;1442.12;326.44
02;1112530401;2022;100;Recursos Não Vinculados de Impostos/ Recursos Ordinários;6;PREFEITURA MUNICIPAL DE UBERLÂNDIA;Dívida Ativa - Multas e Juros - ITBI;SECRETARIA MUNICIPAL DE FINANÇAS;06;630.55;342.87
02;1112530401;2022;101;Receitas de Impostos e de Transferências de Impostos Vinculados à Educação;6;PREFEITURA MUNICIPAL DE UBERLÂNDIA;Dívida Ativa - Multas e Juros - ITBI;SECRETARIA MUNICIPAL DE FINANÇAS;06;373.57;257.15
02;1112530401;2022;102;Receitas de Impostos e de Transferências de Impostos Vinculados à Saúde;6;PREFEITURA MUNICIPAL DE UBERLÂNDIA;Dívida Ativa - Multas e Juros - ITBI;SECRETARIA MUNICIPAL DE FINANÇAS;06;453.53;257.15
02;1112530401;2022;100;Recursos Não Vinculados de Impostos/ Recursos Ordinários;7;PREFEITURA MUNICIPAL DE UBERLÂNDIA;Dívida Ativa - Multas e Juros - ITBI;SECRETARIA MUNICIPAL DE FINANÇAS;06;790.28;1758.41
02;1112530401;2022;101;Receitas de Impostos e de Transferências de Impostos Vinculados à Educação;7;PREFEITURA MUNICIPAL DE UBERLÂNDIA;Dívida Ativa - Multas e Juros - ITBI;SECRETARIA MUNICIPAL DE FINANÇAS;06;468.30;1318.81
02;1112530401;2022;102;Receitas de Impostos e de Transferências de Impostos Vinculados à Saúde;7;PREFEITURA MUNICIPAL DE UBERLÂNDIA;Dívida Ativa - Multas e Juros - ITBI;SECRETARIA MUNICIPAL DE FINANÇAS;06;568.31;1318.81
02;1112530401;2022;100;Recursos Não Vinculados de Impostos/ Recursos Ordinários;8;PREFEITURA MUNICIPAL DE UBERLÂNDIA;Dívida Ativa - Multas e Juros - ITBI;SECRETARIA MUNICIPAL DE FINANÇAS;06;375.44;386.05
02;1112530401;2022;101;Receitas de Impostos e de Transferências de Impostos Vinculados à Educação;8;PREFEITURA MUNICIPAL DE UBERLÂNDIA;Dívida Ativa - Multas e Juros - ITBI;SECRETARIA MUNICIPAL DE FINANÇAS;06;222.35;289.54
02;1112530401;2022;102;Receitas de Impostos e de Transferências de Impostos Vinculados à Saúde;8;PREFEITURA MUNICIPAL DE UBERLÂNDIA;Dívida Ativa - Multas e Juros - ITBI;SECRETARIA MUNICIPAL DE FINANÇAS;06;269.80;289.54
02;1112530401;2022;100;Recursos Não Vinculados de Impostos/ Recursos Ordinários;9;PREFEITURA MUNICIPAL DE UBERLÂNDIA;Dívida Ativa - Multas e Juros - ITBI;SECRETARIA MUNICIPAL DE FINANÇAS;06;17267.51;252.06
02;1112530401;2022;101;Receitas de Impostos e de Transferências de Impostos Vinculados à Educação;9;PREFEITURA MUNICIPAL DE UBERLÂNDIA;Dívida Ativa - Multas e Juros - ITBI;SECRETARIA MUNICIPAL DE FINANÇAS;06;10230.56;189.04
02;1112530401;2022;102;Receitas de Impostos e de Transferências de Impostos Vinculados à Saúde;9;PREFEITURA MUNICIPAL DE UBERLÂNDIA;Dívida Ativa - Multas e Juros - ITBI;SECRETARIA MUNICIPAL DE FINANÇAS;06;12417.75;189.04
02;1112530401;2022;100;Recursos Não Vinculados de Impostos/ Recursos Ordinários;10;PREFEITURA MUNICIPAL DE UBERLÂNDIA;Dívida Ativa - Multas e Juros - ITBI;SECRETARIA MUNICIPAL DE FINANÇAS;06;766.63;751.84
02;1112530401;2022;101;Receitas de Impostos e de Transferências de Impostos Vinculados à Educação;10;PREFEITURA MUNICIPAL DE UBERLÂNDIA;Dívida Ativa - Multas e Juros - ITBI;SECRETARIA MUNICIPAL DE FINANÇAS;06;454.29;563.88
02;1112530401;2022;102;Receitas de Impostos e de Transferências de Impostos Vinculados à Saúde;10;PREFEITURA MUNICIPAL DE UBERLÂNDIA;Dívida Ativa - Multas e Juros - ITBI;SECRETARIA MUNICIPAL DE FINANÇAS;06;551.32;563.88
02;1112530401;2022;100;Recursos Não Vinculados de Impostos/ Recursos Ordinários;11;PREFEITURA MUNICIPAL DE UBERLÂNDIA;Dívida Ativa - Multas e Juros - ITBI;SECRETARIA MUNICIPAL DE FINANÇAS;06;2442.20;615.03
02;1112530401;2022;101;Receitas de Impostos e de Transferências de Impostos Vinculados à Educação;11;PREFEITURA MUNICIPAL DE UBERLÂNDIA;Dívida Ativa - Multas e Juros - ITBI;SECRETARIA MUNICIPAL DE FINANÇAS;06;1446.68;461.27
02;1112530401;2022;102;Receitas de Impostos e de Transferências de Impostos Vinculados à Saúde;11;PREFEITURA MUNICIPAL DE UBERLÂNDIA;Dívida Ativa - Multas e Juros - ITBI;SECRETARIA MUNICIPAL DE FINANÇAS;06;1755.78;461.27
02;1112530401;2022;100;Recursos Não Vinculados de Impostos/ Recursos Ordinários;12;PREFEITURA MUNICIPAL DE UBERLÂNDIA;Dívida Ativa - Multas e Juros - ITBI;SECRETARIA MUNICIPAL DE FINANÇAS;06;8799.92;415.06
02;1112530401;2022;101;Receitas de Impostos e de Transferências de Impostos Vinculados à Educação;12;PREFEITURA MUNICIPAL DE UBERLÂNDIA;Dívida Ativa - Multas e Juros - ITBI;SECRETARIA MUNICIPAL DE FINANÇAS;06;5213.49;311.30
02;1112530401;2022;102;Receitas de Impostos e de Transferências de Impostos Vinculados à Saúde;12;PREFEITURA MUNICIPAL DE UBERLÂNDIA;Dívida Ativa - Multas e Juros - ITBI;SECRETARIA MUNICIPAL DE FINANÇAS;06;6328.21;311.30
02;1113031101;2022;100;Recursos Não Vinculados de Impostos/ Recursos Ordinários;1;PREFEITURA MUNICIPAL DE UBERLÂNDIA;IRRF - Trabalho ;SECRETARIA MUNICIPAL DE FINANÇAS;06;1082924.83;1407604.91
02;1113031101;2022;101;Receitas de Impostos e de Transferências de Impostos Vinculados à Educação;1;PREFEITURA MUNICIPAL DE UBERLÂNDIA;IRRF - Trabalho ;SECRETARIA MUNICIPAL DE FINANÇAS;06;892168.44;1055703.74
02;1113031101;2022;102;Receitas de Impostos e de Transferências de Impostos Vinculados à Saúde;1;PREFEITURA MUNICIPAL DE UBERLÂNDIA;IRRF - Trabalho ;SECRETARIA MUNICIPAL DE FINANÇAS;06;1505860.61;1055703.74
02;1113031101;2022;100;Recursos Não Vinculados de Impostos/ Recursos Ordinários;2;PREFEITURA MUNICIPAL DE UBERLÂNDIA;IRRF - Trabalho ;SECRETARIA MUNICIPAL DE FINANÇAS;06;899856.29;980016.82
02;1113031101;2022;101;Receitas de Impostos e de Transferências de Impostos Vinculados à Educação;2;PREFEITURA MUNICIPAL DE UBERLÂNDIA;IRRF - Trabalho ;SECRETARIA MUNICIPAL DE FINANÇAS;06;741347.29;735012.65
02;1113031101;2022;102;Receitas de Impostos e de Transferências de Impostos Vinculados à Saúde;2;PREFEITURA MUNICIPAL DE UBERLÂNDIA;IRRF - Trabalho ;SECRETARIA MUNICIPAL DE FINANÇAS;06;1251294.73;735012.65
02;1113031101;2022;100;Recursos Não Vinculados de Impostos/ Recursos Ordinários;3;PREFEITURA MUNICIPAL DE UBERLÂNDIA;IRRF - Trabalho ;SECRETARIA MUNICIPAL DE FINANÇAS;06;1714401.95;1028478.10
02;1113031101;2022;101;Receitas de Impostos e de Transferências de Impostos Vinculados à Educação;3;PREFEITURA MUNICIPAL DE UBERLÂNDIA;IRRF - Trabalho ;SECRETARIA MUNICIPAL DE FINANÇAS;06;1412411.44;771358.62
02;1113031101;2022;102;Receitas de Impostos e de Transferências de Impostos Vinculados à Saúde;3;PREFEITURA MUNICIPAL DE UBERLÂNDIA;IRRF - Trabalho ;SECRETARIA MUNICIPAL DE FINANÇAS;06;2383961.02;771358.62
02;1113031101;2022;100;Recursos Não Vinculados de Impostos/ Recursos Ordinários;4;PREFEITURA MUNICIPAL DE UBERLÂNDIA;IRRF - Trabalho ;SECRETARIA MUNICIPAL DE FINANÇAS;06;1686101.66;1099775.87
02;1113031101;2022;101;Receitas de Impostos e de Transferências de Impostos Vinculados à Educação;4;PREFEITURA MUNICIPAL DE UBERLÂNDIA;IRRF - Trabalho ;SECRETARIA MUNICIPAL DE FINANÇAS;06;998954.82;824831.95
02;1113031101;2022;102;Receitas de Impostos e de Transferências de Impostos Vinculados à Saúde;4;PREFEITURA MUNICIPAL DE UBERLÂNDIA;IRRF - Trabalho ;SECRETARIA MUNICIPAL DE FINANÇAS;06;1212543.37;824831.95
02;1113031101;2022;100;Recursos Não Vinculados de Impostos/ Recursos Ordinários;5;PREFEITURA MUNICIPAL DE UBERLÂNDIA;IRRF - Trabalho ;SECRETARIA MUNICIPAL DE FINANÇAS;06;1878377.13;1116121.36
02;1113031101;2022;101;Receitas de Impostos e de Transferências de Impostos Vinculados à Educação;5;PREFEITURA MUNICIPAL DE UBERLÂNDIA;IRRF - Trabalho ;SECRETARIA MUNICIPAL DE FINANÇAS;06;1112871.28;837091.06
02;1113031101;2022;102;Receitas de Impostos e de Transferências de Impostos Vinculados à Saúde;5;PREFEITURA MUNICIPAL DE UBERLÂNDIA;IRRF - Trabalho ;SECRETARIA MUNICIPAL DE FINANÇAS;06;1350816.27;837091.06
02;1113031101;2022;100;Recursos Não Vinculados de Impostos/ Recursos Ordinários;6;PREFEITURA MUNICIPAL DE UBERLÂNDIA;IRRF - Trabalho ;SECRETARIA MUNICIPAL DE FINANÇAS;06;1910421.34;1195330.62
02;1113031101;2022;101;Receitas de Impostos e de Transferências de Impostos Vinculados à Educação;6;PREFEITURA MUNICIPAL DE UBERLÂNDIA;IRRF - Trabalho ;SECRETARIA MUNICIPAL DE FINANÇAS;06;1131856.16;896498.01
02;1113031101;2022;102;Receitas de Impostos e de Transferências de Impostos Vinculados à Saúde;6;PREFEITURA MUNICIPAL DE UBERLÂNDIA;IRRF - Trabalho ;SECRETARIA MUNICIPAL DE FINANÇAS;06;1373860.67;896498.01
02;1113031101;2022;100;Recursos Não Vinculados de Impostos/ Recursos Ordinários;7;PREFEITURA MUNICIPAL DE UBERLÂNDIA;IRRF - Trabalho ;SECRETARIA MUNICIPAL DE FINANÇAS;06;1889512.48;829232.03
02;1113031101;2022;101;Receitas de Impostos e de Transferências de Impostos Vinculados à Educação;7;PREFEITURA MUNICIPAL DE UBERLÂNDIA;IRRF - Trabalho ;SECRETARIA MUNICIPAL DE FINANÇAS;06;1119468.49;621924.05
02;1113031101;2022;102;Receitas de Impostos e de Transferências de Impostos Vinculados à Saúde;7;PREFEITURA MUNICIPAL DE UBERLÂNDIA;IRRF - Trabalho ;SECRETARIA MUNICIPAL DE FINANÇAS;06;1358824.16;621924.05
02;1113031101;2022;100;Recursos Não Vinculados de Impostos/ Recursos Ordinários;8;PREFEITURA MUNICIPAL DE UBERLÂNDIA;IRRF - Trabalho ;SECRETARIA MUNICIPAL DE FINANÇAS;06;1598131.79;774024.11
02;1113031101;2022;101;Receitas de Impostos e de Transferências de Impostos Vinculados à Educação;8;PREFEITURA MUNICIPAL DE UBERLÂNDIA;IRRF - Trabalho ;SECRETARIA MUNICIPAL DE FINANÇAS;06;946835.89;580518.12
02;1113031101;2022;102;Receitas de Impostos e de Transferências de Impostos Vinculados à Saúde;8;PREFEITURA MUNICIPAL DE UBERLÂNDIA;IRRF - Trabalho ;SECRETARIA MUNICIPAL DE FINANÇAS;06;1149280.60;580518.12
02;1113031101;2022;100;Recursos Não Vinculados de Impostos/ Recursos Ordinários;9;PREFEITURA MUNICIPAL DE UBERLÂNDIA;IRRF - Trabalho ;SECRETARIA MUNICIPAL DE FINANÇAS;06;1870761.06;821685.56
02;1113031101;2022;101;Receitas de Impostos e de Transferências de Impostos Vinculados à Educação;9;PREFEITURA MUNICIPAL DE UBERLÂNDIA;IRRF - Trabalho ;SECRETARIA MUNICIPAL DE FINANÇAS;06;1108358.97;616264.20
02;1113031101;2022;102;Receitas de Impostos e de Transferências de Impostos Vinculados à Saúde;9;PREFEITURA MUNICIPAL DE UBERLÂNDIA;IRRF - Trabalho ;SECRETARIA MUNICIPAL DE FINANÇAS;06;1345339.25;616264.20
02;1113031101;2022;100;Recursos Não Vinculados de Impostos/ Recursos Ordinários;10;PREFEITURA MUNICIPAL DE UBERLÂNDIA;IRRF - Trabalho ;SECRETARIA MUNICIPAL DE FINANÇAS;06;1977182.67;828066.11
02;1113031101;2022;101;Receitas de Impostos e de Transferências de Impostos Vinculados à Educação;10;PREFEITURA MUNICIPAL DE UBERLÂNDIA;IRRF - Trabalho ;SECRETARIA MUNICIPAL DE FINANÇAS;06;1171409.96;621049.62
02;1113031101;2022;102;Receitas de Impostos e de Transferências de Impostos Vinculados à Saúde;10;PREFEITURA MUNICIPAL DE UBERLÂNDIA;IRRF - Trabalho ;SECRETARIA MUNICIPAL DE FINANÇAS;06;1421871.31;621049.62
02;1113031101;2022;100;Recursos Não Vinculados de Impostos/ Recursos Ordinários;11;PREFEITURA MUNICIPAL DE UBERLÂNDIA;IRRF - Trabalho ;SECRETARIA MUNICIPAL DE FINANÇAS;06;1852017.08;850560.61
02;1113031101;2022;101;Receitas de Impostos e de Transferências de Impostos Vinculados à Educação;11;PREFEITURA MUNICIPAL DE UBERLÂNDIA;IRRF - Trabalho ;SECRETARIA MUNICIPAL DE FINANÇAS;06;1097253.83;637920.49
02;1113031101;2022;102;Receitas de Impostos e de Transferências de Impostos Vinculados à Saúde;11;PREFEITURA MUNICIPAL DE UBERLÂNDIA;IRRF - Trabalho ;SECRETARIA MUNICIPAL DE FINANÇAS;06;1331859.70;637920.49
02;1113031101;2022;100;Recursos Não Vinculados de Impostos/ Recursos Ordinários;12;PREFEITURA MUNICIPAL DE UBERLÂNDIA;IRRF - Trabalho ;SECRETARIA MUNICIPAL DE FINANÇAS;06;5870844.82;1810621.90
02;1113031101;2022;101;Receitas de Impostos e de Transferências de Impostos Vinculados à Educação;12;PREFEITURA MUNICIPAL DE UBERLÂNDIA;IRRF - Trabalho ;SECRETARIA MUNICIPAL DE FINANÇAS;06;3478265.09;1357966.49
02;1113031101;2022;102;Receitas de Impostos e de Transferências de Impostos Vinculados à Saúde;12;PREFEITURA MUNICIPAL DE UBERLÂNDIA;IRRF - Trabalho ;SECRETARIA MUNICIPAL DE FINANÇAS;06;4221959.71;1357966.49
02;1113034101;2022;100;Recursos Não Vinculados de Impostos/ Recursos Ordinários;1;PREFEITURA MUNICIPAL DE UBERLÂNDIA;IRRF - Outros Rendimentos ;SECRETARIA MUNICIPAL DE FINANÇAS;06;142530.00;2217405.25
02;1113034101;2022;101;Receitas de Impostos e de Transferências de Impostos Vinculados à Educação;1;PREFEITURA MUNICIPAL DE UBERLÂNDIA;IRRF - Outros Rendimentos ;SECRETARIA MUNICIPAL DE FINANÇAS;06;117416.13;1663053.82
02;1113034101;2022;102;Receitas de Impostos e de Transferências de Impostos Vinculados à Saúde;1;PREFEITURA MUNICIPAL DE UBERLÂNDIA;IRRF - Outros Rendimentos ;SECRETARIA MUNICIPAL DE FINANÇAS;06;198185.82;1663053.82
02;1113034101;2022;100;Recursos Não Vinculados de Impostos/ Recursos Ordinários;2;PREFEITURA MUNICIPAL DE UBERLÂNDIA;IRRF - Outros Rendimentos ;SECRETARIA MUNICIPAL DE FINANÇAS;06;164063.14;549566.10
02;1113034101;2022;101;Receitas de Impostos e de Transferências de Impostos Vinculados à Educação;2;PREFEITURA MUNICIPAL DE UBERLÂNDIA;IRRF - Outros Rendimentos ;SECRETARIA MUNICIPAL DE FINANÇAS;06;135156.58;412174.54
02;1113034101;2022;102;Receitas de Impostos e de Transferências de Impostos Vinculados à Saúde;2;PREFEITURA MUNICIPAL DE UBERLÂNDIA;IRRF - Outros Rendimentos ;SECRETARIA MUNICIPAL DE FINANÇAS;06;228127.88;412174.54
02;1113034101;2022;100;Recursos Não Vinculados de Impostos/ Recursos Ordinários;3;PREFEITURA MUNICIPAL DE UBERLÂNDIA;IRRF - Outros Rendimentos ;SECRETARIA MUNICIPAL DE FINANÇAS;06;1108963.05;1197264.86
02;1113034101;2022;101;Receitas de Impostos e de Transferências de Impostos Vinculados à Educação;3;PREFEITURA MUNICIPAL DE UBERLÂNDIA;IRRF - Outros Rendimentos ;SECRETARIA MUNICIPAL DE FINANÇAS;06;913608.51;897948.58
02;1113034101;2022;102;Receitas de Impostos e de Transferências de Impostos Vinculados à Saúde;3;PREFEITURA MUNICIPAL DE UBERLÂNDIA;IRRF - Outros Rendimentos ;SECRETARIA MUNICIPAL DE FINANÇAS;06;1542051.61;897948.58
02;1113034101;2022;100;Recursos Não Vinculados de Impostos/ Recursos Ordinários;4;PREFEITURA MUNICIPAL DE UBERLÂNDIA;IRRF - Outros Rendimentos ;SECRETARIA MUNICIPAL DE FINANÇAS;06;1195475.53;1553873.21
02;1113034101;2022;101;Receitas de Impostos e de Transferências de Impostos Vinculados à Educação;4;PREFEITURA MUNICIPAL DE UBERLÂNDIA;IRRF - Outros Rendimentos ;SECRETARIA MUNICIPAL DE FINANÇAS;06;708271.98;1165404.82
02;1113034101;2022;102;Receitas de Impostos e de Transferências de Impostos Vinculados à Saúde;4;PREFEITURA MUNICIPAL DE UBERLÂNDIA;IRRF - Outros Rendimentos ;SECRETARIA MUNICIPAL DE FINANÇAS;06;859720.91;1165404.82
02;1113034101;2022;100;Recursos Não Vinculados de Impostos/ Recursos Ordinários;5;PREFEITURA MUNICIPAL DE UBERLÂNDIA;IRRF - Outros Rendimentos ;SECRETARIA MUNICIPAL DE FINANÇAS;06;1999323.35;1735575.83
02;1113034101;2022;101;Receitas de Impostos e de Transferências de Impostos Vinculados à Educação;5;PREFEITURA MUNICIPAL DE UBERLÂNDIA;IRRF - Outros Rendimentos ;SECRETARIA MUNICIPAL DE FINANÇAS;06;1184535.60;1301681.78
02;1113034101;2022;102;Receitas de Impostos e de Transferências de Impostos Vinculados à Saúde;5;PREFEITURA MUNICIPAL DE UBERLÂNDIA;IRRF - Outros Rendimentos ;SECRETARIA MUNICIPAL DE FINANÇAS;06;1437790.32;1301681.78
02;1113034101;2022;100;Recursos Não Vinculados de Impostos/ Recursos Ordinários;6;PREFEITURA MUNICIPAL DE UBERLÂNDIA;IRRF - Outros Rendimentos ;SECRETARIA MUNICIPAL DE FINANÇAS;06;1205565.19;1408256.85
02;1113034101;2022;101;Receitas de Impostos e de Transferências de Impostos Vinculados à Educação;6;PREFEITURA MUNICIPAL DE UBERLÂNDIA;IRRF - Outros Rendimentos ;SECRETARIA MUNICIPAL DE FINANÇAS;06;714251.48;1056192.56
02;1113034101;2022;102;Receitas de Impostos e de Transferências de Impostos Vinculados à Saúde;6;PREFEITURA MUNICIPAL DE UBERLÂNDIA;IRRF - Outros Rendimentos ;SECRETARIA MUNICIPAL DE FINANÇAS;06;866981.29;1056192.56
02;1113034101;2022;100;Recursos Não Vinculados de Impostos/ Recursos Ordinários;7;PREFEITURA MUNICIPAL DE UBERLÂNDIA;IRRF - Outros Rendimentos ;SECRETARIA MUNICIPAL DE FINANÇAS;06;1233365.39;868767.04
02;1113034101;2022;101;Receitas de Impostos e de Transferências de Impostos Vinculados à Educação;7;PREFEITURA MUNICIPAL DE UBERLÂNDIA;IRRF - Outros Rendimentos ;SECRETARIA MUNICIPAL DE FINANÇAS;06;730733.44;651575.23
02;1113034101;2022;102;Receitas de Impostos e de Transferências de Impostos Vinculados à Saúde;7;PREFEITURA MUNICIPAL DE UBERLÂNDIA;IRRF - Outros Rendimentos ;SECRETARIA MUNICIPAL DE FINANÇAS;06;886958.66;651575.23
02;1113034101;2022;100;Recursos Não Vinculados de Impostos/ Recursos Ordinários;8;PREFEITURA MUNICIPAL DE UBERLÂNDIA;IRRF - Outros Rendimentos ;SECRETARIA MUNICIPAL DE FINANÇAS;06;1330914.85;557705.43
02;1113034101;2022;101;Receitas de Impostos e de Transferências de Impostos Vinculados à Educação;8;PREFEITURA MUNICIPAL DE UBERLÂNDIA;IRRF - Outros Rendimentos ;SECRETARIA MUNICIPAL DE FINANÇAS;06;788526.43;418279.04
02;1113034101;2022;102;Receitas de Impostos e de Transferências de Impostos Vinculados à Saúde;8;PREFEITURA MUNICIPAL DE UBERLÂNDIA;IRRF - Outros Rendimentos ;SECRETARIA MUNICIPAL DE FINANÇAS;06;957112.46;418279.04
02;1113034101;2022;100;Recursos Não Vinculados de Impostos/ Recursos Ordinários;9;PREFEITURA MUNICIPAL DE UBERLÂNDIA;IRRF - Outros Rendimentos ;SECRETARIA MUNICIPAL DE FINANÇAS;06;1240341.24;1134362.08
02;1113034101;2022;101;Receitas de Impostos e de Transferências de Impostos Vinculados à Educação;9;PREFEITURA MUNICIPAL DE UBERLÂNDIA;IRRF - Outros Rendimentos ;SECRETARIA MUNICIPAL DE FINANÇAS;06;734867.61;850771.50
02;1113034101;2022;102;Receitas de Impostos e de Transferências de Impostos Vinculados à Saúde;9;PREFEITURA MUNICIPAL DE UBERLÂNDIA;IRRF - Outros Rendimentos ;SECRETARIA MUNICIPAL DE FINANÇAS;06;891977.71;850771.50
02;1113034101;2022;100;Recursos Não Vinculados de Impostos/ Recursos Ordinários;10;PREFEITURA MUNICIPAL DE UBERLÂNDIA;IRRF - Outros Rendimentos ;SECRETARIA MUNICIPAL DE FINANÇAS;06;1197210.16;871184.77
02;1113034101;2022;101;Receitas de Impostos e de Transferências de Impostos Vinculados à Educação;10;PREFEITURA MUNICIPAL DE UBERLÂNDIA;IRRF - Outros Rendimentos ;SECRETARIA MUNICIPAL DE FINANÇAS;06;709246.86;653388.53
02;1113034101;2022;102;Receitas de Impostos e de Transferências de Impostos Vinculados à Saúde;10;PREFEITURA MUNICIPAL DE UBERLÂNDIA;IRRF - Outros Rendimentos ;SECRETARIA MUNICIPAL DE FINANÇAS;06;860879.61;653388.53
02;1113034101;2022;100;Recursos Não Vinculados de Impostos/ Recursos Ordinários;11;PREFEITURA MUNICIPAL DE UBERLÂNDIA;IRRF - Outros Rendimentos ;SECRETARIA MUNICIPAL DE FINANÇAS;06;1163018.22;862373.96
02;1113034101;2022;101;Receitas de Impostos e de Transferências de Impostos Vinculados à Educação;11;PREFEITURA MUNICIPAL DE UBERLÂNDIA;IRRF - Outros Rendimentos ;SECRETARIA MUNICIPAL DE FINANÇAS;06;689053.64;646780.43
02;1113034101;2022;102;Receitas de Impostos e de Transferências de Impostos Vinculados à Saúde;11;PREFEITURA MUNICIPAL DE UBERLÂNDIA;IRRF - Outros Rendimentos ;SECRETARIA MUNICIPAL DE FINANÇAS;06;836371.85;646780.43
02;1113034101;2022;100;Recursos Não Vinculados de Impostos/ Recursos Ordinários;12;PREFEITURA MUNICIPAL DE UBERLÂNDIA;IRRF - Outros Rendimentos ;SECRETARIA MUNICIPAL DE FINANÇAS;06;328396.79;1016705.62
02;1113034101;2022;101;Receitas de Impostos e de Transferências de Impostos Vinculados à Educação;12;PREFEITURA MUNICIPAL DE UBERLÂNDIA;IRRF - Outros Rendimentos ;SECRETARIA MUNICIPAL DE FINANÇAS;06;194552.85;762529.17
02;1113034101;2022;102;Receitas de Impostos e de Transferências de Impostos Vinculados à Saúde;12;PREFEITURA MUNICIPAL DE UBERLÂNDIA;IRRF - Outros Rendimentos ;SECRETARIA MUNICIPAL DE FINANÇAS;06;236152.45;762529.17
02;1113034102;2022;100;Recursos Não Vinculados de Impostos/ Recursos Ordinários;1;PREFEITURA MUNICIPAL DE UBERLÂNDIA;IRRF - Precatórios;SECRETARIA MUNICIPAL DE FINANÇAS;06;0.00;0.00
02;1113034102;2022;101;Receitas de Impostos e de Transferências de Impostos Vinculados à Educação;1;PREFEITURA MUNICIPAL DE UBERLÂNDIA;IRRF - Precatórios;SECRETARIA MUNICIPAL DE FINANÇAS;06;0.00;0.00
02;1113034102;2022;102;Receitas de Impostos e de Transferências de Impostos Vinculados à Saúde;1;PREFEITURA MUNICIPAL DE UBERLÂNDIA;IRRF - Precatórios;SECRETARIA MUNICIPAL DE FINANÇAS;06;0.00;0.00
02;1113034102;2022;100;Recursos Não Vinculados de Impostos/ Recursos Ordinários;2;PREFEITURA MUNICIPAL DE UBERLÂNDIA;IRRF - Precatórios;SECRETARIA MUNICIPAL DE FINANÇAS;06;0.00;0.00
02;1113034102;2022;101;Receitas de Impostos e de Transferências de Impostos Vinculados à Educação;2;PREFEITURA MUNICIPAL DE UBERLÂNDIA;IRRF - Precatórios;SECRETARIA MUNICIPAL DE FINANÇAS;06;0.00;0.00
02;1113034102;2022;102;Receitas de Impostos e de Transferências de Impostos Vinculados à Saúde;2;PREFEITURA MUNICIPAL DE UBERLÂNDIA;IRRF - Precatórios;SECRETARIA MUNICIPAL DE FINANÇAS;06;0.00;0.00
02;1113034102;2022;100;Recursos Não Vinculados de Impostos/ Recursos Ordinários;3;PREFEITURA MUNICIPAL DE UBERLÂNDIA;IRRF - Precatórios;SECRETARIA MUNICIPAL DE FINANÇAS;06;0.00;0.00
02;1113034102;2022;101;Receitas de Impostos e de Transferências de Impostos Vinculados à Educação;3;PREFEITURA MUNICIPAL DE UBERLÂNDIA;IRRF - Precatórios;SECRETARIA MUNICIPAL DE FINANÇAS;06;0.00;0.00
02;1113034102;2022;102;Receitas de Impostos e de Transferências de Impostos Vinculados à Saúde;3;PREFEITURA MUNICIPAL DE UBERLÂNDIA;IRRF - Precatórios;SECRETARIA MUNICIPAL DE FINANÇAS;06;0.00;0.00
02;1113034102;2022;100;Recursos Não Vinculados de Impostos/ Recursos Ordinários;4;PREFEITURA MUNICIPAL DE UBERLÂNDIA;IRRF - Precatórios;SECRETARIA MUNICIPAL DE FINANÇAS;06;505.82;0.00
02;1113034102;2022;101;Receitas de Impostos e de Transferências de Impostos Vinculados à Educação;4;PREFEITURA MUNICIPAL DE UBERLÂNDIA;IRRF - Precatórios;SECRETARIA MUNICIPAL DE FINANÇAS;06;299.68;0.00
02;1113034102;2022;102;Receitas de Impostos e de Transferências de Impostos Vinculados à Saúde;4;PREFEITURA MUNICIPAL DE UBERLÂNDIA;IRRF - Precatórios;SECRETARIA MUNICIPAL DE FINANÇAS;06;363.77;0.00
02;1113034102;2022;100;Recursos Não Vinculados de Impostos/ Recursos Ordinários;5;PREFEITURA MUNICIPAL DE UBERLÂNDIA;IRRF - Precatórios;SECRETARIA MUNICIPAL DE FINANÇAS;06;0.00;0.00
02;1113034102;2022;101;Receitas de Impostos e de Transferências de Impostos Vinculados à Educação;5;PREFEITURA MUNICIPAL DE UBERLÂNDIA;IRRF - Precatórios;SECRETARIA MUNICIPAL DE FINANÇAS;06;0.00;0.00
02;1113034102;2022;102;Receitas de Impostos e de Transferências de Impostos Vinculados à Saúde;5;PREFEITURA MUNICIPAL DE UBERLÂNDIA;IRRF - Precatórios;SECRETARIA MUNICIPAL DE FINANÇAS;06;0.00;0.00
02;1113034102;2022;100;Recursos Não Vinculados de Impostos/ Recursos Ordinários;6;PREFEITURA MUNICIPAL DE UBERLÂNDIA;IRRF - Precatórios;SECRETARIA MUNICIPAL DE FINANÇAS;06;0.00;0.00
02;1113034102;2022;101;Receitas de Impostos e de Transferências de Impostos Vinculados à Educação;6;PREFEITURA MUNICIPAL DE UBERLÂNDIA;IRRF - Precatórios;SECRETARIA MUNICIPAL DE FINANÇAS;06;0.00;0.00
02;1113034102;2022;102;Receitas de Impostos e de Transferências de Impostos Vinculados à Saúde;6;PREFEITURA MUNICIPAL DE UBERLÂNDIA;IRRF - Precatórios;SECRETARIA MUNICIPAL DE FINANÇAS;06;0.00;0.00
02;1113034102;2022;100;Recursos Não Vinculados de Impostos/ Recursos Ordinários;7;PREFEITURA MUNICIPAL DE UBERLÂNDIA;IRRF - Precatórios;SECRETARIA MUNICIPAL DE FINANÇAS;06;0.00;0.00
02;1113034102;2022;101;Receitas de Impostos e de Transferências de Impostos Vinculados à Educação;7;PREFEITURA MUNICIPAL DE UBERLÂNDIA;IRRF - Precatórios;SECRETARIA MUNICIPAL DE FINANÇAS;06;0.00;0.00
02;1113034102;2022;102;Receitas de Impostos e de Transferências de Impostos Vinculados à Saúde;7;PREFEITURA MUNICIPAL DE UBERLÂNDIA;IRRF - Precatórios;SECRETARIA MUNICIPAL DE FINANÇAS;06;0.00;0.00
02;1113034102;2022;100;Recursos Não Vinculados de Impostos/ Recursos Ordinários;8;PREFEITURA MUNICIPAL DE UBERLÂNDIA;IRRF - Precatórios;SECRETARIA MUNICIPAL DE FINANÇAS;06;0.00;0.00
02;1113034102;2022;101;Receitas de Impostos e de Transferências de Impostos Vinculados à Educação;8;PREFEITURA MUNICIPAL DE UBERLÂNDIA;IRRF - Precatórios;SECRETARIA MUNICIPAL DE FINANÇAS;06;0.00;0.00
02;1113034102;2022;102;Receitas de Impostos e de Transferências de Impostos Vinculados à Saúde;8;PREFEITURA MUNICIPAL DE UBERLÂNDIA;IRRF - Precatórios;SECRETARIA MUNICIPAL DE FINANÇAS;06;0.00;0.00
02;1113034102;2022;100;Recursos Não Vinculados de Impostos/ Recursos Ordinários;9;PREFEITURA MUNICIPAL DE UBERLÂNDIA;IRRF - Precatórios;SECRETARIA MUNICIPAL DE FINANÇAS;06;0.00;0.00
02;1113034102;2022;101;Receitas de Impostos e de Transferências de Impostos Vinculados à Educação;9;PREFEITURA MUNICIPAL DE UBERLÂNDIA;IRRF - Precatórios;SECRETARIA MUNICIPAL DE FINANÇAS;06;0.00;0.00
02;1113034102;2022;102;Receitas de Impostos e de Transferências de Impostos Vinculados à Saúde;9;PREFEITURA MUNICIPAL DE UBERLÂNDIA;IRRF - Precatórios;SECRETARIA MUNICIPAL DE FINANÇAS;06;0.00;0.00
02;1113034102;2022;100;Recursos Não Vinculados de Impostos/ Recursos Ordinários;10;PREFEITURA MUNICIPAL DE UBERLÂNDIA;IRRF - Precatórios;SECRETARIA MUNICIPAL DE FINANÇAS;06;0.00;2034.82
02;1113034102;2022;101;Receitas de Impostos e de Transferências de Impostos Vinculados à Educação;10;PREFEITURA MUNICIPAL DE UBERLÂNDIA;IRRF - Precatórios;SECRETARIA MUNICIPAL DE FINANÇAS;06;0.00;1526.12
02;1113034102;2022;102;Receitas de Impostos e de Transferências de Impostos Vinculados à Saúde;10;PREFEITURA MUNICIPAL DE UBERLÂNDIA;IRRF - Precatórios;SECRETARIA MUNICIPAL DE FINANÇAS;06;0.00;1526.12
02;1113034102;2022;100;Recursos Não Vinculados de Impostos/ Recursos Ordinários;11;PREFEITURA MUNICIPAL DE UBERLÂNDIA;IRRF - Precatórios;SECRETARIA MUNICIPAL DE FINANÇAS;06;0.00;67392.00
02;1113034102;2022;101;Receitas de Impostos e de Transferências de Impostos Vinculados à Educação;11;PREFEITURA MUNICIPAL DE UBERLÂNDIA;IRRF - Precatórios;SECRETARIA MUNICIPAL DE FINANÇAS;06;0.00;50544.24
02;1113034102;2022;102;Receitas de Impostos e de Transferências de Impostos Vinculados à Saúde;11;PREFEITURA MUNICIPAL DE UBERLÂNDIA;IRRF - Precatórios;SECRETARIA MUNICIPAL DE FINANÇAS;06;0.00;50544.24
02;1113034102;2022;100;Recursos Não Vinculados de Impostos/ Recursos Ordinários;12;PREFEITURA MUNICIPAL DE UBERLÂNDIA;IRRF - Precatórios;SECRETARIA MUNICIPAL DE FINANÇAS;06;28642.18;14.18
02;1113034102;2022;101;Receitas de Impostos e de Transferências de Impostos Vinculados à Educação;12;PREFEITURA MUNICIPAL DE UBERLÂNDIA;IRRF - Precatórios;SECRETARIA MUNICIPAL DE FINANÇAS;06;16969.46;10.64
02;1113034102;2022;102;Receitas de Impostos e de Transferências de Impostos Vinculados à Saúde;12;PREFEITURA MUNICIPAL DE UBERLÂNDIA;IRRF - Precatórios;SECRETARIA MUNICIPAL DE FINANÇAS;06;20597.73;10.64
02;1114511101;2022;100;Recursos Não Vinculados de Impostos/ Recursos Ordinários;1;PREFEITURA MUNICIPAL DE UBERLÂNDIA;ISS Ofício;SECRETARIA MUNICIPAL DE FINANÇAS;06;11233.83;8707.11
02;1114511101;2022;101;Receitas de Impostos e de Transferências de Impostos Vinculados à Educação;1;PREFEITURA MUNICIPAL DE UBERLÂNDIA;ISS Ofício;SECRETARIA MUNICIPAL DE FINANÇAS;06;9253.66;6530.32
02;1114511101;2022;102;Receitas de Impostos e de Transferências de Impostos Vinculados à Saúde;1;PREFEITURA MUNICIPAL DE UBERLÂNDIA;ISS Ofício;SECRETARIA MUNICIPAL DE FINANÇAS;06;15619.16;6530.32
02;1114511101;2022;100;Recursos Não Vinculados de Impostos/ Recursos Ordinários;2;PREFEITURA MUNICIPAL DE UBERLÂNDIA;ISS Ofício;SECRETARIA MUNICIPAL DE FINANÇAS;06;8853.27;6656.47
02;1114511101;2022;101;Receitas de Impostos e de Transferências de Impostos Vinculados à Educação;2;PREFEITURA MUNICIPAL DE UBERLÂNDIA;ISS Ofício;SECRETARIA MUNICIPAL DE FINANÇAS;06;7293.08;4992.34
02;1114511101;2022;102;Receitas de Impostos e de Transferências de Impostos Vinculados à Saúde;2;PREFEITURA MUNICIPAL DE UBERLÂNDIA;ISS Ofício;SECRETARIA MUNICIPAL DE FINANÇAS;06;12309.84;4992.34
02;1114511101;2022;100;Recursos Não Vinculados de Impostos/ Recursos Ordinários;3;PREFEITURA MUNICIPAL DE UBERLÂNDIA;ISS Ofício;SECRETARIA MUNICIPAL DE FINANÇAS;06;83436.37;103501.13
02;1114511101;2022;101;Receitas de Impostos e de Transferências de Impostos Vinculados à Educação;3;PREFEITURA MUNICIPAL DE UBERLÂNDIA;ISS Ofício;SECRETARIA MUNICIPAL DE FINANÇAS;06;68737.23;77625.69
02;1114511101;2022;102;Receitas de Impostos e de Transferências de Impostos Vinculados à Saúde;3;PREFEITURA MUNICIPAL DE UBERLÂNDIA;ISS Ofício;SECRETARIA MUNICIPAL DE FINANÇAS;06;116020.27;77625.69
02;1114511101;2022;100;Recursos Não Vinculados de Impostos/ Recursos Ordinários;4;PREFEITURA MUNICIPAL DE UBERLÂNDIA;ISS Ofício;SECRETARIA MUNICIPAL DE FINANÇAS;06;82709.90;109892.17
02;1114511101;2022;101;Receitas de Impostos e de Transferências de Impostos Vinculados à Educação;4;PREFEITURA MUNICIPAL DE UBERLÂNDIA;ISS Ofício;SECRETARIA MUNICIPAL DE FINANÇAS;06;49002.47;82418.96
02;1114511101;2022;102;Receitas de Impostos e de Transferências de Impostos Vinculados à Saúde;4;PREFEITURA MUNICIPAL DE UBERLÂNDIA;ISS Ofício;SECRETARIA MUNICIPAL DE FINANÇAS;06;59481.69;82418.96
02;1114511101;2022;100;Recursos Não Vinculados de Impostos/ Recursos Ordinários;5;PREFEITURA MUNICIPAL DE UBERLÂNDIA;ISS Ofício;SECRETARIA MUNICIPAL DE FINANÇAS;06;16498.85;17611.86
02;1114511101;2022;101;Receitas de Impostos e de Transferências de Impostos Vinculados à Educação;5;PREFEITURA MUNICIPAL DE UBERLÂNDIA;ISS Ofício;SECRETARIA MUNICIPAL DE FINANÇAS;06;9776.70;13208.86
02;1114511101;2022;102;Receitas de Impostos e de Transferências de Impostos Vinculados à Saúde;5;PREFEITURA MUNICIPAL DE UBERLÂNDIA;ISS Ofício;SECRETARIA MUNICIPAL DE FINANÇAS;06;11864.76;13208.86
02;1114511101;2022;100;Recursos Não Vinculados de Impostos/ Recursos Ordinários;6;PREFEITURA MUNICIPAL DE UBERLÂNDIA;ISS Ofício;SECRETARIA MUNICIPAL DE FINANÇAS;06;57482.48;72743.85
02;1114511101;2022;101;Receitas de Impostos e de Transferências de Impostos Vinculados à Educação;6;PREFEITURA MUNICIPAL DE UBERLÂNDIA;ISS Ofício;SECRETARIA MUNICIPAL DE FINANÇAS;06;34056.02;54557.77
02;1114511101;2022;102;Receitas de Impostos e de Transferências de Impostos Vinculados à Saúde;6;PREFEITURA MUNICIPAL DE UBERLÂNDIA;ISS Ofício;SECRETARIA MUNICIPAL DE FINANÇAS;06;41340.18;54557.77
02;1114511101;2022;100;Recursos Não Vinculados de Impostos/ Recursos Ordinários;7;PREFEITURA MUNICIPAL DE UBERLÂNDIA;ISS Ofício;SECRETARIA MUNICIPAL DE FINANÇAS;06;71064.99;68460.20
02;1114511101;2022;101;Receitas de Impostos e de Transferências de Impostos Vinculados à Educação;7;PREFEITURA MUNICIPAL DE UBERLÂNDIA;ISS Ofício;SECRETARIA MUNICIPAL DE FINANÇAS;06;42105.25;51345.04
02;1114511101;2022;102;Receitas de Impostos e de Transferências de Impostos Vinculados à Saúde;7;PREFEITURA MUNICIPAL DE UBERLÂNDIA;ISS Ofício;SECRETARIA MUNICIPAL DE FINANÇAS;06;51105.46;51345.04
02;1114511101;2022;100;Recursos Não Vinculados de Impostos/ Recursos Ordinários;8;PREFEITURA MUNICIPAL DE UBERLÂNDIA;ISS Ofício;SECRETARIA MUNICIPAL DE FINANÇAS;06;15930.07;13058.33
02;1114511101;2022;101;Receitas de Impostos e de Transferências de Impostos Vinculados à Educação;8;PREFEITURA MUNICIPAL DE UBERLÂNDIA;ISS Ofício;SECRETARIA MUNICIPAL DE FINANÇAS;06;9439.26;9793.72
02;1114511101;2022;102;Receitas de Impostos e de Transferências de Impostos Vinculados à Saúde;8;PREFEITURA MUNICIPAL DE UBERLÂNDIA;ISS Ofício;SECRETARIA MUNICIPAL DE FINANÇAS;06;11455.81;9793.72
02;1114511101;2022;100;Recursos Não Vinculados de Impostos/ Recursos Ordinários;9;PREFEITURA MUNICIPAL DE UBERLÂNDIA;ISS Ofício;SECRETARIA MUNICIPAL DE FINANÇAS;06;59608.06;47847.86
02;1114511101;2022;101;Receitas de Impostos e de Transferências de Impostos Vinculados à Educação;9;PREFEITURA MUNICIPAL DE UBERLÂNDIA;ISS Ofício;SECRETARIA MUNICIPAL DE FINANÇAS;06;35317.86;35885.82
02;1114511101;2022;102;Receitas de Impostos e de Transferências de Impostos Vinculados à Saúde;9;PREFEITURA MUNICIPAL DE UBERLÂNDIA;ISS Ofício;SECRETARIA MUNICIPAL DE FINANÇAS;06;42866.30;35885.82
02;1114511101;2022;100;Recursos Não Vinculados de Impostos/ Recursos Ordinários;10;PREFEITURA MUNICIPAL DE UBERLÂNDIA;ISS Ofício;SECRETARIA MUNICIPAL DE FINANÇAS;06;67122.87;71681.66
02;1114511101;2022;101;Receitas de Impostos e de Transferências de Impostos Vinculados à Educação;10;PREFEITURA MUNICIPAL DE UBERLÂNDIA;ISS Ofício;SECRETARIA MUNICIPAL DE FINANÇAS;06;39769.58;53761.13
02;1114511101;2022;102;Receitas de Impostos e de Transferências de Impostos Vinculados à Saúde;10;PREFEITURA MUNICIPAL DE UBERLÂNDIA;ISS Ofício;SECRETARIA MUNICIPAL DE FINANÇAS;06;48270.48;53761.13
02;1114511101;2022;100;Recursos Não Vinculados de Impostos/ Recursos Ordinários;11;PREFEITURA MUNICIPAL DE UBERLÂNDIA;ISS Ofício;SECRETARIA MUNICIPAL DE FINANÇAS;06;26256.52;16234.34
02;1114511101;2022;101;Receitas de Impostos e de Transferências de Impostos Vinculados à Educação;11;PREFEITURA MUNICIPAL DE UBERLÂNDIA;ISS Ofício;SECRETARIA MUNICIPAL DE FINANÇAS;06;15557.72;12175.73
02;1114511101;2022;102;Receitas de Impostos e de Transferências de Impostos Vinculados à Saúde;11;PREFEITURA MUNICIPAL DE UBERLÂNDIA;ISS Ofício;SECRETARIA MUNICIPAL DE FINANÇAS;06;18881.88;12175.73
02;1114511101;2022;100;Recursos Não Vinculados de Impostos/ Recursos Ordinários;12;PREFEITURA MUNICIPAL DE UBERLÂNDIA;ISS Ofício;SECRETARIA MUNICIPAL DE FINANÇAS;06;133835.98;101509.02
02;1114511101;2022;101;Receitas de Impostos e de Transferências de Impostos Vinculados à Educação;12;PREFEITURA MUNICIPAL DE UBERLÂNDIA;ISS Ofício;SECRETARIA MUNICIPAL DE FINANÇAS;06;79291.18;76131.62
02;1114511101;2022;102;Receitas de Impostos e de Transferências de Impostos Vinculados à Saúde;12;PREFEITURA MUNICIPAL DE UBERLÂNDIA;ISS Ofício;SECRETARIA MUNICIPAL DE FINANÇAS;06;96244.66;76131.62
02;1114511102;2022;100;Recursos Não Vinculados de Impostos/ Recursos Ordinários;1;PREFEITURA MUNICIPAL DE UBERLÂNDIA;ISS Homologado - PMU;SECRETARIA MUNICIPAL DE FINANÇAS;06;7685155.46;12602807.56
02;1114511102;2022;101;Receitas de Impostos e de Transferências de Impostos Vinculados à Educação;1;PREFEITURA MUNICIPAL DE UBERLÂNDIA;ISS Homologado - PMU;SECRETARIA MUNICIPAL DE FINANÇAS;06;6331411.37;7327213.68
02;1114511102;2022;102;Receitas de Impostos e de Transferências de Impostos Vinculados à Saúde;1;PREFEITURA MUNICIPAL DE UBERLÂNDIA;ISS Homologado - PMU;SECRETARIA MUNICIPAL DE FINANÇAS;06;10686575.27;9378833.57
02;1114511102;2022;100;Recursos Não Vinculados de Impostos/ Recursos Ordinários;2;PREFEITURA MUNICIPAL DE UBERLÂNDIA;ISS Homologado - PMU;SECRETARIA MUNICIPAL DE FINANÇAS;06;6601326.76;11161520.71
02;1114511102;2022;101;Receitas de Impostos e de Transferências de Impostos Vinculados à Educação;2;PREFEITURA MUNICIPAL DE UBERLÂNDIA;ISS Homologado - PMU;SECRETARIA MUNICIPAL DE FINANÇAS;06;5438498.94;6489256.21
02;1114511102;2022;102;Receitas de Impostos e de Transferências de Impostos Vinculados à Saúde;2;PREFEITURA MUNICIPAL DE UBERLÂNDIA;ISS Homologado - PMU;SECRETARIA MUNICIPAL DE FINANÇAS;06;9179458.87;8306248.00
02;1114511102;2022;100;Recursos Não Vinculados de Impostos/ Recursos Ordinários;3;PREFEITURA MUNICIPAL DE UBERLÂNDIA;ISS Homologado - PMU;SECRETARIA MUNICIPAL DE FINANÇAS;06;6771721.72;11054517.77
02;1114511102;2022;101;Receitas de Impostos e de Transferências de Impostos Vinculados à Educação;3;PREFEITURA MUNICIPAL DE UBERLÂNDIA;ISS Homologado - PMU;SECRETARIA MUNICIPAL DE FINANÇAS;06;5578877.21;6427045.20
02;1114511102;2022;102;Receitas de Impostos e de Transferências de Impostos Vinculados à Saúde;3;PREFEITURA MUNICIPAL DE UBERLÂNDIA;ISS Homologado - PMU;SECRETARIA MUNICIPAL DE FINANÇAS;06;9416402.07;8226617.91
02;1114511102;2022;100;Recursos Não Vinculados de Impostos/ Recursos Ordinários;4;PREFEITURA MUNICIPAL DE UBERLÂNDIA;ISS Homologado - PMU;SECRETARIA MUNICIPAL DE FINANÇAS;06;10410423.49;11697379.43
02;1114511102;2022;101;Receitas de Impostos e de Transferências de Impostos Vinculados à Educação;4;PREFEITURA MUNICIPAL DE UBERLÂNDIA;ISS Homologado - PMU;SECRETARIA MUNICIPAL DE FINANÇAS;06;6167801.20;6800801.98
02;1114511102;2022;102;Receitas de Impostos e de Transferências de Impostos Vinculados à Saúde;4;PREFEITURA MUNICIPAL DE UBERLÂNDIA;ISS Homologado - PMU;SECRETARIA MUNICIPAL DE FINANÇAS;06;7486563.56;8705026.59
02;1114511102;2022;100;Recursos Não Vinculados de Impostos/ Recursos Ordinários;5;PREFEITURA MUNICIPAL DE UBERLÂNDIA;ISS Homologado - PMU;SECRETARIA MUNICIPAL DE FINANÇAS;06;10630711.34;12204667.41
02;1114511102;2022;101;Receitas de Impostos e de Transferências de Impostos Vinculados à Educação;5;PREFEITURA MUNICIPAL DE UBERLÂNDIA;ISS Homologado - PMU;SECRETARIA MUNICIPAL DE FINANÇAS;06;6298327.65;7095736.85
02;1114511102;2022;102;Receitas de Impostos e de Transferências de Impostos Vinculados à Saúde;5;PREFEITURA MUNICIPAL DE UBERLÂNDIA;ISS Homologado - PMU;SECRETARIA MUNICIPAL DE FINANÇAS;06;7644968.89;9082543.23
02;1114511102;2022;100;Recursos Não Vinculados de Impostos/ Recursos Ordinários;6;PREFEITURA MUNICIPAL DE UBERLÂNDIA;ISS Homologado - PMU;SECRETARIA MUNICIPAL DE FINANÇAS;06;10979555.61;11693147.35
02;1114511102;2022;101;Receitas de Impostos e de Transferências de Impostos Vinculados à Educação;6;PREFEITURA MUNICIPAL DE UBERLÂNDIA;ISS Homologado - PMU;SECRETARIA MUNICIPAL DE FINANÇAS;06;6504990.78;6798341.47
02;1114511102;2022;102;Receitas de Impostos e de Transferências de Impostos Vinculados à Saúde;6;PREFEITURA MUNICIPAL DE UBERLÂNDIA;ISS Homologado - PMU;SECRETARIA MUNICIPAL DE FINANÇAS;06;7895849.71;8701877.14
02;1114511102;2022;100;Recursos Não Vinculados de Impostos/ Recursos Ordinários;7;PREFEITURA MUNICIPAL DE UBERLÂNDIA;ISS Homologado - PMU;SECRETARIA MUNICIPAL DE FINANÇAS;06;11149389.55;8548187.23
02;1114511102;2022;101;Receitas de Impostos e de Transferências de Impostos Vinculados à Educação;7;PREFEITURA MUNICIPAL DE UBERLÂNDIA;ISS Homologado - PMU;SECRETARIA MUNICIPAL DE FINANÇAS;06;6605625.62;4969876.28
02;1114511102;2022;102;Receitas de Impostos e de Transferências de Impostos Vinculados à Saúde;7;PREFEITURA MUNICIPAL DE UBERLÂNDIA;ISS Homologado - PMU;SECRETARIA MUNICIPAL DE FINANÇAS;06;8017971.30;6361441.69
02;1114511102;2022;100;Recursos Não Vinculados de Impostos/ Recursos Ordinários;8;PREFEITURA MUNICIPAL DE UBERLÂNDIA;ISS Homologado - PMU;SECRETARIA MUNICIPAL DE FINANÇAS;06;11700063.61;8775353.04
02;1114511102;2022;101;Receitas de Impostos e de Transferências de Impostos Vinculados à Educação;8;PREFEITURA MUNICIPAL DE UBERLÂNDIA;ISS Homologado - PMU;SECRETARIA MUNICIPAL DE FINANÇAS;06;6931879.74;5101949.43
02;1114511102;2022;102;Receitas de Impostos e de Transferências de Impostos Vinculados à Saúde;8;PREFEITURA MUNICIPAL DE UBERLÂNDIA;ISS Homologado - PMU;SECRETARIA MUNICIPAL DE FINANÇAS;06;8413982.97;6530495.31
02;1114511102;2022;100;Recursos Não Vinculados de Impostos/ Recursos Ordinários;9;PREFEITURA MUNICIPAL DE UBERLÂNDIA;ISS Homologado - PMU;SECRETARIA MUNICIPAL DE FINANÇAS;06;11841844.54;9182270.08
02;1114511102;2022;101;Receitas de Impostos e de Transferências de Impostos Vinculados à Educação;9;PREFEITURA MUNICIPAL DE UBERLÂNDIA;ISS Homologado - PMU;SECRETARIA MUNICIPAL DE FINANÇAS;06;7015881.57;5338529.10
02;1114511102;2022;102;Receitas de Impostos e de Transferências de Impostos Vinculados à Saúde;9;PREFEITURA MUNICIPAL DE UBERLÂNDIA;ISS Homologado - PMU;SECRETARIA MUNICIPAL DE FINANÇAS;06;8515943.65;6833317.29
02;1114511102;2022;100;Recursos Não Vinculados de Impostos/ Recursos Ordinários;10;PREFEITURA MUNICIPAL DE UBERLÂNDIA;ISS Homologado - PMU;SECRETARIA MUNICIPAL DE FINANÇAS;06;11851458.97;9143767.18
02;1114511102;2022;101;Receitas de Impostos e de Transferências de Impostos Vinculados à Educação;10;PREFEITURA MUNICIPAL DE UBERLÂNDIA;ISS Homologado - PMU;SECRETARIA MUNICIPAL DE FINANÇAS;06;7021576.73;5316143.69
02;1114511102;2022;102;Receitas de Impostos e de Transferências de Impostos Vinculados à Saúde;10;PREFEITURA MUNICIPAL DE UBERLÂNDIA;ISS Homologado - PMU;SECRETARIA MUNICIPAL DE FINANÇAS;06;8522857.17;6804663.97
02;1114511102;2022;100;Recursos Não Vinculados de Impostos/ Recursos Ordinários;11;PREFEITURA MUNICIPAL DE UBERLÂNDIA;ISS Homologado - PMU;SECRETARIA MUNICIPAL DE FINANÇAS;06;11538129.21;9561465.93
02;1114511102;2022;101;Receitas de Impostos e de Transferências de Impostos Vinculados à Educação;11;PREFEITURA MUNICIPAL DE UBERLÂNDIA;ISS Homologado - PMU;SECRETARIA MUNICIPAL DE FINANÇAS;06;6835939.11;5558991.80
02;1114511102;2022;102;Receitas de Impostos e de Transferências de Impostos Vinculados à Saúde;11;PREFEITURA MUNICIPAL DE UBERLÂNDIA;ISS Homologado - PMU;SECRETARIA MUNICIPAL DE FINANÇAS;06;8297529.26;7115509.56
02;1114511102;2022;100;Recursos Não Vinculados de Impostos/ Recursos Ordinários;12;PREFEITURA MUNICIPAL DE UBERLÂNDIA;ISS Homologado - PMU;SECRETARIA MUNICIPAL DE FINANÇAS;06;14355292.04;9229823.31
02;1114511102;2022;101;Receitas de Impostos e de Transferências de Impostos Vinculados à Educação;12;PREFEITURA MUNICIPAL DE UBERLÂNDIA;ISS Homologado - PMU;SECRETARIA MUNICIPAL DE FINANÇAS;06;8504983.86;5366176.31
02;1114511102;2022;102;Receitas de Impostos e de Transferências de Impostos Vinculados à Saúde;12;PREFEITURA MUNICIPAL DE UBERLÂNDIA;ISS Homologado - PMU;SECRETARIA MUNICIPAL DE FINANÇAS;06;10323452.02;6868705.74
02;1114511103;2022;100;Recursos Não Vinculados de Impostos/ Recursos Ordinários;1;PREFEITURA MUNICIPAL DE UBERLÂNDIA;ISS Homologado - Simples;SECRETARIA MUNICIPAL DE FINANÇAS;06;2751983.60;3771373.31
02;1114511103;2022;101;Receitas de Impostos e de Transferências de Impostos Vinculados à Educação;1;PREFEITURA MUNICIPAL DE UBERLÂNDIA;ISS Homologado - Simples;SECRETARIA MUNICIPAL DE FINANÇAS;06;2267223.76;2453451.45
02;1114511103;2022;102;Receitas de Impostos e de Transferências de Impostos Vinculados à Saúde;1;PREFEITURA MUNICIPAL DE UBERLÂNDIA;ISS Homologado - Simples;SECRETARIA MUNICIPAL DE FINANÇAS;06;3826769.51;2929329.36
02;1114511103;2022;100;Recursos Não Vinculados de Impostos/ Recursos Ordinários;2;PREFEITURA MUNICIPAL DE UBERLÂNDIA;ISS Homologado - Simples;SECRETARIA MUNICIPAL DE FINANÇAS;06;2084691.68;3051486.20
02;1114511103;2022;101;Receitas de Impostos e de Transferências de Impostos Vinculados à Educação;2;PREFEITURA MUNICIPAL DE UBERLÂNDIA;ISS Homologado - Simples;SECRETARIA MUNICIPAL DE FINANÇAS;06;1717474.80;1985131.83
02;1114511103;2022;102;Receitas de Impostos e de Transferências de Impostos Vinculados à Saúde;2;PREFEITURA MUNICIPAL DE UBERLÂNDIA;ISS Homologado - Simples;SECRETARIA MUNICIPAL DE FINANÇAS;06;2898867.02;2370173.24
02;1114511103;2022;100;Recursos Não Vinculados de Impostos/ Recursos Ordinários;3;PREFEITURA MUNICIPAL DE UBERLÂNDIA;ISS Homologado - Simples;SECRETARIA MUNICIPAL DE FINANÇAS;06;2199452.55;3264790.52
02;1114511103;2022;101;Receitas de Impostos e de Transferências de Impostos Vinculados à Educação;3;PREFEITURA MUNICIPAL DE UBERLÂNDIA;ISS Homologado - Simples;SECRETARIA MUNICIPAL DE FINANÇAS;06;1812020.60;2123896.09
02;1114511103;2022;102;Receitas de Impostos e de Transferências de Impostos Vinculados à Saúde;3;PREFEITURA MUNICIPAL DE UBERLÂNDIA;ISS Homologado - Simples;SECRETARIA MUNICIPAL DE FINANÇAS;06;3058447.69;2535852.57
02;1114511103;2022;100;Recursos Não Vinculados de Impostos/ Recursos Ordinários;4;PREFEITURA MUNICIPAL DE UBERLÂNDIA;ISS Homologado - Simples;SECRETARIA MUNICIPAL DE FINANÇAS;06;3313811.24;2500812.16
02;1114511103;2022;101;Receitas de Impostos e de Transferências de Impostos Vinculados à Educação;4;PREFEITURA MUNICIPAL DE UBERLÂNDIA;ISS Homologado - Simples;SECRETARIA MUNICIPAL DE FINANÇAS;06;1963314.40;1626893.10
02;1114511103;2022;102;Receitas de Impostos e de Transferências de Impostos Vinculados à Saúde;4;PREFEITURA MUNICIPAL DE UBERLÂNDIA;ISS Homologado - Simples;SECRETARIA MUNICIPAL DE FINANÇAS;06;2383094.72;1942449.57
02;1114511103;2022;100;Recursos Não Vinculados de Impostos/ Recursos Ordinários;5;PREFEITURA MUNICIPAL DE UBERLÂNDIA;ISS Homologado - Simples;SECRETARIA MUNICIPAL DE FINANÇAS;06;3378204.58;2529767.32
02;1114511103;2022;101;Receitas de Impostos e de Transferências de Impostos Vinculados à Educação;5;PREFEITURA MUNICIPAL DE UBERLÂNDIA;ISS Homologado - Simples;SECRETARIA MUNICIPAL DE FINANÇAS;06;2001465.48;1645729.76
02;1114511103;2022;102;Receitas de Impostos e de Transferências de Impostos Vinculados à Saúde;5;PREFEITURA MUNICIPAL DE UBERLÂNDIA;ISS Homologado - Simples;SECRETARIA MUNICIPAL DE FINANÇAS;06;2429402.29;1964939.84
02;1114511103;2022;100;Recursos Não Vinculados de Impostos/ Recursos Ordinários;6;PREFEITURA MUNICIPAL DE UBERLÂNDIA;ISS Homologado - Simples;SECRETARIA MUNICIPAL DE FINANÇAS;06;3541830.48;2613127.11
02;1114511103;2022;101;Receitas de Impostos e de Transferências de Impostos Vinculados à Educação;6;PREFEITURA MUNICIPAL DE UBERLÂNDIA;ISS Homologado - Simples;SECRETARIA MUNICIPAL DE FINANÇAS;06;2098407.61;1699959.13
02;1114511103;2022;102;Receitas de Impostos e de Transferências de Impostos Vinculados à Saúde;6;PREFEITURA MUNICIPAL DE UBERLÂNDIA;ISS Homologado - Simples;SECRETARIA MUNICIPAL DE FINANÇAS;06;2547072.54;2029687.68
02;1114511103;2022;100;Recursos Não Vinculados de Impostos/ Recursos Ordinários;7;PREFEITURA MUNICIPAL DE UBERLÂNDIA;ISS Homologado - Simples;SECRETARIA MUNICIPAL DE FINANÇAS;06;3552840.40;2790954.37
02;1114511103;2022;101;Receitas de Impostos e de Transferências de Impostos Vinculados à Educação;7;PREFEITURA MUNICIPAL DE UBERLÂNDIA;ISS Homologado - Simples;SECRETARIA MUNICIPAL DE FINANÇAS;06;2104930.88;1815643.92
02;1114511103;2022;102;Receitas de Impostos e de Transferências de Impostos Vinculados à Saúde;7;PREFEITURA MUNICIPAL DE UBERLÂNDIA;ISS Homologado - Simples;SECRETARIA MUNICIPAL DE FINANÇAS;06;2554989.91;2167811.00
02;1114511103;2022;100;Recursos Não Vinculados de Impostos/ Recursos Ordinários;8;PREFEITURA MUNICIPAL DE UBERLÂNDIA;ISS Homologado - Simples;SECRETARIA MUNICIPAL DE FINANÇAS;06;3584161.27;2890162.14
02;1114511103;2022;101;Receitas de Impostos e de Transferências de Impostos Vinculados à Educação;8;PREFEITURA MUNICIPAL DE UBERLÂNDIA;ISS Homologado - Simples;SECRETARIA MUNICIPAL DE FINANÇAS;06;2123487.43;1880183.13
02;1114511103;2022;102;Receitas de Impostos e de Transferências de Impostos Vinculados à Saúde;8;PREFEITURA MUNICIPAL DE UBERLÂNDIA;ISS Homologado - Simples;SECRETARIA MUNICIPAL DE FINANÇAS;06;2577513.99;2244868.41
02;1114511103;2022;100;Recursos Não Vinculados de Impostos/ Recursos Ordinários;9;PREFEITURA MUNICIPAL DE UBERLÂNDIA;ISS Homologado - Simples;SECRETARIA MUNICIPAL DE FINANÇAS;06;3749417.84;2910987.20
02;1114511103;2022;101;Receitas de Impostos e de Transferências de Impostos Vinculados à Educação;9;PREFEITURA MUNICIPAL DE UBERLÂNDIA;ISS Homologado - Simples;SECRETARIA MUNICIPAL DE FINANÇAS;06;2221395.98;1893730.78
02;1114511103;2022;102;Receitas de Impostos e de Transferências de Impostos Vinculados à Saúde;9;PREFEITURA MUNICIPAL DE UBERLÂNDIA;ISS Homologado - Simples;SECRETARIA MUNICIPAL DE FINANÇAS;06;2696356.64;2261043.80
02;1114511103;2022;100;Recursos Não Vinculados de Impostos/ Recursos Ordinários;10;PREFEITURA MUNICIPAL DE UBERLÂNDIA;ISS Homologado - Simples;SECRETARIA MUNICIPAL DE FINANÇAS;06;3958809.31;2609135.93
02;1114511103;2022;101;Receitas de Impostos e de Transferências de Impostos Vinculados à Educação;10;PREFEITURA MUNICIPAL DE UBERLÂNDIA;ISS Homologado - Simples;SECRETARIA MUNICIPAL DE FINANÇAS;06;2345452.95;1697362.68
02;1114511103;2022;102;Receitas de Impostos e de Transferências de Impostos Vinculados à Saúde;10;PREFEITURA MUNICIPAL DE UBERLÂNDIA;ISS Homologado - Simples;SECRETARIA MUNICIPAL DE FINANÇAS;06;2846938.41;2026587.62
02;1114511103;2022;100;Recursos Não Vinculados de Impostos/ Recursos Ordinários;11;PREFEITURA MUNICIPAL DE UBERLÂNDIA;ISS Homologado - Simples;SECRETARIA MUNICIPAL DE FINANÇAS;06;3958090.34;2737316.78
02;1114511103;2022;101;Receitas de Impostos e de Transferências de Impostos Vinculados à Educação;11;PREFEITURA MUNICIPAL DE UBERLÂNDIA;ISS Homologado - Simples;SECRETARIA MUNICIPAL DE FINANÇAS;06;2345026.96;1780750.21
02;1114511103;2022;102;Receitas de Impostos e de Transferências de Impostos Vinculados à Saúde;11;PREFEITURA MUNICIPAL DE UBERLÂNDIA;ISS Homologado - Simples;SECRETARIA MUNICIPAL DE FINANÇAS;06;2846421.39;2126149.21
02;1114511103;2022;100;Recursos Não Vinculados de Impostos/ Recursos Ordinários;12;PREFEITURA MUNICIPAL DE UBERLÂNDIA;ISS Homologado - Simples;SECRETARIA MUNICIPAL DE FINANÇAS;06;4137613.96;2768832.96
02;1114511103;2022;101;Receitas de Impostos e de Transferências de Impostos Vinculados à Educação;12;PREFEITURA MUNICIPAL DE UBERLÂNDIA;ISS Homologado - Simples;SECRETARIA MUNICIPAL DE FINANÇAS;06;2451387.83;1801252.92
02;1114511103;2022;102;Receitas de Impostos e de Transferências de Impostos Vinculados à Saúde;12;PREFEITURA MUNICIPAL DE UBERLÂNDIA;ISS Homologado - Simples;SECRETARIA MUNICIPAL DE FINANÇAS;06;2975523.82;2150628.70
02;1114511201;2022;100;Recursos Não Vinculados de Impostos/ Recursos Ordinários;1;PREFEITURA MUNICIPAL DE UBERLÂNDIA;Multas e Juros - ISS;SECRETARIA MUNICIPAL DE FINANÇAS;06;141054.12;167115.84
02;1114511201;2022;101;Receitas de Impostos e de Transferências de Impostos Vinculados à Educação;1;PREFEITURA MUNICIPAL DE UBERLÂNDIA;Multas e Juros - ISS;SECRETARIA MUNICIPAL DE FINANÇAS;06;116193.97;125336.93
02;1114511201;2022;102;Receitas de Impostos e de Transferências de Impostos Vinculados à Saúde;1;PREFEITURA MUNICIPAL DE UBERLÂNDIA;Multas e Juros - ISS;SECRETARIA MUNICIPAL DE FINANÇAS;06;196121.24;125336.93
02;1114511201;2022;100;Recursos Não Vinculados de Impostos/ Recursos Ordinários;2;PREFEITURA MUNICIPAL DE UBERLÂNDIA;Multas e Juros - ISS;SECRETARIA MUNICIPAL DE FINANÇAS;06;71251.39;150443.24
02;1114511201;2022;101;Receitas de Impostos e de Transferências de Impostos Vinculados à Educação;2;PREFEITURA MUNICIPAL DE UBERLÂNDIA;Multas e Juros - ISS;SECRETARIA MUNICIPAL DE FINANÇAS;06;58692.37;112832.47
02;1114511201;2022;102;Receitas de Impostos e de Transferências de Impostos Vinculados à Saúde;2;PREFEITURA MUNICIPAL DE UBERLÂNDIA;Multas e Juros - ISS;SECRETARIA MUNICIPAL DE FINANÇAS;06;99065.69;112832.47
02;1114511201;2022;100;Recursos Não Vinculados de Impostos/ Recursos Ordinários;3;PREFEITURA MUNICIPAL DE UBERLÂNDIA;Multas e Juros - ISS;SECRETARIA MUNICIPAL DE FINANÇAS;06;77804.47;133478.23
02;1114511201;2022;101;Receitas de Impostos e de Transferências de Impostos Vinculados à Educação;3;PREFEITURA MUNICIPAL DE UBERLÂNDIA;Multas e Juros - ISS;SECRETARIA MUNICIPAL DE FINANÇAS;06;64089.76;100108.71
02;1114511201;2022;102;Receitas de Impostos e de Transferências de Impostos Vinculados à Saúde;3;PREFEITURA MUNICIPAL DE UBERLÂNDIA;Multas e Juros - ISS;SECRETARIA MUNICIPAL DE FINANÇAS;06;108177.07;100108.71
02;1114511201;2022;100;Recursos Não Vinculados de Impostos/ Recursos Ordinários;4;PREFEITURA MUNICIPAL DE UBERLÂNDIA;Multas e Juros - ISS;SECRETARIA MUNICIPAL DE FINANÇAS;06;105400.94;146088.43
02;1114511201;2022;101;Receitas de Impostos e de Transferências de Impostos Vinculados à Educação;4;PREFEITURA MUNICIPAL DE UBERLÂNDIA;Multas e Juros - ISS;SECRETARIA MUNICIPAL DE FINANÇAS;06;62442.63;109566.36
02;1114511201;2022;102;Receitas de Impostos e de Transferências de Impostos Vinculados à Saúde;4;PREFEITURA MUNICIPAL DE UBERLÂNDIA;Multas e Juros - ISS;SECRETARIA MUNICIPAL DE FINANÇAS;06;75800.19;109566.36
02;1114511201;2022;100;Recursos Não Vinculados de Impostos/ Recursos Ordinários;5;PREFEITURA MUNICIPAL DE UBERLÂNDIA;Multas e Juros - ISS;SECRETARIA MUNICIPAL DE FINANÇAS;06;142111.21;208202.11
02;1114511201;2022;101;Receitas de Impostos e de Transferências de Impostos Vinculados à Educação;5;PREFEITURA MUNICIPAL DE UBERLÂNDIA;Multas e Juros - ISS;SECRETARIA MUNICIPAL DE FINANÇAS;06;84199.26;156151.64
02;1114511201;2022;102;Receitas de Impostos e de Transferências de Impostos Vinculados à Saúde;5;PREFEITURA MUNICIPAL DE UBERLÂNDIA;Multas e Juros - ISS;SECRETARIA MUNICIPAL DE FINANÇAS;06;102193.44;156151.64
02;1114511201;2022;100;Recursos Não Vinculados de Impostos/ Recursos Ordinários;6;PREFEITURA MUNICIPAL DE UBERLÂNDIA;Multas e Juros - ISS;SECRETARIA MUNICIPAL DE FINANÇAS;06;150259.32;190670.04
02;1114511201;2022;101;Receitas de Impostos e de Transferências de Impostos Vinculados à Educação;6;PREFEITURA MUNICIPAL DE UBERLÂNDIA;Multas e Juros - ISS;SECRETARIA MUNICIPAL DE FINANÇAS;06;89021.26;143002.59
02;1114511201;2022;102;Receitas de Impostos e de Transferências de Impostos Vinculados à Saúde;6;PREFEITURA MUNICIPAL DE UBERLÂNDIA;Multas e Juros - ISS;SECRETARIA MUNICIPAL DE FINANÇAS;06;108061.81;143002.59
02;1114511201;2022;100;Recursos Não Vinculados de Impostos/ Recursos Ordinários;7;PREFEITURA MUNICIPAL DE UBERLÂNDIA;Multas e Juros - ISS;SECRETARIA MUNICIPAL DE FINANÇAS;06;122859.83;163860.99
02;1114511201;2022;101;Receitas de Impostos e de Transferências de Impostos Vinculados à Educação;7;PREFEITURA MUNICIPAL DE UBERLÂNDIA;Multas e Juros - ISS;SECRETARIA MUNICIPAL DE FINANÇAS;06;72792.11;122895.78
02;1114511201;2022;102;Receitas de Impostos e de Transferências de Impostos Vinculados à Saúde;7;PREFEITURA MUNICIPAL DE UBERLÂNDIA;Multas e Juros - ISS;SECRETARIA MUNICIPAL DE FINANÇAS;06;88347.73;122895.78
02;1114511201;2022;100;Recursos Não Vinculados de Impostos/ Recursos Ordinários;8;PREFEITURA MUNICIPAL DE UBERLÂNDIA;Multas e Juros - ISS;SECRETARIA MUNICIPAL DE FINANÇAS;06;183891.92;111742.40
02;1114511201;2022;101;Receitas de Impostos e de Transferências de Impostos Vinculados à Educação;8;PREFEITURA MUNICIPAL DE UBERLÂNDIA;Multas e Juros - ISS;SECRETARIA MUNICIPAL DE FINANÇAS;06;108952.31;83806.83
02;1114511201;2022;102;Receitas de Impostos e de Transferências de Impostos Vinculados à Saúde;8;PREFEITURA MUNICIPAL DE UBERLÂNDIA;Multas e Juros - ISS;SECRETARIA MUNICIPAL DE FINANÇAS;06;132240.25;83806.83
02;1114511201;2022;100;Recursos Não Vinculados de Impostos/ Recursos Ordinários;9;PREFEITURA MUNICIPAL DE UBERLÂNDIA;Multas e Juros - ISS;SECRETARIA MUNICIPAL DE FINANÇAS;06;192214.60;133781.69
02;1114511201;2022;101;Receitas de Impostos e de Transferências de Impostos Vinculados à Educação;9;PREFEITURA MUNICIPAL DE UBERLÂNDIA;Multas e Juros - ISS;SECRETARIA MUNICIPAL DE FINANÇAS;06;113884.03;100336.30
02;1114511201;2022;102;Receitas de Impostos e de Transferências de Impostos Vinculados à Saúde;9;PREFEITURA MUNICIPAL DE UBERLÂNDIA;Multas e Juros - ISS;SECRETARIA MUNICIPAL DE FINANÇAS;06;138224.90;100336.30
02;1114511201;2022;100;Recursos Não Vinculados de Impostos/ Recursos Ordinários;10;PREFEITURA MUNICIPAL DE UBERLÂNDIA;Multas e Juros - ISS;SECRETARIA MUNICIPAL DE FINANÇAS;06;160837.25;128718.49
02;1114511201;2022;101;Receitas de Impostos e de Transferências de Impostos Vinculados à Educação;10;PREFEITURA MUNICIPAL DE UBERLÂNDIA;Multas e Juros - ISS;SECRETARIA MUNICIPAL DE FINANÇAS;06;95294.50;96538.90
02;1114511201;2022;102;Receitas de Impostos e de Transferências de Impostos Vinculados à Saúde;10;PREFEITURA MUNICIPAL DE UBERLÂNDIA;Multas e Juros - ISS;SECRETARIA MUNICIPAL DE FINANÇAS;06;115660.47;96538.90
02;1114511201;2022;100;Recursos Não Vinculados de Impostos/ Recursos Ordinários;11;PREFEITURA MUNICIPAL DE UBERLÂNDIA;Multas e Juros - ISS;SECRETARIA MUNICIPAL DE FINANÇAS;06;163813.67;177711.22
02;1114511201;2022;101;Receitas de Impostos e de Transferências de Impostos Vinculados à Educação;11;PREFEITURA MUNICIPAL DE UBERLÂNDIA;Multas e Juros - ISS;SECRETARIA MUNICIPAL DE FINANÇAS;06;97056.04;133283.47
02;1114511201;2022;102;Receitas de Impostos e de Transferências de Impostos Vinculados à Saúde;11;PREFEITURA MUNICIPAL DE UBERLÂNDIA;Multas e Juros - ISS;SECRETARIA MUNICIPAL DE FINANÇAS;06;117798.72;133283.47
02;1114511201;2022;100;Recursos Não Vinculados de Impostos/ Recursos Ordinários;12;PREFEITURA MUNICIPAL DE UBERLÂNDIA;Multas e Juros - ISS;SECRETARIA MUNICIPAL DE FINANÇAS;06;232039.07;116977.32
02;1114511201;2022;101;Receitas de Impostos e de Transferências de Impostos Vinculados à Educação;12;PREFEITURA MUNICIPAL DE UBERLÂNDIA;Multas e Juros - ISS;SECRETARIA MUNICIPAL DE FINANÇAS;06;137466.34;87733.02
02;1114511201;2022;102;Receitas de Impostos e de Transferências de Impostos Vinculados à Saúde;12;PREFEITURA MUNICIPAL DE UBERLÂNDIA;Multas e Juros - ISS;SECRETARIA MUNICIPAL DE FINANÇAS;06;166858.87;87733.02
02;1114511301;2022;100;Recursos Não Vinculados de Impostos/ Recursos Ordinários;1;PREFEITURA MUNICIPAL DE UBERLÂNDIA;ISS - Dívida Ativa;SECRETARIA MUNICIPAL DE FINANÇAS;06;299243.45;333560.17
02;1114511301;2022;101;Receitas de Impostos e de Transferências de Impostos Vinculados à Educação;1;PREFEITURA MUNICIPAL DE UBERLÂNDIA;ISS - Dívida Ativa;SECRETARIA MUNICIPAL DE FINANÇAS;06;246521.74;250170.16
02;1114511301;2022;102;Receitas de Impostos e de Transferências de Impostos Vinculados à Saúde;1;PREFEITURA MUNICIPAL DE UBERLÂNDIA;ISS - Dívida Ativa;SECRETARIA MUNICIPAL DE FINANÇAS;06;416097.87;250170.16
02;1114511301;2022;100;Recursos Não Vinculados de Impostos/ Recursos Ordinários;2;PREFEITURA MUNICIPAL DE UBERLÂNDIA;ISS - Dívida Ativa;SECRETARIA MUNICIPAL DE FINANÇAS;06;282493.41;322778.75
02;1114511301;2022;101;Receitas de Impostos e de Transferências de Impostos Vinculados à Educação;2;PREFEITURA MUNICIPAL DE UBERLÂNDIA;ISS - Dívida Ativa;SECRETARIA MUNICIPAL DE FINANÇAS;06;232724.25;242084.09
02;1114511301;2022;102;Receitas de Impostos e de Transferências de Impostos Vinculados à Saúde;2;PREFEITURA MUNICIPAL DE UBERLÂNDIA;ISS - Dívida Ativa;SECRETARIA MUNICIPAL DE FINANÇAS;06;392809.35;242084.09
02;1114511301;2022;100;Recursos Não Vinculados de Impostos/ Recursos Ordinários;3;PREFEITURA MUNICIPAL DE UBERLÂNDIA;ISS - Dívida Ativa;SECRETARIA MUNICIPAL DE FINANÇAS;06;265110.33;327622.96
02;1114511301;2022;101;Receitas de Impostos e de Transferências de Impostos Vinculados à Educação;3;PREFEITURA MUNICIPAL DE UBERLÂNDIA;ISS - Dívida Ativa;SECRETARIA MUNICIPAL DE FINANÇAS;06;218403.70;245717.25
02;1114511301;2022;102;Receitas de Impostos e de Transferências de Impostos Vinculados à Saúde;3;PREFEITURA MUNICIPAL DE UBERLÂNDIA;ISS - Dívida Ativa;SECRETARIA MUNICIPAL DE FINANÇAS;06;368640.38;245717.25
02;1114511301;2022;100;Recursos Não Vinculados de Impostos/ Recursos Ordinários;4;PREFEITURA MUNICIPAL DE UBERLÂNDIA;ISS - Dívida Ativa;SECRETARIA MUNICIPAL DE FINANÇAS;06;282564.49;221786.01
02;1114511301;2022;101;Receitas de Impostos e de Transferências de Impostos Vinculados à Educação;4;PREFEITURA MUNICIPAL DE UBERLÂNDIA;ISS - Dívida Ativa;SECRETARIA MUNICIPAL DE FINANÇAS;06;167408.19;166339.53
02;1114511301;2022;102;Receitas de Impostos e de Transferências de Impostos Vinculados à Saúde;4;PREFEITURA MUNICIPAL DE UBERLÂNDIA;ISS - Dívida Ativa;SECRETARIA MUNICIPAL DE FINANÇAS;06;203210.92;166339.53
02;1114511301;2022;100;Recursos Não Vinculados de Impostos/ Recursos Ordinários;5;PREFEITURA MUNICIPAL DE UBERLÂNDIA;ISS - Dívida Ativa;SECRETARIA MUNICIPAL DE FINANÇAS;06;322696.13;280697.03
02;1114511301;2022;101;Receitas de Impostos e de Transferências de Impostos Vinculados à Educação;5;PREFEITURA MUNICIPAL DE UBERLÂNDIA;ISS - Dívida Ativa;SECRETARIA MUNICIPAL DE FINANÇAS;06;191192.36;210522.79
02;1114511301;2022;102;Receitas de Impostos e de Transferências de Impostos Vinculados à Saúde;5;PREFEITURA MUNICIPAL DE UBERLÂNDIA;ISS - Dívida Ativa;SECRETARIA MUNICIPAL DE FINANÇAS;06;232062.46;210522.79
02;1114511301;2022;100;Recursos Não Vinculados de Impostos/ Recursos Ordinários;6;PREFEITURA MUNICIPAL DE UBERLÂNDIA;ISS - Dívida Ativa;SECRETARIA MUNICIPAL DE FINANÇAS;06;802336.05;301690.18
02;1114511301;2022;101;Receitas de Impostos e de Transferências de Impostos Vinculados à Educação;6;PREFEITURA MUNICIPAL DE UBERLÂNDIA;ISS - Dívida Ativa;SECRETARIA MUNICIPAL DE FINANÇAS;06;475354.30;226267.66
02;1114511301;2022;102;Receitas de Impostos e de Transferências de Impostos Vinculados à Saúde;6;PREFEITURA MUNICIPAL DE UBERLÂNDIA;ISS - Dívida Ativa;SECRETARIA MUNICIPAL DE FINANÇAS;06;576999.05;226267.66
02;1114511301;2022;100;Recursos Não Vinculados de Impostos/ Recursos Ordinários;7;PREFEITURA MUNICIPAL DE UBERLÂNDIA;ISS - Dívida Ativa;SECRETARIA MUNICIPAL DE FINANÇAS;06;437736.12;230485.54
02;1114511301;2022;101;Receitas de Impostos e de Transferências de Impostos Vinculados à Educação;7;PREFEITURA MUNICIPAL DE UBERLÂNDIA;ISS - Dívida Ativa;SECRETARIA MUNICIPAL DE FINANÇAS;06;259351.14;172864.17
02;1114511301;2022;102;Receitas de Impostos e de Transferências de Impostos Vinculados à Saúde;7;PREFEITURA MUNICIPAL DE UBERLÂNDIA;ISS - Dívida Ativa;SECRETARIA MUNICIPAL DE FINANÇAS;06;314792.60;172864.17
02;1114511301;2022;100;Recursos Não Vinculados de Impostos/ Recursos Ordinários;8;PREFEITURA MUNICIPAL DE UBERLÂNDIA;ISS - Dívida Ativa;SECRETARIA MUNICIPAL DE FINANÇAS;06;341858.21;179575.08
02;1114511301;2022;101;Receitas de Impostos e de Transferências de Impostos Vinculados à Educação;8;PREFEITURA MUNICIPAL DE UBERLÂNDIA;ISS - Dívida Ativa;SECRETARIA MUNICIPAL DE FINANÇAS;06;202546.40;134681.33
02;1114511301;2022;102;Receitas de Impostos e de Transferências de Impostos Vinculados à Saúde;8;PREFEITURA MUNICIPAL DE UBERLÂNDIA;ISS - Dívida Ativa;SECRETARIA MUNICIPAL DE FINANÇAS;06;245843.16;134681.33
02;1114511301;2022;100;Recursos Não Vinculados de Impostos/ Recursos Ordinários;9;PREFEITURA MUNICIPAL DE UBERLÂNDIA;ISS - Dívida Ativa;SECRETARIA MUNICIPAL DE FINANÇAS;06;340161.78;178823.12
02;1114511301;2022;101;Receitas de Impostos e de Transferências de Impostos Vinculados à Educação;9;PREFEITURA MUNICIPAL DE UBERLÂNDIA;ISS - Dívida Ativa;SECRETARIA MUNICIPAL DE FINANÇAS;06;201542.97;134117.35
02;1114511301;2022;102;Receitas de Impostos e de Transferências de Impostos Vinculados à Saúde;9;PREFEITURA MUNICIPAL DE UBERLÂNDIA;ISS - Dívida Ativa;SECRETARIA MUNICIPAL DE FINANÇAS;06;244622.80;134117.35
02;1114511301;2022;100;Recursos Não Vinculados de Impostos/ Recursos Ordinários;10;PREFEITURA MUNICIPAL DE UBERLÂNDIA;ISS - Dívida Ativa;SECRETARIA MUNICIPAL DE FINANÇAS;06;342752.09;208900.87
02;1114511301;2022;101;Receitas de Impostos e de Transferências de Impostos Vinculados à Educação;10;PREFEITURA MUNICIPAL DE UBERLÂNDIA;ISS - Dívida Ativa;SECRETARIA MUNICIPAL DE FINANÇAS;06;203076.57;156675.67
02;1114511301;2022;102;Receitas de Impostos e de Transferências de Impostos Vinculados à Saúde;10;PREFEITURA MUNICIPAL DE UBERLÂNDIA;ISS - Dívida Ativa;SECRETARIA MUNICIPAL DE FINANÇAS;06;246485.76;156675.67
02;1114511301;2022;100;Recursos Não Vinculados de Impostos/ Recursos Ordinários;11;PREFEITURA MUNICIPAL DE UBERLÂNDIA;ISS - Dívida Ativa;SECRETARIA MUNICIPAL DE FINANÇAS;06;335220.50;177663.67
02;1114511301;2022;101;Receitas de Impostos e de Transferências de Impostos Vinculados à Educação;11;PREFEITURA MUNICIPAL DE UBERLÂNDIA;ISS - Dívida Ativa;SECRETARIA MUNICIPAL DE FINANÇAS;06;198613.28;133247.77
02;1114511301;2022;102;Receitas de Impostos e de Transferências de Impostos Vinculados à Saúde;11;PREFEITURA MUNICIPAL DE UBERLÂNDIA;ISS - Dívida Ativa;SECRETARIA MUNICIPAL DE FINANÇAS;06;241069.63;133247.77
02;1114511301;2022;100;Recursos Não Vinculados de Impostos/ Recursos Ordinários;12;PREFEITURA MUNICIPAL DE UBERLÂNDIA;ISS - Dívida Ativa;SECRETARIA MUNICIPAL DE FINANÇAS;06;550071.43;311901.62
02;1114511301;2022;101;Receitas de Impostos e de Transferências de Impostos Vinculados à Educação;12;PREFEITURA MUNICIPAL DE UBERLÂNDIA;ISS - Dívida Ativa;SECRETARIA MUNICIPAL DE FINANÇAS;06;325888.93;233926.23
02;1114511301;2022;102;Receitas de Impostos e de Transferências de Impostos Vinculados à Saúde;12;PREFEITURA MUNICIPAL DE UBERLÂNDIA;ISS - Dívida Ativa;SECRETARIA MUNICIPAL DE FINANÇAS;06;395568.71;233926.23
02;1114511401;2022;100;Recursos Não Vinculados de Impostos/ Recursos Ordinários;1;PREFEITURA MUNICIPAL DE UBERLÂNDIA;Dívida Ativa - Multas e Juros - ISS;SECRETARIA MUNICIPAL DE FINANÇAS;06;122508.72;122567.42
02;1114511401;2022;101;Receitas de Impostos e de Transferências de Impostos Vinculados à Educação;1;PREFEITURA MUNICIPAL DE UBERLÂNDIA;Dívida Ativa - Multas e Juros - ISS;SECRETARIA MUNICIPAL DE FINANÇAS;06;100918.35;91925.66
02;1114511401;2022;102;Receitas de Impostos e de Transferências de Impostos Vinculados à Saúde;1;PREFEITURA MUNICIPAL DE UBERLÂNDIA;Dívida Ativa - Multas e Juros - ISS;SECRETARIA MUNICIPAL DE FINANÇAS;06;170339.01;91925.66
02;1114511401;2022;100;Recursos Não Vinculados de Impostos/ Recursos Ordinários;2;PREFEITURA MUNICIPAL DE UBERLÂNDIA;Dívida Ativa - Multas e Juros - ISS;SECRETARIA MUNICIPAL DE FINANÇAS;06;110257.29;126053.67
02;1114511401;2022;101;Receitas de Impostos e de Transferências de Impostos Vinculados à Educação;2;PREFEITURA MUNICIPAL DE UBERLÂNDIA;Dívida Ativa - Multas e Juros - ISS;SECRETARIA MUNICIPAL DE FINANÇAS;06;90826.72;94540.35
02;1114511401;2022;102;Receitas de Impostos e de Transferências de Impostos Vinculados à Saúde;2;PREFEITURA MUNICIPAL DE UBERLÂNDIA;Dívida Ativa - Multas e Juros - ISS;SECRETARIA MUNICIPAL DE FINANÇAS;06;153305.25;94540.35
02;1114511401;2022;100;Recursos Não Vinculados de Impostos/ Recursos Ordinários;3;PREFEITURA MUNICIPAL DE UBERLÂNDIA;Dívida Ativa - Multas e Juros - ISS;SECRETARIA MUNICIPAL DE FINANÇAS;06;116419.92;112785.14
02;1114511401;2022;101;Receitas de Impostos e de Transferências de Impostos Vinculados à Educação;3;PREFEITURA MUNICIPAL DE UBERLÂNDIA;Dívida Ativa - Multas e Juros - ISS;SECRETARIA MUNICIPAL DE FINANÇAS;06;95904.95;84588.94
02;1114511401;2022;102;Receitas de Impostos e de Transferências de Impostos Vinculados à Saúde;3;PREFEITURA MUNICIPAL DE UBERLÂNDIA;Dívida Ativa - Multas e Juros - ISS;SECRETARIA MUNICIPAL DE FINANÇAS;06;161879.04;84588.94
02;1114511401;2022;100;Recursos Não Vinculados de Impostos/ Recursos Ordinários;4;PREFEITURA MUNICIPAL DE UBERLÂNDIA;Dívida Ativa - Multas e Juros - ISS;SECRETARIA MUNICIPAL DE FINANÇAS;06;186375.80;88747.59
02;1114511401;2022;101;Receitas de Impostos e de Transferências de Impostos Vinculados à Educação;4;PREFEITURA MUNICIPAL DE UBERLÂNDIA;Dívida Ativa - Multas e Juros - ISS;SECRETARIA MUNICIPAL DE FINANÇAS;06;110419.23;66560.76
02;1114511401;2022;102;Receitas de Impostos e de Transferências de Impostos Vinculados à Saúde;4;PREFEITURA MUNICIPAL DE UBERLÂNDIA;Dívida Ativa - Multas e Juros - ISS;SECRETARIA MUNICIPAL DE FINANÇAS;06;134037.09;66560.76
02;1114511401;2022;100;Recursos Não Vinculados de Impostos/ Recursos Ordinários;5;PREFEITURA MUNICIPAL DE UBERLÂNDIA;Dívida Ativa - Multas e Juros - ISS;SECRETARIA MUNICIPAL DE FINANÇAS;06;147301.27;120918.52
02;1114511401;2022;101;Receitas de Impostos e de Transferências de Impostos Vinculados à Educação;5;PREFEITURA MUNICIPAL DE UBERLÂNDIA;Dívida Ativa - Multas e Juros - ISS;SECRETARIA MUNICIPAL DE FINANÇAS;06;87277.66;90688.98
02;1114511401;2022;102;Receitas de Impostos e de Transferências de Impostos Vinculados à Saúde;5;PREFEITURA MUNICIPAL DE UBERLÂNDIA;Dívida Ativa - Multas e Juros - ISS;SECRETARIA MUNICIPAL DE FINANÇAS;06;105929.56;90688.98
02;1114511401;2022;100;Recursos Não Vinculados de Impostos/ Recursos Ordinários;6;PREFEITURA MUNICIPAL DE UBERLÂNDIA;Dívida Ativa - Multas e Juros - ISS;SECRETARIA MUNICIPAL DE FINANÇAS;06;659291.76;153513.31
02;1114511401;2022;101;Receitas de Impostos e de Transferências de Impostos Vinculados à Educação;6;PREFEITURA MUNICIPAL DE UBERLÂNDIA;Dívida Ativa - Multas e Juros - ISS;SECRETARIA MUNICIPAL DE FINANÇAS;06;390605.75;115135.10
02;1114511401;2022;102;Receitas de Impostos e de Transferências de Impostos Vinculados à Saúde;6;PREFEITURA MUNICIPAL DE UBERLÂNDIA;Dívida Ativa - Multas e Juros - ISS;SECRETARIA MUNICIPAL DE FINANÇAS;06;474129.77;115135.10
02;1114511401;2022;100;Recursos Não Vinculados de Impostos/ Recursos Ordinários;7;PREFEITURA MUNICIPAL DE UBERLÂNDIA;Dívida Ativa - Multas e Juros - ISS;SECRETARIA MUNICIPAL DE FINANÇAS;06;142906.90;96427.88
02;1114511401;2022;101;Receitas de Impostos e de Transferências de Impostos Vinculados à Educação;7;PREFEITURA MUNICIPAL DE UBERLÂNDIA;Dívida Ativa - Multas e Juros - ISS;SECRETARIA MUNICIPAL DE FINANÇAS;06;84675.15;72320.98
02;1114511401;2022;102;Receitas de Impostos e de Transferências de Impostos Vinculados à Saúde;7;PREFEITURA MUNICIPAL DE UBERLÂNDIA;Dívida Ativa - Multas e Juros - ISS;SECRETARIA MUNICIPAL DE FINANÇAS;06;102769.08;72320.98
02;1114511401;2022;100;Recursos Não Vinculados de Impostos/ Recursos Ordinários;8;PREFEITURA MUNICIPAL DE UBERLÂNDIA;Dívida Ativa - Multas e Juros - ISS;SECRETARIA MUNICIPAL DE FINANÇAS;06;393619.69;73841.38
02;1114511401;2022;101;Receitas de Impostos e de Transferências de Impostos Vinculados à Educação;8;PREFEITURA MUNICIPAL DE UBERLÂNDIA;Dívida Ativa - Multas e Juros - ISS;SECRETARIA MUNICIPAL DE FINANÇAS;06;233212.67;55381.09
02;1114511401;2022;102;Receitas de Impostos e de Transferências de Impostos Vinculados à Saúde;8;PREFEITURA MUNICIPAL DE UBERLÂNDIA;Dívida Ativa - Multas e Juros - ISS;SECRETARIA MUNICIPAL DE FINANÇAS;06;283066.23;55381.09
02;1114511401;2022;100;Recursos Não Vinculados de Impostos/ Recursos Ordinários;9;PREFEITURA MUNICIPAL DE UBERLÂNDIA;Dívida Ativa - Multas e Juros - ISS;SECRETARIA MUNICIPAL DE FINANÇAS;06;211258.42;94386.80
02;1114511401;2022;101;Receitas de Impostos e de Transferências de Impostos Vinculados à Educação;9;PREFEITURA MUNICIPAL DE UBERLÂNDIA;Dívida Ativa - Multas e Juros - ISS;SECRETARIA MUNICIPAL DE FINANÇAS;06;125171.87;70790.17
02;1114511401;2022;102;Receitas de Impostos e de Transferências de Impostos Vinculados à Saúde;9;PREFEITURA MUNICIPAL DE UBERLÂNDIA;Dívida Ativa - Multas e Juros - ISS;SECRETARIA MUNICIPAL DE FINANÇAS;06;151922.84;70790.17
02;1114511401;2022;100;Recursos Não Vinculados de Impostos/ Recursos Ordinários;10;PREFEITURA MUNICIPAL DE UBERLÂNDIA;Dívida Ativa - Multas e Juros - ISS;SECRETARIA MUNICIPAL DE FINANÇAS;06;149946.44;104314.12
02;1114511401;2022;101;Receitas de Impostos e de Transferências de Impostos Vinculados à Educação;10;PREFEITURA MUNICIPAL DE UBERLÂNDIA;Dívida Ativa - Multas e Juros - ISS;SECRETARIA MUNICIPAL DE FINANÇAS;06;88845.39;78235.67
02;1114511401;2022;102;Receitas de Impostos e de Transferências de Impostos Vinculados à Saúde;10;PREFEITURA MUNICIPAL DE UBERLÂNDIA;Dívida Ativa - Multas e Juros - ISS;SECRETARIA MUNICIPAL DE FINANÇAS;06;107830.94;78235.67
02;1114511401;2022;100;Recursos Não Vinculados de Impostos/ Recursos Ordinários;11;PREFEITURA MUNICIPAL DE UBERLÂNDIA;Dívida Ativa - Multas e Juros - ISS;SECRETARIA MUNICIPAL DE FINANÇAS;06;153476.01;82370.91
02;1114511401;2022;101;Receitas de Impostos e de Transferências de Impostos Vinculados à Educação;11;PREFEITURA MUNICIPAL DE UBERLÂNDIA;Dívida Ativa - Multas e Juros - ISS;SECRETARIA MUNICIPAL DE FINANÇAS;06;90936.46;61778.25
02;1114511401;2022;102;Receitas de Impostos e de Transferências de Impostos Vinculados à Saúde;11;PREFEITURA MUNICIPAL DE UBERLÂNDIA;Dívida Ativa - Multas e Juros - ISS;SECRETARIA MUNICIPAL DE FINANÇAS;06;110369.89;61778.25
02;1114511401;2022;100;Recursos Não Vinculados de Impostos/ Recursos Ordinários;12;PREFEITURA MUNICIPAL DE UBERLÂNDIA;Dívida Ativa - Multas e Juros - ISS;SECRETARIA MUNICIPAL DE FINANÇAS;06;219871.10;100893.26
02;1114511401;2022;101;Receitas de Impostos e de Transferências de Impostos Vinculados à Educação;12;PREFEITURA MUNICIPAL DE UBERLÂNDIA;Dívida Ativa - Multas e Juros - ISS;SECRETARIA MUNICIPAL DE FINANÇAS;06;130257.26;75670.05
02;1114511401;2022;102;Receitas de Impostos e de Transferências de Impostos Vinculados à Saúde;12;PREFEITURA MUNICIPAL DE UBERLÂNDIA;Dívida Ativa - Multas e Juros - ISS;SECRETARIA MUNICIPAL DE FINANÇAS;06;158108.54;75670.05
02;1121010101;2022;170;Outros Recursos Não Vinculados;1;PREFEITURA MUNICIPAL DE UBERLÂNDIA;Taxa Licença para Funcionamento Estabelecimento Co;SECRETARIA MUNICIPAL DE FINANÇAS;06;46189.74;32321.88
02;1121010101;2022;170;Outros Recursos Não Vinculados;2;PREFEITURA MUNICIPAL DE UBERLÂNDIA;Taxa Licença para Funcionamento Estabelecimento Co;SECRETARIA MUNICIPAL DE FINANÇAS;06;106389.18;84997.23
02;1121010101;2022;170;Outros Recursos Não Vinculados;3;PREFEITURA MUNICIPAL DE UBERLÂNDIA;Taxa Licença para Funcionamento Estabelecimento Co;SECRETARIA MUNICIPAL DE FINANÇAS;06;2760479.90;2020126.79
02;1121010101;2022;170;Outros Recursos Não Vinculados;4;PREFEITURA MUNICIPAL DE UBERLÂNDIA;Taxa Licença para Funcionamento Estabelecimento Co;SECRETARIA MUNICIPAL DE FINANÇAS;06;4104466.63;4124778.93
02;1121010101;2022;170;Outros Recursos Não Vinculados;5;PREFEITURA MUNICIPAL DE UBERLÂNDIA;Taxa Licença para Funcionamento Estabelecimento Co;SECRETARIA MUNICIPAL DE FINANÇAS;06;441572.11;336637.51
02;1121010101;2022;170;Outros Recursos Não Vinculados;6;PREFEITURA MUNICIPAL DE UBERLÂNDIA;Taxa Licença para Funcionamento Estabelecimento Co;SECRETARIA MUNICIPAL DE FINANÇAS;06;360259.12;350616.10
02;1121010101;2022;170;Outros Recursos Não Vinculados;7;PREFEITURA MUNICIPAL DE UBERLÂNDIA;Taxa Licença para Funcionamento Estabelecimento Co;SECRETARIA MUNICIPAL DE FINANÇAS;06;894235.91;747750.91
02;1121010101;2022;170;Outros Recursos Não Vinculados;8;PREFEITURA MUNICIPAL DE UBERLÂNDIA;Taxa Licença para Funcionamento Estabelecimento Co;SECRETARIA MUNICIPAL DE FINANÇAS;06;2265141.94;1933857.49
02;1121010101;2022;170;Outros Recursos Não Vinculados;9;PREFEITURA MUNICIPAL DE UBERLÂNDIA;Taxa Licença para Funcionamento Estabelecimento Co;SECRETARIA MUNICIPAL DE FINANÇAS;06;403109.54;150180.29
02;1121010101;2022;170;Outros Recursos Não Vinculados;10;PREFEITURA MUNICIPAL DE UBERLÂNDIA;Taxa Licença para Funcionamento Estabelecimento Co;SECRETARIA MUNICIPAL DE FINANÇAS;06;296760.25;177804.02
02;1121010101;2022;170;Outros Recursos Não Vinculados;11;PREFEITURA MUNICIPAL DE UBERLÂNDIA;Taxa Licença para Funcionamento Estabelecimento Co;SECRETARIA MUNICIPAL DE FINANÇAS;06;103056.56;144142.93
02;1121010101;2022;170;Outros Recursos Não Vinculados;12;PREFEITURA MUNICIPAL DE UBERLÂNDIA;Taxa Licença para Funcionamento Estabelecimento Co;SECRETARIA MUNICIPAL DE FINANÇAS;06;229613.15;105489.92
02;1121010102;2022;170;Outros Recursos Não Vinculados;1;PREFEITURA MUNICIPAL DE UBERLÂNDIA;Taxa de Publicidade Comercial;SECRETARIA MUNICIPAL DE FINANÇAS;06;11611.18;6228.47
02;1121010102;2022;170;Outros Recursos Não Vinculados;2;PREFEITURA MUNICIPAL DE UBERLÂNDIA;Taxa de Publicidade Comercial;SECRETARIA MUNICIPAL DE FINANÇAS;06;20942.81;13303.74
02;1121010102;2022;170;Outros Recursos Não Vinculados;3;PREFEITURA MUNICIPAL DE UBERLÂNDIA;Taxa de Publicidade Comercial;SECRETARIA MUNICIPAL DE FINANÇAS;06;515519.85;358653.37
02;1121010102;2022;170;Outros Recursos Não Vinculados;4;PREFEITURA MUNICIPAL DE UBERLÂNDIA;Taxa de Publicidade Comercial;SECRETARIA MUNICIPAL DE FINANÇAS;06;762772.98;709075.47
02;1121010102;2022;170;Outros Recursos Não Vinculados;5;PREFEITURA MUNICIPAL DE UBERLÂNDIA;Taxa de Publicidade Comercial;SECRETARIA MUNICIPAL DE FINANÇAS;06;55768.29;44935.01
02;1121010102;2022;170;Outros Recursos Não Vinculados;6;PREFEITURA MUNICIPAL DE UBERLÂNDIA;Taxa de Publicidade Comercial;SECRETARIA MUNICIPAL DE FINANÇAS;06;30785.44;48665.45
02;1121010102;2022;170;Outros Recursos Não Vinculados;7;PREFEITURA MUNICIPAL DE UBERLÂNDIA;Taxa de Publicidade Comercial;SECRETARIA MUNICIPAL DE FINANÇAS;06;29064.63;27255.30
02;1121010102;2022;170;Outros Recursos Não Vinculados;8;PREFEITURA MUNICIPAL DE UBERLÂNDIA;Taxa de Publicidade Comercial;SECRETARIA MUNICIPAL DE FINANÇAS;06;38783.87;19550.32
02;1121010102;2022;170;Outros Recursos Não Vinculados;9;PREFEITURA MUNICIPAL DE UBERLÂNDIA;Taxa de Publicidade Comercial;SECRETARIA MUNICIPAL DE FINANÇAS;06;70814.97;19758.32
02;1121010102;2022;170;Outros Recursos Não Vinculados;10;PREFEITURA MUNICIPAL DE UBERLÂNDIA;Taxa de Publicidade Comercial;SECRETARIA MUNICIPAL DE FINANÇAS;06;52620.94;35312.12
02;1121010102;2022;170;Outros Recursos Não Vinculados;11;PREFEITURA MUNICIPAL DE UBERLÂNDIA;Taxa de Publicidade Comercial;SECRETARIA MUNICIPAL DE FINANÇAS;06;30652.26;25837.53
02;1121010102;2022;170;Outros Recursos Não Vinculados;12;PREFEITURA MUNICIPAL DE UBERLÂNDIA;Taxa de Publicidade Comercial;SECRETARIA MUNICIPAL DE FINANÇAS;06;46735.26;24642.90
02;1121010103;2022;170;Outros Recursos Não Vinculados;1;PREFEITURA MUNICIPAL DE UBERLÂNDIA;Taxa de Funcionamento de Estabelecimento em Horári;SECRETARIA MUNICIPAL DE FINANÇAS;06;8393.10;3160.09
02;1121010103;2022;170;Outros Recursos Não Vinculados;2;PREFEITURA MUNICIPAL DE UBERLÂNDIA;Taxa de Funcionamento de Estabelecimento em Horári;SECRETARIA MUNICIPAL DE FINANÇAS;06;26846.96;6696.54
02;1121010103;2022;170;Outros Recursos Não Vinculados;3;PREFEITURA MUNICIPAL DE UBERLÂNDIA;Taxa de Funcionamento de Estabelecimento em Horári;SECRETARIA MUNICIPAL DE FINANÇAS;06;521385.40;265829.44
02;1121010103;2022;170;Outros Recursos Não Vinculados;4;PREFEITURA MUNICIPAL DE UBERLÂNDIA;Taxa de Funcionamento de Estabelecimento em Horári;SECRETARIA MUNICIPAL DE FINANÇAS;06;759111.19;884420.69
02;1121010103;2022;170;Outros Recursos Não Vinculados;5;PREFEITURA MUNICIPAL DE UBERLÂNDIA;Taxa de Funcionamento de Estabelecimento em Horári;SECRETARIA MUNICIPAL DE FINANÇAS;06;73623.12;76452.16
02;1121010103;2022;170;Outros Recursos Não Vinculados;6;PREFEITURA MUNICIPAL DE UBERLÂNDIA;Taxa de Funcionamento de Estabelecimento em Horári;SECRETARIA MUNICIPAL DE FINANÇAS;06;120142.70;72724.57
02;1121010103;2022;170;Outros Recursos Não Vinculados;7;PREFEITURA MUNICIPAL DE UBERLÂNDIA;Taxa de Funcionamento de Estabelecimento em Horári;SECRETARIA MUNICIPAL DE FINANÇAS;06;223366.55;134173.96
02;1121010103;2022;170;Outros Recursos Não Vinculados;8;PREFEITURA MUNICIPAL DE UBERLÂNDIA;Taxa de Funcionamento de Estabelecimento em Horári;SECRETARIA MUNICIPAL DE FINANÇAS;06;578714.02;430546.78
02;1121010103;2022;170;Outros Recursos Não Vinculados;9;PREFEITURA MUNICIPAL DE UBERLÂNDIA;Taxa de Funcionamento de Estabelecimento em Horári;SECRETARIA MUNICIPAL DE FINANÇAS;06;103665.36;18351.78
02;1121010103;2022;170;Outros Recursos Não Vinculados;10;PREFEITURA MUNICIPAL DE UBERLÂNDIA;Taxa de Funcionamento de Estabelecimento em Horári;SECRETARIA MUNICIPAL DE FINANÇAS;06;128176.43;15511.58
02;1121010103;2022;170;Outros Recursos Não Vinculados;11;PREFEITURA MUNICIPAL DE UBERLÂNDIA;Taxa de Funcionamento de Estabelecimento em Horári;SECRETARIA MUNICIPAL DE FINANÇAS;06;9432.03;29402.98
02;1121010103;2022;170;Outros Recursos Não Vinculados;12;PREFEITURA MUNICIPAL DE UBERLÂNDIA;Taxa de Funcionamento de Estabelecimento em Horári;SECRETARIA MUNICIPAL DE FINANÇAS;06;68316.94;8485.43
02;1121010104;2022;170;Outros Recursos Não Vinculados;1;PREFEITURA MUNICIPAL DE UBERLÂNDIA;Taxa de Licença para Execução de Obras;SECRETARIA MUNICIPAL DE FINANÇAS;06;308403.67;362837.13
02;1121010104;2022;170;Outros Recursos Não Vinculados;2;PREFEITURA MUNICIPAL DE UBERLÂNDIA;Taxa de Licença para Execução de Obras;SECRETARIA MUNICIPAL DE FINANÇAS;06;218155.20;285454.72
02;1121010104;2022;170;Outros Recursos Não Vinculados;3;PREFEITURA MUNICIPAL DE UBERLÂNDIA;Taxa de Licença para Execução de Obras;SECRETARIA MUNICIPAL DE FINANÇAS;06;387050.86;349122.64
02;1121010104;2022;170;Outros Recursos Não Vinculados;4;PREFEITURA MUNICIPAL DE UBERLÂNDIA;Taxa de Licença para Execução de Obras;SECRETARIA MUNICIPAL DE FINANÇAS;06;322468.90;316104.96
02;1121010104;2022;170;Outros Recursos Não Vinculados;5;PREFEITURA MUNICIPAL DE UBERLÂNDIA;Taxa de Licença para Execução de Obras;SECRETARIA MUNICIPAL DE FINANÇAS;06;376299.98;416946.95
02;1121010104;2022;170;Outros Recursos Não Vinculados;6;PREFEITURA MUNICIPAL DE UBERLÂNDIA;Taxa de Licença para Execução de Obras;SECRETARIA MUNICIPAL DE FINANÇAS;06;393726.39;412815.41
02;1121010104;2022;170;Outros Recursos Não Vinculados;7;PREFEITURA MUNICIPAL DE UBERLÂNDIA;Taxa de Licença para Execução de Obras;SECRETARIA MUNICIPAL DE FINANÇAS;06;355716.19;380550.24
02;1121010104;2022;170;Outros Recursos Não Vinculados;8;PREFEITURA MUNICIPAL DE UBERLÂNDIA;Taxa de Licença para Execução de Obras;SECRETARIA MUNICIPAL DE FINANÇAS;06;361265.85;306396.89
02;1121010104;2022;170;Outros Recursos Não Vinculados;9;PREFEITURA MUNICIPAL DE UBERLÂNDIA;Taxa de Licença para Execução de Obras;SECRETARIA MUNICIPAL DE FINANÇAS;06;400112.12;310330.04
02;1121010104;2022;170;Outros Recursos Não Vinculados;10;PREFEITURA MUNICIPAL DE UBERLÂNDIA;Taxa de Licença para Execução de Obras;SECRETARIA MUNICIPAL DE FINANÇAS;06;323284.36;374401.02
02;1121010104;2022;170;Outros Recursos Não Vinculados;11;PREFEITURA MUNICIPAL DE UBERLÂNDIA;Taxa de Licença para Execução de Obras;SECRETARIA MUNICIPAL DE FINANÇAS;06;327000.49;339505.52
02;1121010104;2022;170;Outros Recursos Não Vinculados;12;PREFEITURA MUNICIPAL DE UBERLÂNDIA;Taxa de Licença para Execução de Obras;SECRETARIA MUNICIPAL DE FINANÇAS;06;381476.17;310890.48
02;1121010105;2022;170;Outros Recursos Não Vinculados;1;PREFEITURA MUNICIPAL DE UBERLÂNDIA;Taxa de Utilização de Área de Domínio Público;SECRETARIA MUNICIPAL DE FINANÇAS;06;2833.74;6366.89
02;1121010105;2022;170;Outros Recursos Não Vinculados;2;PREFEITURA MUNICIPAL DE UBERLÂNDIA;Taxa de Utilização de Área de Domínio Público;SECRETARIA MUNICIPAL DE FINANÇAS;06;1071.76;6684.93
02;1121010105;2022;170;Outros Recursos Não Vinculados;3;PREFEITURA MUNICIPAL DE UBERLÂNDIA;Taxa de Utilização de Área de Domínio Público;SECRETARIA MUNICIPAL DE FINANÇAS;06;62510.09;43475.54
02;1121010105;2022;170;Outros Recursos Não Vinculados;4;PREFEITURA MUNICIPAL DE UBERLÂNDIA;Taxa de Utilização de Área de Domínio Público;SECRETARIA MUNICIPAL DE FINANÇAS;06;95317.40;86059.44
02;1121010105;2022;170;Outros Recursos Não Vinculados;5;PREFEITURA MUNICIPAL DE UBERLÂNDIA;Taxa de Utilização de Área de Domínio Público;SECRETARIA MUNICIPAL DE FINANÇAS;06;15201.15;17579.47
02;1121010105;2022;170;Outros Recursos Não Vinculados;6;PREFEITURA MUNICIPAL DE UBERLÂNDIA;Taxa de Utilização de Área de Domínio Público;SECRETARIA MUNICIPAL DE FINANÇAS;06;9805.63;13078.77
02;1121010105;2022;170;Outros Recursos Não Vinculados;7;PREFEITURA MUNICIPAL DE UBERLÂNDIA;Taxa de Utilização de Área de Domínio Público;SECRETARIA MUNICIPAL DE FINANÇAS;06;23538.70;19659.53
02;1121010105;2022;170;Outros Recursos Não Vinculados;8;PREFEITURA MUNICIPAL DE UBERLÂNDIA;Taxa de Utilização de Área de Domínio Público;SECRETARIA MUNICIPAL DE FINANÇAS;06;31690.78;24278.08
02;1121010105;2022;170;Outros Recursos Não Vinculados;9;PREFEITURA MUNICIPAL DE UBERLÂNDIA;Taxa de Utilização de Área de Domínio Público;SECRETARIA MUNICIPAL DE FINANÇAS;06;4336.39;5990.66
02;1121010105;2022;170;Outros Recursos Não Vinculados;10;PREFEITURA MUNICIPAL DE UBERLÂNDIA;Taxa de Utilização de Área de Domínio Público;SECRETARIA MUNICIPAL DE FINANÇAS;06;7348.70;20243.82
02;1121010105;2022;170;Outros Recursos Não Vinculados;11;PREFEITURA MUNICIPAL DE UBERLÂNDIA;Taxa de Utilização de Área de Domínio Público;SECRETARIA MUNICIPAL DE FINANÇAS;06;4512.15;7695.32
02;1121010105;2022;170;Outros Recursos Não Vinculados;12;PREFEITURA MUNICIPAL DE UBERLÂNDIA;Taxa de Utilização de Área de Domínio Público;SECRETARIA MUNICIPAL DE FINANÇAS;06;6321.58;8932.55
02;1121010106;2022;170;Outros Recursos Não Vinculados;1;PREFEITURA MUNICIPAL DE UBERLÂNDIA;Taxa Ex. Comércio Ambulante;SECRETARIA MUNICIPAL DE FINANÇAS;06;81.12;0.00
02;1121010106;2022;170;Outros Recursos Não Vinculados;2;PREFEITURA MUNICIPAL DE UBERLÂNDIA;Taxa Ex. Comércio Ambulante;SECRETARIA MUNICIPAL DE FINANÇAS;06;0.00;22.96
02;1121010106;2022;170;Outros Recursos Não Vinculados;3;PREFEITURA MUNICIPAL DE UBERLÂNDIA;Taxa Ex. Comércio Ambulante;SECRETARIA MUNICIPAL DE FINANÇAS;06;1980.22;795.02
02;1121010106;2022;170;Outros Recursos Não Vinculados;4;PREFEITURA MUNICIPAL DE UBERLÂNDIA;Taxa Ex. Comércio Ambulante;SECRETARIA MUNICIPAL DE FINANÇAS;06;540.06;1253.05
02;1121010106;2022;170;Outros Recursos Não Vinculados;5;PREFEITURA MUNICIPAL DE UBERLÂNDIA;Taxa Ex. Comércio Ambulante;SECRETARIA MUNICIPAL DE FINANÇAS;06;90.01;139.47
02;1121010106;2022;170;Outros Recursos Não Vinculados;6;PREFEITURA MUNICIPAL DE UBERLÂNDIA;Taxa Ex. Comércio Ambulante;SECRETARIA MUNICIPAL DE FINANÇAS;06;180.02;73.93
02;1121010106;2022;170;Outros Recursos Não Vinculados;7;PREFEITURA MUNICIPAL DE UBERLÂNDIA;Taxa Ex. Comércio Ambulante;SECRETARIA MUNICIPAL DE FINANÇAS;06;82.56;138.40
02;1121010106;2022;170;Outros Recursos Não Vinculados;8;PREFEITURA MUNICIPAL DE UBERLÂNDIA;Taxa Ex. Comércio Ambulante;SECRETARIA MUNICIPAL DE FINANÇAS;06;0.00;94.18
02;1121010106;2022;170;Outros Recursos Não Vinculados;9;PREFEITURA MUNICIPAL DE UBERLÂNDIA;Taxa Ex. Comércio Ambulante;SECRETARIA MUNICIPAL DE FINANÇAS;06;0.00;68.81
02;1121010106;2022;170;Outros Recursos Não Vinculados;10;PREFEITURA MUNICIPAL DE UBERLÂNDIA;Taxa Ex. Comércio Ambulante;SECRETARIA MUNICIPAL DE FINANÇAS;06;0.00;22.96
02;1121010106;2022;170;Outros Recursos Não Vinculados;11;PREFEITURA MUNICIPAL DE UBERLÂNDIA;Taxa Ex. Comércio Ambulante;SECRETARIA MUNICIPAL DE FINANÇAS;06;0.00;67.18
02;1121010106;2022;170;Outros Recursos Não Vinculados;12;PREFEITURA MUNICIPAL DE UBERLÂNDIA;Taxa Ex. Comércio Ambulante;SECRETARIA MUNICIPAL DE FINANÇAS;06;180.02;45.04
02;1121010107;2022;170;Outros Recursos Não Vinculados;1;PREFEITURA MUNICIPAL DE UBERLÂNDIA;Taxa de Localização;SECRETARIA MUNICIPAL DE FINANÇAS;06;38266.41;6311.96
02;1121010107;2022;170;Outros Recursos Não Vinculados;2;PREFEITURA MUNICIPAL DE UBERLÂNDIA;Taxa de Localização;SECRETARIA MUNICIPAL DE FINANÇAS;06;13279.32;8326.92
02;1121010107;2022;170;Outros Recursos Não Vinculados;3;PREFEITURA MUNICIPAL DE UBERLÂNDIA;Taxa de Localização;SECRETARIA MUNICIPAL DE FINANÇAS;06;20360.75;14511.31
02;1121010107;2022;170;Outros Recursos Não Vinculados;4;PREFEITURA MUNICIPAL DE UBERLÂNDIA;Taxa de Localização;SECRETARIA MUNICIPAL DE FINANÇAS;06;11530.67;19199.66
02;1121010107;2022;170;Outros Recursos Não Vinculados;5;PREFEITURA MUNICIPAL DE UBERLÂNDIA;Taxa de Localização;SECRETARIA MUNICIPAL DE FINANÇAS;06;3783.41;22932.09
02;1121010107;2022;170;Outros Recursos Não Vinculados;6;PREFEITURA MUNICIPAL DE UBERLÂNDIA;Taxa de Localização;SECRETARIA MUNICIPAL DE FINANÇAS;06;5803.03;29799.91
02;1121010107;2022;170;Outros Recursos Não Vinculados;7;PREFEITURA MUNICIPAL DE UBERLÂNDIA;Taxa de Localização;SECRETARIA MUNICIPAL DE FINANÇAS;06;10323.67;34215.12
02;1121010107;2022;170;Outros Recursos Não Vinculados;8;PREFEITURA MUNICIPAL DE UBERLÂNDIA;Taxa de Localização;SECRETARIA MUNICIPAL DE FINANÇAS;06;14174.41;27838.96
02;1121010107;2022;170;Outros Recursos Não Vinculados;9;PREFEITURA MUNICIPAL DE UBERLÂNDIA;Taxa de Localização;SECRETARIA MUNICIPAL DE FINANÇAS;06;21794.85;11323.61
02;1121010107;2022;170;Outros Recursos Não Vinculados;10;PREFEITURA MUNICIPAL DE UBERLÂNDIA;Taxa de Localização;SECRETARIA MUNICIPAL DE FINANÇAS;06;22366.19;22389.21
02;1121010107;2022;170;Outros Recursos Não Vinculados;11;PREFEITURA MUNICIPAL DE UBERLÂNDIA;Taxa de Localização;SECRETARIA MUNICIPAL DE FINANÇAS;06;25766.44;16036.04
02;1121010107;2022;170;Outros Recursos Não Vinculados;12;PREFEITURA MUNICIPAL DE UBERLÂNDIA;Taxa de Localização;SECRETARIA MUNICIPAL DE FINANÇAS;06;104771.48;15170.21
02;1121010108;2022;170;Outros Recursos Não Vinculados;1;PREFEITURA MUNICIPAL DE UBERLÂNDIA;Taxa de Licença para Exploração Pedreira , Saibrei;SECRETARIA MUNICIPAL DE FINANÇAS;06;0.00;132.71
02;1121010108;2022;170;Outros Recursos Não Vinculados;2;PREFEITURA MUNICIPAL DE UBERLÂNDIA;Taxa de Licença para Exploração Pedreira , Saibrei;SECRETARIA MUNICIPAL DE FINANÇAS;06;0.00;0.00
02;1121010108;2022;170;Outros Recursos Não Vinculados;3;PREFEITURA MUNICIPAL DE UBERLÂNDIA;Taxa de Licença para Exploração Pedreira , Saibrei;SECRETARIA MUNICIPAL DE FINANÇAS;06;2250.14;894.79
02;1121010108;2022;170;Outros Recursos Não Vinculados;4;PREFEITURA MUNICIPAL DE UBERLÂNDIA;Taxa de Licença para Exploração Pedreira , Saibrei;SECRETARIA MUNICIPAL DE FINANÇAS;06;2250.14;3757.41
02;1121010108;2022;170;Outros Recursos Não Vinculados;5;PREFEITURA MUNICIPAL DE UBERLÂNDIA;Taxa de Licença para Exploração Pedreira , Saibrei;SECRETARIA MUNICIPAL DE FINANÇAS;06;2250.14;218.08
02;1121010108;2022;170;Outros Recursos Não Vinculados;6;PREFEITURA MUNICIPAL DE UBERLÂNDIA;Taxa de Licença para Exploração Pedreira , Saibrei;SECRETARIA MUNICIPAL DE FINANÇAS;06;1125.07;638.19
02;1121010108;2022;170;Outros Recursos Não Vinculados;7;PREFEITURA MUNICIPAL DE UBERLÂNDIA;Taxa de Licença para Exploração Pedreira , Saibrei;SECRETARIA MUNICIPAL DE FINANÇAS;06;0.00;210.06
02;1121010108;2022;170;Outros Recursos Não Vinculados;8;PREFEITURA MUNICIPAL DE UBERLÂNDIA;Taxa de Licença para Exploração Pedreira , Saibrei;SECRETARIA MUNICIPAL DE FINANÇAS;06;1125.07;0.00
02;1121010108;2022;170;Outros Recursos Não Vinculados;9;PREFEITURA MUNICIPAL DE UBERLÂNDIA;Taxa de Licença para Exploração Pedreira , Saibrei;SECRETARIA MUNICIPAL DE FINANÇAS;06;0.00;76.90
02;1121010108;2022;170;Outros Recursos Não Vinculados;10;PREFEITURA MUNICIPAL DE UBERLÂNDIA;Taxa de Licença para Exploração Pedreira , Saibrei;SECRETARIA MUNICIPAL DE FINANÇAS;06;0.00;827.02
02;1121010108;2022;170;Outros Recursos Não Vinculados;11;PREFEITURA MUNICIPAL DE UBERLÂNDIA;Taxa de Licença para Exploração Pedreira , Saibrei;SECRETARIA MUNICIPAL DE FINANÇAS;06;2250.14;563.79
02;1121010108;2022;170;Outros Recursos Não Vinculados;12;PREFEITURA MUNICIPAL DE UBERLÂNDIA;Taxa de Licença para Exploração Pedreira , Saibrei;SECRETARIA MUNICIPAL DE FINANÇAS;06;1245.73;210.05
02;1121010109;2022;170;Outros Recursos Não Vinculados;1;PREFEITURA MUNICIPAL DE UBERLÂNDIA;Taxa de Licença de Abate de Animais - Inspeção SIM;SECRETARIA MUNICIPAL DE AGROPECUÁRIA E ABASTECIMEN;12;10420.57;4721.33
02;1121010109;2022;170;Outros Recursos Não Vinculados;2;PREFEITURA MUNICIPAL DE UBERLÂNDIA;Taxa de Licença de Abate de Animais - Inspeção SIM;SECRETARIA MUNICIPAL DE AGROPECUÁRIA E ABASTECIMEN;12;10168.21;4707.74
02;1121010109;2022;170;Outros Recursos Não Vinculados;3;PREFEITURA MUNICIPAL DE UBERLÂNDIA;Taxa de Licença de Abate de Animais - Inspeção SIM;SECRETARIA MUNICIPAL DE AGROPECUÁRIA E ABASTECIMEN;12;9686.44;4813.20
02;1121010109;2022;170;Outros Recursos Não Vinculados;4;PREFEITURA MUNICIPAL DE UBERLÂNDIA;Taxa de Licença de Abate de Animais - Inspeção SIM;SECRETARIA MUNICIPAL DE AGROPECUÁRIA E ABASTECIMEN;12;10963.24;4626.68
02;1121010109;2022;170;Outros Recursos Não Vinculados;5;PREFEITURA MUNICIPAL DE UBERLÂNDIA;Taxa de Licença de Abate de Animais - Inspeção SIM;SECRETARIA MUNICIPAL DE AGROPECUÁRIA E ABASTECIMEN;12;9299.25;4815.15
02;1121010109;2022;170;Outros Recursos Não Vinculados;6;PREFEITURA MUNICIPAL DE UBERLÂNDIA;Taxa de Licença de Abate de Animais - Inspeção SIM;SECRETARIA MUNICIPAL DE AGROPECUÁRIA E ABASTECIMEN;12;9015.86;5523.84
02;1121010109;2022;170;Outros Recursos Não Vinculados;7;PREFEITURA MUNICIPAL DE UBERLÂNDIA;Taxa de Licença de Abate de Animais - Inspeção SIM;SECRETARIA MUNICIPAL DE AGROPECUÁRIA E ABASTECIMEN;12;10370.35;3054.59
02;1121010109;2022;170;Outros Recursos Não Vinculados;8;PREFEITURA MUNICIPAL DE UBERLÂNDIA;Taxa de Licença de Abate de Animais - Inspeção SIM;SECRETARIA MUNICIPAL DE AGROPECUÁRIA E ABASTECIMEN;12;8868.67;3159.19
02;1121010109;2022;170;Outros Recursos Não Vinculados;9;PREFEITURA MUNICIPAL DE UBERLÂNDIA;Taxa de Licença de Abate de Animais - Inspeção SIM;SECRETARIA MUNICIPAL DE AGROPECUÁRIA E ABASTECIMEN;12;13016.85;3075.32
02;1121010109;2022;170;Outros Recursos Não Vinculados;10;PREFEITURA MUNICIPAL DE UBERLÂNDIA;Taxa de Licença de Abate de Animais - Inspeção SIM;SECRETARIA MUNICIPAL DE AGROPECUÁRIA E ABASTECIMEN;12;14618.42;3686.93
02;1121010109;2022;170;Outros Recursos Não Vinculados;11;PREFEITURA MUNICIPAL DE UBERLÂNDIA;Taxa de Licença de Abate de Animais - Inspeção SIM;SECRETARIA MUNICIPAL DE AGROPECUÁRIA E ABASTECIMEN;12;7790.29;3361.86
02;1121010109;2022;170;Outros Recursos Não Vinculados;12;PREFEITURA MUNICIPAL DE UBERLÂNDIA;Taxa de Licença de Abate de Animais - Inspeção SIM;SECRETARIA MUNICIPAL DE AGROPECUÁRIA E ABASTECIMEN;12;19341.22;4454.17
02;1121010110;2022;170;Outros Recursos Não Vinculados;1;PREFEITURA MUNICIPAL DE UBERLÂNDIA;Outras Taxas pelo Exercício do Poder de Polícia - ;SECRETARIA MUNICIPAL DE TRÂNSITO E TRANSPORTES;15;6144.62;2018.16
02;1121010110;2022;170;Outros Recursos Não Vinculados;2;PREFEITURA MUNICIPAL DE UBERLÂNDIA;Outras Taxas pelo Exercício do Poder de Polícia - ;SECRETARIA MUNICIPAL DE TRÂNSITO E TRANSPORTES;15;5186.28;1913.39
02;1121010110;2022;170;Outros Recursos Não Vinculados;3;PREFEITURA MUNICIPAL DE UBERLÂNDIA;Outras Taxas pelo Exercício do Poder de Polícia - ;SECRETARIA MUNICIPAL DE TRÂNSITO E TRANSPORTES;15;785.68;1969.29
02;1121010110;2022;170;Outros Recursos Não Vinculados;4;PREFEITURA MUNICIPAL DE UBERLÂNDIA;Outras Taxas pelo Exercício do Poder de Polícia - ;SECRETARIA MUNICIPAL DE TRÂNSITO E TRANSPORTES;15;743.01;1653.05
02;1121010110;2022;170;Outros Recursos Não Vinculados;5;PREFEITURA MUNICIPAL DE UBERLÂNDIA;Outras Taxas pelo Exercício do Poder de Polícia - ;SECRETARIA MUNICIPAL DE TRÂNSITO E TRANSPORTES;15;733.97;3525.19
02;1121010110;2022;170;Outros Recursos Não Vinculados;6;PREFEITURA MUNICIPAL DE UBERLÂNDIA;Outras Taxas pelo Exercício do Poder de Polícia - ;SECRETARIA MUNICIPAL DE TRÂNSITO E TRANSPORTES;15;3541.32;863.40
02;1121010110;2022;170;Outros Recursos Não Vinculados;7;PREFEITURA MUNICIPAL DE UBERLÂNDIA;Outras Taxas pelo Exercício do Poder de Polícia - ;SECRETARIA MUNICIPAL DE TRÂNSITO E TRANSPORTES;15;35253.17;4380.98
02;1121010110;2022;170;Outros Recursos Não Vinculados;8;PREFEITURA MUNICIPAL DE UBERLÂNDIA;Outras Taxas pelo Exercício do Poder de Polícia - ;SECRETARIA MUNICIPAL DE TRÂNSITO E TRANSPORTES;15;3344.64;2812.11
02;1121010110;2022;170;Outros Recursos Não Vinculados;9;PREFEITURA MUNICIPAL DE UBERLÂNDIA;Outras Taxas pelo Exercício do Poder de Polícia - ;SECRETARIA MUNICIPAL DE TRÂNSITO E TRANSPORTES;15;3443.02;845.70
02;1121010110;2022;170;Outros Recursos Não Vinculados;10;PREFEITURA MUNICIPAL DE UBERLÂNDIA;Outras Taxas pelo Exercício do Poder de Polícia - ;SECRETARIA MUNICIPAL DE TRÂNSITO E TRANSPORTES;15;2459.30;497.37
02;1121010110;2022;170;Outros Recursos Não Vinculados;11;PREFEITURA MUNICIPAL DE UBERLÂNDIA;Outras Taxas pelo Exercício do Poder de Polícia - ;SECRETARIA MUNICIPAL DE TRÂNSITO E TRANSPORTES;15;1967.44;596.49
02;1121010110;2022;170;Outros Recursos Não Vinculados;12;PREFEITURA MUNICIPAL DE UBERLÂNDIA;Outras Taxas pelo Exercício do Poder de Polícia - ;SECRETARIA MUNICIPAL DE TRÂNSITO E TRANSPORTES;15;36643.27;5924.87
02;1121010111;2022;170;Outros Recursos Não Vinculados;1;PREFEITURA MUNICIPAL DE UBERLÂNDIA;Out tx pelo Poder de Polícia - PMU;SECRETARIA MUNICIPAL DE FINANÇAS;06;207.40;973.50
02;1121010111;2022;170;Outros Recursos Não Vinculados;2;PREFEITURA MUNICIPAL DE UBERLÂNDIA;Out tx pelo Poder de Polícia - PMU;SECRETARIA MUNICIPAL DE FINANÇAS;06;75.17;973.50
02;1121010111;2022;170;Outros Recursos Não Vinculados;3;PREFEITURA MUNICIPAL DE UBERLÂNDIA;Out tx pelo Poder de Polícia - PMU;SECRETARIA MUNICIPAL DE FINANÇAS;06;53.40;973.50
02;1121010111;2022;170;Outros Recursos Não Vinculados;4;PREFEITURA MUNICIPAL DE UBERLÂNDIA;Out tx pelo Poder de Polícia - PMU;SECRETARIA MUNICIPAL DE FINANÇAS;06;123.74;973.50
02;1121010111;2022;170;Outros Recursos Não Vinculados;5;PREFEITURA MUNICIPAL DE UBERLÂNDIA;Out tx pelo Poder de Polícia - PMU;SECRETARIA MUNICIPAL DE FINANÇAS;06;1366.35;973.50
02;1121010111;2022;170;Outros Recursos Não Vinculados;6;PREFEITURA MUNICIPAL DE UBERLÂNDIA;Out tx pelo Poder de Polícia - PMU;SECRETARIA MUNICIPAL DE FINANÇAS;06;503.60;973.50
02;1121010111;2022;170;Outros Recursos Não Vinculados;7;PREFEITURA MUNICIPAL DE UBERLÂNDIA;Out tx pelo Poder de Polícia - PMU;SECRETARIA MUNICIPAL DE FINANÇAS;06;1270.16;973.50
02;1121010111;2022;170;Outros Recursos Não Vinculados;8;PREFEITURA MUNICIPAL DE UBERLÂNDIA;Out tx pelo Poder de Polícia - PMU;SECRETARIA MUNICIPAL DE FINANÇAS;06;488.38;973.50
02;1121010111;2022;170;Outros Recursos Não Vinculados;9;PREFEITURA MUNICIPAL DE UBERLÂNDIA;Out tx pelo Poder de Polícia - PMU;SECRETARIA MUNICIPAL DE FINANÇAS;06;2233.80;973.50
02;1121010111;2022;170;Outros Recursos Não Vinculados;10;PREFEITURA MUNICIPAL DE UBERLÂNDIA;Out tx pelo Poder de Polícia - PMU;SECRETARIA MUNICIPAL DE FINANÇAS;06;2554.97;973.50
02;1121010111;2022;170;Outros Recursos Não Vinculados;11;PREFEITURA MUNICIPAL DE UBERLÂNDIA;Out tx pelo Poder de Polícia - PMU;SECRETARIA MUNICIPAL DE FINANÇAS;06;3744.84;973.50
02;1121010111;2022;170;Outros Recursos Não Vinculados;12;PREFEITURA MUNICIPAL DE UBERLÂNDIA;Out tx pelo Poder de Polícia - PMU;SECRETARIA MUNICIPAL DE FINANÇAS;06;1170.09;973.50
02;1121010201;2022;170;Outros Recursos Não Vinculados;1;PREFEITURA MUNICIPAL DE UBERLÂNDIA;Multas e Juros de Taxas;SECRETARIA MUNICIPAL DE FINANÇAS;06;6989.21;21121.48
02;1121010201;2022;170;Outros Recursos Não Vinculados;2;PREFEITURA MUNICIPAL DE UBERLÂNDIA;Multas e Juros de Taxas;SECRETARIA MUNICIPAL DE FINANÇAS;06;2189.03;9761.68
02;1121010201;2022;170;Outros Recursos Não Vinculados;3;PREFEITURA MUNICIPAL DE UBERLÂNDIA;Multas e Juros de Taxas;SECRETARIA MUNICIPAL DE FINANÇAS;06;3508.53;13861.63
02;1121010201;2022;170;Outros Recursos Não Vinculados;4;PREFEITURA MUNICIPAL DE UBERLÂNDIA;Multas e Juros de Taxas;SECRETARIA MUNICIPAL DE FINANÇAS;06;27450.70;25794.66
02;1121010201;2022;170;Outros Recursos Não Vinculados;5;PREFEITURA MUNICIPAL DE UBERLÂNDIA;Multas e Juros de Taxas;SECRETARIA MUNICIPAL DE FINANÇAS;06;34531.73;26396.35
02;1121010201;2022;170;Outros Recursos Não Vinculados;6;PREFEITURA MUNICIPAL DE UBERLÂNDIA;Multas e Juros de Taxas;SECRETARIA MUNICIPAL DE FINANÇAS;06;40165.49;26386.04
02;1121010201;2022;170;Outros Recursos Não Vinculados;7;PREFEITURA MUNICIPAL DE UBERLÂNDIA;Multas e Juros de Taxas;SECRETARIA MUNICIPAL DE FINANÇAS;06;24565.57;24410.30
02;1121010201;2022;170;Outros Recursos Não Vinculados;8;PREFEITURA MUNICIPAL DE UBERLÂNDIA;Multas e Juros de Taxas;SECRETARIA MUNICIPAL DE FINANÇAS;06;59347.16;35303.41
02;1121010201;2022;170;Outros Recursos Não Vinculados;9;PREFEITURA MUNICIPAL DE UBERLÂNDIA;Multas e Juros de Taxas;SECRETARIA MUNICIPAL DE FINANÇAS;06;97648.40;28925.97
02;1121010201;2022;170;Outros Recursos Não Vinculados;10;PREFEITURA MUNICIPAL DE UBERLÂNDIA;Multas e Juros de Taxas;SECRETARIA MUNICIPAL DE FINANÇAS;06;89173.74;27533.68
02;1121010201;2022;170;Outros Recursos Não Vinculados;11;PREFEITURA MUNICIPAL DE UBERLÂNDIA;Multas e Juros de Taxas;SECRETARIA MUNICIPAL DE FINANÇAS;06;36954.04;29527.15
02;1121010201;2022;170;Outros Recursos Não Vinculados;12;PREFEITURA MUNICIPAL DE UBERLÂNDIA;Multas e Juros de Taxas;SECRETARIA MUNICIPAL DE FINANÇAS;06;90685.19;42317.65
02;1121010202;2022;170;Outros Recursos Não Vinculados;1;PREFEITURA MUNICIPAL DE UBERLÂNDIA;Multas e Juros de Taxas - FMSAN;SECRETARIA MUNICIPAL DE AGROPECUÁRIA E ABASTECIMEN;12;84.63;83.33
02;1121010202;2022;170;Outros Recursos Não Vinculados;2;PREFEITURA MUNICIPAL DE UBERLÂNDIA;Multas e Juros de Taxas - FMSAN;SECRETARIA MUNICIPAL DE AGROPECUÁRIA E ABASTECIMEN;12;73.99;83.33
02;1121010202;2022;170;Outros Recursos Não Vinculados;3;PREFEITURA MUNICIPAL DE UBERLÂNDIA;Multas e Juros de Taxas - FMSAN;SECRETARIA MUNICIPAL DE AGROPECUÁRIA E ABASTECIMEN;12;9.98;83.33
02;1121010202;2022;170;Outros Recursos Não Vinculados;4;PREFEITURA MUNICIPAL DE UBERLÂNDIA;Multas e Juros de Taxas - FMSAN;SECRETARIA MUNICIPAL DE AGROPECUÁRIA E ABASTECIMEN;12;73.89;83.33
02;1121010202;2022;170;Outros Recursos Não Vinculados;5;PREFEITURA MUNICIPAL DE UBERLÂNDIA;Multas e Juros de Taxas - FMSAN;SECRETARIA MUNICIPAL DE AGROPECUÁRIA E ABASTECIMEN;12;42.30;83.33
02;1121010202;2022;170;Outros Recursos Não Vinculados;6;PREFEITURA MUNICIPAL DE UBERLÂNDIA;Multas e Juros de Taxas - FMSAN;SECRETARIA MUNICIPAL DE AGROPECUÁRIA E ABASTECIMEN;12;4.54;83.33
02;1121010202;2022;170;Outros Recursos Não Vinculados;7;PREFEITURA MUNICIPAL DE UBERLÂNDIA;Multas e Juros de Taxas - FMSAN;SECRETARIA MUNICIPAL DE AGROPECUÁRIA E ABASTECIMEN;12;170.29;83.33
02;1121010202;2022;170;Outros Recursos Não Vinculados;8;PREFEITURA MUNICIPAL DE UBERLÂNDIA;Multas e Juros de Taxas - FMSAN;SECRETARIA MUNICIPAL DE AGROPECUÁRIA E ABASTECIMEN;12;1.46;83.33
02;1121010202;2022;170;Outros Recursos Não Vinculados;9;PREFEITURA MUNICIPAL DE UBERLÂNDIA;Multas e Juros de Taxas - FMSAN;SECRETARIA MUNICIPAL DE AGROPECUÁRIA E ABASTECIMEN;12;605.19;83.33
02;1121010202;2022;170;Outros Recursos Não Vinculados;10;PREFEITURA MUNICIPAL DE UBERLÂNDIA;Multas e Juros de Taxas - FMSAN;SECRETARIA MUNICIPAL DE AGROPECUÁRIA E ABASTECIMEN;12;663.17;83.33
02;1121010202;2022;170;Outros Recursos Não Vinculados;11;PREFEITURA MUNICIPAL DE UBERLÂNDIA;Multas e Juros de Taxas - FMSAN;SECRETARIA MUNICIPAL DE AGROPECUÁRIA E ABASTECIMEN;12;13.53;83.33
02;1121010202;2022;170;Outros Recursos Não Vinculados;12;PREFEITURA MUNICIPAL DE UBERLÂNDIA;Multas e Juros de Taxas - FMSAN;SECRETARIA MUNICIPAL DE AGROPECUÁRIA E ABASTECIMEN;12;1749.97;83.37
02;1121010203;2022;170;Outros Recursos Não Vinculados;1;PREFEITURA MUNICIPAL DE UBERLÂNDIA;Multas e Juros de Taxas - FMTT;SECRETARIA MUNICIPAL DE TRÂNSITO E TRANSPORTES;15;80.50;1833.33
02;1121010203;2022;170;Outros Recursos Não Vinculados;2;PREFEITURA MUNICIPAL DE UBERLÂNDIA;Multas e Juros de Taxas - FMTT;SECRETARIA MUNICIPAL DE TRÂNSITO E TRANSPORTES;15;89.85;1833.33
02;1121010203;2022;170;Outros Recursos Não Vinculados;3;PREFEITURA MUNICIPAL DE UBERLÂNDIA;Multas e Juros de Taxas - FMTT;SECRETARIA MUNICIPAL DE TRÂNSITO E TRANSPORTES;15;33.32;1833.33
02;1121010203;2022;170;Outros Recursos Não Vinculados;4;PREFEITURA MUNICIPAL DE UBERLÂNDIA;Multas e Juros de Taxas - FMTT;SECRETARIA MUNICIPAL DE TRÂNSITO E TRANSPORTES;15;38.91;1833.33
02;1121010203;2022;170;Outros Recursos Não Vinculados;5;PREFEITURA MUNICIPAL DE UBERLÂNDIA;Multas e Juros de Taxas - FMTT;SECRETARIA MUNICIPAL DE TRÂNSITO E TRANSPORTES;15;37.18;1833.33
02;1121010203;2022;170;Outros Recursos Não Vinculados;6;PREFEITURA MUNICIPAL DE UBERLÂNDIA;Multas e Juros de Taxas - FMTT;SECRETARIA MUNICIPAL DE TRÂNSITO E TRANSPORTES;15;77.90;1833.33
02;1121010203;2022;170;Outros Recursos Não Vinculados;7;PREFEITURA MUNICIPAL DE UBERLÂNDIA;Multas e Juros de Taxas - FMTT;SECRETARIA MUNICIPAL DE TRÂNSITO E TRANSPORTES;15;331.62;1833.33
02;1121010203;2022;170;Outros Recursos Não Vinculados;8;PREFEITURA MUNICIPAL DE UBERLÂNDIA;Multas e Juros de Taxas - FMTT;SECRETARIA MUNICIPAL DE TRÂNSITO E TRANSPORTES;15;62.24;1833.33
02;1121010203;2022;170;Outros Recursos Não Vinculados;9;PREFEITURA MUNICIPAL DE UBERLÂNDIA;Multas e Juros de Taxas - FMTT;SECRETARIA MUNICIPAL DE TRÂNSITO E TRANSPORTES;15;0.00;1833.33
02;1121010203;2022;170;Outros Recursos Não Vinculados;10;PREFEITURA MUNICIPAL DE UBERLÂNDIA;Multas e Juros de Taxas - FMTT;SECRETARIA MUNICIPAL DE TRÂNSITO E TRANSPORTES;15;0.00;1833.33
02;1121010203;2022;170;Outros Recursos Não Vinculados;11;PREFEITURA MUNICIPAL DE UBERLÂNDIA;Multas e Juros de Taxas - FMTT;SECRETARIA MUNICIPAL DE TRÂNSITO E TRANSPORTES;15;0.00;1833.33
02;1121010203;2022;170;Outros Recursos Não Vinculados;12;PREFEITURA MUNICIPAL DE UBERLÂNDIA;Multas e Juros de Taxas - FMTT;SECRETARIA MUNICIPAL DE TRÂNSITO E TRANSPORTES;15;130.66;1833.37
02;1121010301;2022;170;Outros Recursos Não Vinculados;1;PREFEITURA MUNICIPAL DE UBERLÂNDIA;Rec Dívida Ativa Trib Principal - PMU;SECRETARIA MUNICIPAL DE FINANÇAS;06;282584.38;344217.40
02;1121010301;2022;170;Outros Recursos Não Vinculados;2;PREFEITURA MUNICIPAL DE UBERLÂNDIA;Rec Dívida Ativa Trib Principal - PMU;SECRETARIA MUNICIPAL DE FINANÇAS;06;348823.07;253661.45
02;1121010301;2022;170;Outros Recursos Não Vinculados;3;PREFEITURA MUNICIPAL DE UBERLÂNDIA;Rec Dívida Ativa Trib Principal - PMU;SECRETARIA MUNICIPAL DE FINANÇAS;06;312776.76;182314.37
02;1121010301;2022;170;Outros Recursos Não Vinculados;4;PREFEITURA MUNICIPAL DE UBERLÂNDIA;Rec Dívida Ativa Trib Principal - PMU;SECRETARIA MUNICIPAL DE FINANÇAS;06;264137.82;150076.65
02;1121010301;2022;170;Outros Recursos Não Vinculados;5;PREFEITURA MUNICIPAL DE UBERLÂNDIA;Rec Dívida Ativa Trib Principal - PMU;SECRETARIA MUNICIPAL DE FINANÇAS;06;220712.65;134746.49
02;1121010301;2022;170;Outros Recursos Não Vinculados;6;PREFEITURA MUNICIPAL DE UBERLÂNDIA;Rec Dívida Ativa Trib Principal - PMU;SECRETARIA MUNICIPAL DE FINANÇAS;06;420219.52;220417.33
02;1121010301;2022;170;Outros Recursos Não Vinculados;7;PREFEITURA MUNICIPAL DE UBERLÂNDIA;Rec Dívida Ativa Trib Principal - PMU;SECRETARIA MUNICIPAL DE FINANÇAS;06;547810.16;158662.15
02;1121010301;2022;170;Outros Recursos Não Vinculados;8;PREFEITURA MUNICIPAL DE UBERLÂNDIA;Rec Dívida Ativa Trib Principal - PMU;SECRETARIA MUNICIPAL DE FINANÇAS;06;327081.67;112752.80
02;1121010301;2022;170;Outros Recursos Não Vinculados;9;PREFEITURA MUNICIPAL DE UBERLÂNDIA;Rec Dívida Ativa Trib Principal - PMU;SECRETARIA MUNICIPAL DE FINANÇAS;06;413700.93;141938.18
02;1121010301;2022;170;Outros Recursos Não Vinculados;10;PREFEITURA MUNICIPAL DE UBERLÂNDIA;Rec Dívida Ativa Trib Principal - PMU;SECRETARIA MUNICIPAL DE FINANÇAS;06;232831.27;100317.60
02;1121010301;2022;170;Outros Recursos Não Vinculados;11;PREFEITURA MUNICIPAL DE UBERLÂNDIA;Rec Dívida Ativa Trib Principal - PMU;SECRETARIA MUNICIPAL DE FINANÇAS;06;252656.96;135670.79
02;1121010301;2022;170;Outros Recursos Não Vinculados;12;PREFEITURA MUNICIPAL DE UBERLÂNDIA;Rec Dívida Ativa Trib Principal - PMU;SECRETARIA MUNICIPAL DE FINANÇAS;06;346119.00;152138.79
02;1121010302;2022;170;Outros Recursos Não Vinculados;1;PREFEITURA MUNICIPAL DE UBERLÂNDIA;Rec Dívida Ativa Trib Principal - FMSAN;SECRETARIA MUNICIPAL DE AGROPECUÁRIA E ABASTECIMEN;12;760.31;83.33
02;1121010302;2022;170;Outros Recursos Não Vinculados;2;PREFEITURA MUNICIPAL DE UBERLÂNDIA;Rec Dívida Ativa Trib Principal - FMSAN;SECRETARIA MUNICIPAL DE AGROPECUÁRIA E ABASTECIMEN;12;199.90;83.33
02;1121010302;2022;170;Outros Recursos Não Vinculados;3;PREFEITURA MUNICIPAL DE UBERLÂNDIA;Rec Dívida Ativa Trib Principal - FMSAN;SECRETARIA MUNICIPAL DE AGROPECUÁRIA E ABASTECIMEN;12;707.43;83.33
02;1121010302;2022;170;Outros Recursos Não Vinculados;4;PREFEITURA MUNICIPAL DE UBERLÂNDIA;Rec Dívida Ativa Trib Principal - FMSAN;SECRETARIA MUNICIPAL DE AGROPECUÁRIA E ABASTECIMEN;12;241.39;83.33
02;1121010302;2022;170;Outros Recursos Não Vinculados;5;PREFEITURA MUNICIPAL DE UBERLÂNDIA;Rec Dívida Ativa Trib Principal - FMSAN;SECRETARIA MUNICIPAL DE AGROPECUÁRIA E ABASTECIMEN;12;191.13;83.33
02;1121010302;2022;170;Outros Recursos Não Vinculados;6;PREFEITURA MUNICIPAL DE UBERLÂNDIA;Rec Dívida Ativa Trib Principal - FMSAN;SECRETARIA MUNICIPAL DE AGROPECUÁRIA E ABASTECIMEN;12;119.43;83.33
02;1121010302;2022;170;Outros Recursos Não Vinculados;7;PREFEITURA MUNICIPAL DE UBERLÂNDIA;Rec Dívida Ativa Trib Principal - FMSAN;SECRETARIA MUNICIPAL DE AGROPECUÁRIA E ABASTECIMEN;12;305.01;83.33
02;1121010302;2022;170;Outros Recursos Não Vinculados;8;PREFEITURA MUNICIPAL DE UBERLÂNDIA;Rec Dívida Ativa Trib Principal - FMSAN;SECRETARIA MUNICIPAL DE AGROPECUÁRIA E ABASTECIMEN;12;520.87;83.33
02;1121010302;2022;170;Outros Recursos Não Vinculados;9;PREFEITURA MUNICIPAL DE UBERLÂNDIA;Rec Dívida Ativa Trib Principal - FMSAN;SECRETARIA MUNICIPAL DE AGROPECUÁRIA E ABASTECIMEN;12;433.22;83.33
02;1121010302;2022;170;Outros Recursos Não Vinculados;10;PREFEITURA MUNICIPAL DE UBERLÂNDIA;Rec Dívida Ativa Trib Principal - FMSAN;SECRETARIA MUNICIPAL DE AGROPECUÁRIA E ABASTECIMEN;12;1195.03;83.33
02;1121010302;2022;170;Outros Recursos Não Vinculados;11;PREFEITURA MUNICIPAL DE UBERLÂNDIA;Rec Dívida Ativa Trib Principal - FMSAN;SECRETARIA MUNICIPAL DE AGROPECUÁRIA E ABASTECIMEN;12;544.51;83.33
02;1121010302;2022;170;Outros Recursos Não Vinculados;12;PREFEITURA MUNICIPAL DE UBERLÂNDIA;Rec Dívida Ativa Trib Principal - FMSAN;SECRETARIA MUNICIPAL DE AGROPECUÁRIA E ABASTECIMEN;12;262.35;83.37
02;1121010303;2022;170;Outros Recursos Não Vinculados;1;PREFEITURA MUNICIPAL DE UBERLÂNDIA;Rec Dívida Ativa Trib Principal - FMTT;SECRETARIA MUNICIPAL DE TRÂNSITO E TRANSPORTES;15;443.27;1166.67
02;1121010303;2022;170;Outros Recursos Não Vinculados;2;PREFEITURA MUNICIPAL DE UBERLÂNDIA;Rec Dívida Ativa Trib Principal - FMTT;SECRETARIA MUNICIPAL DE TRÂNSITO E TRANSPORTES;15;1272.98;1166.67
02;1121010303;2022;170;Outros Recursos Não Vinculados;3;PREFEITURA MUNICIPAL DE UBERLÂNDIA;Rec Dívida Ativa Trib Principal - FMTT;SECRETARIA MUNICIPAL DE TRÂNSITO E TRANSPORTES;15;1696.56;1166.67
02;1121010303;2022;170;Outros Recursos Não Vinculados;4;PREFEITURA MUNICIPAL DE UBERLÂNDIA;Rec Dívida Ativa Trib Principal - FMTT;SECRETARIA MUNICIPAL DE TRÂNSITO E TRANSPORTES;15;597.05;1166.67
02;1121010303;2022;170;Outros Recursos Não Vinculados;5;PREFEITURA MUNICIPAL DE UBERLÂNDIA;Rec Dívida Ativa Trib Principal - FMTT;SECRETARIA MUNICIPAL DE TRÂNSITO E TRANSPORTES;15;511.70;1166.67
02;1121010303;2022;170;Outros Recursos Não Vinculados;6;PREFEITURA MUNICIPAL DE UBERLÂNDIA;Rec Dívida Ativa Trib Principal - FMTT;SECRETARIA MUNICIPAL DE TRÂNSITO E TRANSPORTES;15;1796.87;1166.67
02;1121010303;2022;170;Outros Recursos Não Vinculados;7;PREFEITURA MUNICIPAL DE UBERLÂNDIA;Rec Dívida Ativa Trib Principal - FMTT;SECRETARIA MUNICIPAL DE TRÂNSITO E TRANSPORTES;15;1223.22;1166.67
02;1121010303;2022;170;Outros Recursos Não Vinculados;8;PREFEITURA MUNICIPAL DE UBERLÂNDIA;Rec Dívida Ativa Trib Principal - FMTT;SECRETARIA MUNICIPAL DE TRÂNSITO E TRANSPORTES;15;189.66;1166.67
02;1121010303;2022;170;Outros Recursos Não Vinculados;9;PREFEITURA MUNICIPAL DE UBERLÂNDIA;Rec Dívida Ativa Trib Principal - FMTT;SECRETARIA MUNICIPAL DE TRÂNSITO E TRANSPORTES;15;685.04;1166.67
02;1121010303;2022;170;Outros Recursos Não Vinculados;10;PREFEITURA MUNICIPAL DE UBERLÂNDIA;Rec Dívida Ativa Trib Principal - FMTT;SECRETARIA MUNICIPAL DE TRÂNSITO E TRANSPORTES;15;403.15;1166.67
02;1121010303;2022;170;Outros Recursos Não Vinculados;11;PREFEITURA MUNICIPAL DE UBERLÂNDIA;Rec Dívida Ativa Trib Principal - FMTT;SECRETARIA MUNICIPAL DE TRÂNSITO E TRANSPORTES;15;315.76;1166.67
02;1121010303;2022;170;Outros Recursos Não Vinculados;12;PREFEITURA MUNICIPAL DE UBERLÂNDIA;Rec Dívida Ativa Trib Principal - FMTT;SECRETARIA MUNICIPAL DE TRÂNSITO E TRANSPORTES;15;4519.33;1166.63
02;1121010401;2022;170;Outros Recursos Não Vinculados;1;PREFEITURA MUNICIPAL DE UBERLÂNDIA;Taxas de Inspeção, Controle e Fiscalização - Dívid;SECRETARIA MUNICIPAL DE FINANÇAS;06;125611.36;126740.87
02;1121010401;2022;170;Outros Recursos Não Vinculados;2;PREFEITURA MUNICIPAL DE UBERLÂNDIA;Taxas de Inspeção, Controle e Fiscalização - Dívid;SECRETARIA MUNICIPAL DE FINANÇAS;06;181065.14;78056.54
02;1121010401;2022;170;Outros Recursos Não Vinculados;3;PREFEITURA MUNICIPAL DE UBERLÂNDIA;Taxas de Inspeção, Controle e Fiscalização - Dívid;SECRETARIA MUNICIPAL DE FINANÇAS;06;148853.70;78219.03
02;1121010401;2022;170;Outros Recursos Não Vinculados;4;PREFEITURA MUNICIPAL DE UBERLÂNDIA;Taxas de Inspeção, Controle e Fiscalização - Dívid;SECRETARIA MUNICIPAL DE FINANÇAS;06;130164.93;60568.76
02;1121010401;2022;170;Outros Recursos Não Vinculados;5;PREFEITURA MUNICIPAL DE UBERLÂNDIA;Taxas de Inspeção, Controle e Fiscalização - Dívid;SECRETARIA MUNICIPAL DE FINANÇAS;06;94665.91;77899.40
02;1121010401;2022;170;Outros Recursos Não Vinculados;6;PREFEITURA MUNICIPAL DE UBERLÂNDIA;Taxas de Inspeção, Controle e Fiscalização - Dívid;SECRETARIA MUNICIPAL DE FINANÇAS;06;83108.73;96506.84
02;1121010401;2022;170;Outros Recursos Não Vinculados;7;PREFEITURA MUNICIPAL DE UBERLÂNDIA;Taxas de Inspeção, Controle e Fiscalização - Dívid;SECRETARIA MUNICIPAL DE FINANÇAS;06;188879.46;48442.47
02;1121010401;2022;170;Outros Recursos Não Vinculados;8;PREFEITURA MUNICIPAL DE UBERLÂNDIA;Taxas de Inspeção, Controle e Fiscalização - Dívid;SECRETARIA MUNICIPAL DE FINANÇAS;06;245047.02;28048.63
02;1121010401;2022;170;Outros Recursos Não Vinculados;9;PREFEITURA MUNICIPAL DE UBERLÂNDIA;Taxas de Inspeção, Controle e Fiscalização - Dívid;SECRETARIA MUNICIPAL DE FINANÇAS;06;225534.84;46101.95
02;1121010401;2022;170;Outros Recursos Não Vinculados;10;PREFEITURA MUNICIPAL DE UBERLÂNDIA;Taxas de Inspeção, Controle e Fiscalização - Dívid;SECRETARIA MUNICIPAL DE FINANÇAS;06;147071.51;32071.83
02;1121010401;2022;170;Outros Recursos Não Vinculados;11;PREFEITURA MUNICIPAL DE UBERLÂNDIA;Taxas de Inspeção, Controle e Fiscalização - Dívid;SECRETARIA MUNICIPAL DE FINANÇAS;06;135217.62;36719.24
02;1121010401;2022;170;Outros Recursos Não Vinculados;12;PREFEITURA MUNICIPAL DE UBERLÂNDIA;Taxas de Inspeção, Controle e Fiscalização - Dívid;SECRETARIA MUNICIPAL DE FINANÇAS;06;174697.80;47863.44
02;1121010402;2022;170;Outros Recursos Não Vinculados;1;PREFEITURA MUNICIPAL DE UBERLÂNDIA;Tx de Insp, Cont e Fisc - DA - FMSAN;SECRETARIA MUNICIPAL DE AGROPECUÁRIA E ABASTECIMEN;12;167.89;83.33
02;1121010402;2022;170;Outros Recursos Não Vinculados;2;PREFEITURA MUNICIPAL DE UBERLÂNDIA;Tx de Insp, Cont e Fisc - DA - FMSAN;SECRETARIA MUNICIPAL DE AGROPECUÁRIA E ABASTECIMEN;12;44.61;83.33
02;1121010402;2022;170;Outros Recursos Não Vinculados;3;PREFEITURA MUNICIPAL DE UBERLÂNDIA;Tx de Insp, Cont e Fisc - DA - FMSAN;SECRETARIA MUNICIPAL DE AGROPECUÁRIA E ABASTECIMEN;12;217.58;83.33
02;1121010402;2022;170;Outros Recursos Não Vinculados;4;PREFEITURA MUNICIPAL DE UBERLÂNDIA;Tx de Insp, Cont e Fisc - DA - FMSAN;SECRETARIA MUNICIPAL DE AGROPECUÁRIA E ABASTECIMEN;12;61.41;83.33
02;1121010402;2022;170;Outros Recursos Não Vinculados;5;PREFEITURA MUNICIPAL DE UBERLÂNDIA;Tx de Insp, Cont e Fisc - DA - FMSAN;SECRETARIA MUNICIPAL DE AGROPECUÁRIA E ABASTECIMEN;12;58.07;83.33
02;1121010402;2022;170;Outros Recursos Não Vinculados;6;PREFEITURA MUNICIPAL DE UBERLÂNDIA;Tx de Insp, Cont e Fisc - DA - FMSAN;SECRETARIA MUNICIPAL DE AGROPECUÁRIA E ABASTECIMEN;12;28.37;83.33
02;1121010402;2022;170;Outros Recursos Não Vinculados;7;PREFEITURA MUNICIPAL DE UBERLÂNDIA;Tx de Insp, Cont e Fisc - DA - FMSAN;SECRETARIA MUNICIPAL DE AGROPECUÁRIA E ABASTECIMEN;12;110.64;83.33
02;1121010402;2022;170;Outros Recursos Não Vinculados;8;PREFEITURA MUNICIPAL DE UBERLÂNDIA;Tx de Insp, Cont e Fisc - DA - FMSAN;SECRETARIA MUNICIPAL DE AGROPECUÁRIA E ABASTECIMEN;12;149.34;83.33
02;1121010402;2022;170;Outros Recursos Não Vinculados;9;PREFEITURA MUNICIPAL DE UBERLÂNDIA;Tx de Insp, Cont e Fisc - DA - FMSAN;SECRETARIA MUNICIPAL DE AGROPECUÁRIA E ABASTECIMEN;12;118.37;83.33
02;1121010402;2022;170;Outros Recursos Não Vinculados;10;PREFEITURA MUNICIPAL DE UBERLÂNDIA;Tx de Insp, Cont e Fisc - DA - FMSAN;SECRETARIA MUNICIPAL DE AGROPECUÁRIA E ABASTECIMEN;12;447.00;83.33
02;1121010402;2022;170;Outros Recursos Não Vinculados;11;PREFEITURA MUNICIPAL DE UBERLÂNDIA;Tx de Insp, Cont e Fisc - DA - FMSAN;SECRETARIA MUNICIPAL DE AGROPECUÁRIA E ABASTECIMEN;12;131.48;83.33
02;1121010402;2022;170;Outros Recursos Não Vinculados;12;PREFEITURA MUNICIPAL DE UBERLÂNDIA;Tx de Insp, Cont e Fisc - DA - FMSAN;SECRETARIA MUNICIPAL DE AGROPECUÁRIA E ABASTECIMEN;12;1848.61;83.37
02;1121010403;2022;170;Outros Recursos Não Vinculados;1;PREFEITURA MUNICIPAL DE UBERLÂNDIA;Tx de Insp, Cont e Fisc - DA - FMTT;SECRETARIA MUNICIPAL DE TRÂNSITO E TRANSPORTES;15;32.64;500.00
02;1121010403;2022;170;Outros Recursos Não Vinculados;2;PREFEITURA MUNICIPAL DE UBERLÂNDIA;Tx de Insp, Cont e Fisc - DA - FMTT;SECRETARIA MUNICIPAL DE TRÂNSITO E TRANSPORTES;15;372.98;500.00
02;1121010403;2022;170;Outros Recursos Não Vinculados;3;PREFEITURA MUNICIPAL DE UBERLÂNDIA;Tx de Insp, Cont e Fisc - DA - FMTT;SECRETARIA MUNICIPAL DE TRÂNSITO E TRANSPORTES;15;308.77;500.00
02;1121010403;2022;170;Outros Recursos Não Vinculados;4;PREFEITURA MUNICIPAL DE UBERLÂNDIA;Tx de Insp, Cont e Fisc - DA - FMTT;SECRETARIA MUNICIPAL DE TRÂNSITO E TRANSPORTES;15;224.06;500.00
02;1121010403;2022;170;Outros Recursos Não Vinculados;5;PREFEITURA MUNICIPAL DE UBERLÂNDIA;Tx de Insp, Cont e Fisc - DA - FMTT;SECRETARIA MUNICIPAL DE TRÂNSITO E TRANSPORTES;15;172.90;500.00
02;1121010403;2022;170;Outros Recursos Não Vinculados;6;PREFEITURA MUNICIPAL DE UBERLÂNDIA;Tx de Insp, Cont e Fisc - DA - FMTT;SECRETARIA MUNICIPAL DE TRÂNSITO E TRANSPORTES;15;44.45;500.00
02;1121010403;2022;170;Outros Recursos Não Vinculados;7;PREFEITURA MUNICIPAL DE UBERLÂNDIA;Tx de Insp, Cont e Fisc - DA - FMTT;SECRETARIA MUNICIPAL DE TRÂNSITO E TRANSPORTES;15;271.52;500.00
02;1121010403;2022;170;Outros Recursos Não Vinculados;8;PREFEITURA MUNICIPAL DE UBERLÂNDIA;Tx de Insp, Cont e Fisc - DA - FMTT;SECRETARIA MUNICIPAL DE TRÂNSITO E TRANSPORTES;15;64.26;500.00
02;1121010403;2022;170;Outros Recursos Não Vinculados;9;PREFEITURA MUNICIPAL DE UBERLÂNDIA;Tx de Insp, Cont e Fisc - DA - FMTT;SECRETARIA MUNICIPAL DE TRÂNSITO E TRANSPORTES;15;170.29;500.00
02;1121010403;2022;170;Outros Recursos Não Vinculados;10;PREFEITURA MUNICIPAL DE UBERLÂNDIA;Tx de Insp, Cont e Fisc - DA - FMTT;SECRETARIA MUNICIPAL DE TRÂNSITO E TRANSPORTES;15;93.52;500.00
02;1121010403;2022;170;Outros Recursos Não Vinculados;11;PREFEITURA MUNICIPAL DE UBERLÂNDIA;Tx de Insp, Cont e Fisc - DA - FMTT;SECRETARIA MUNICIPAL DE TRÂNSITO E TRANSPORTES;15;45.79;500.00
02;1121010403;2022;170;Outros Recursos Não Vinculados;12;PREFEITURA MUNICIPAL DE UBERLÂNDIA;Tx de Insp, Cont e Fisc - DA - FMTT;SECRETARIA MUNICIPAL DE TRÂNSITO E TRANSPORTES;15;2057.23;500.00
02;1122010101;2022;170;Outros Recursos Não Vinculados;1;PREFEITURA MUNICIPAL DE UBERLÂNDIA;Taxa de Cemitérios;SECRETARIA MUNICIPAL DE FINANÇAS;06;76097.68;154065.90
02;1122010101;2022;170;Outros Recursos Não Vinculados;2;PREFEITURA MUNICIPAL DE UBERLÂNDIA;Taxa de Cemitérios;SECRETARIA MUNICIPAL DE FINANÇAS;06;150160.96;200564.42
02;1122010101;2022;170;Outros Recursos Não Vinculados;3;PREFEITURA MUNICIPAL DE UBERLÂNDIA;Taxa de Cemitérios;SECRETARIA MUNICIPAL DE FINANÇAS;06;160270.83;257439.54
02;1122010101;2022;170;Outros Recursos Não Vinculados;4;PREFEITURA MUNICIPAL DE UBERLÂNDIA;Taxa de Cemitérios;SECRETARIA MUNICIPAL DE FINANÇAS;06;145151.30;256828.96
02;1122010101;2022;170;Outros Recursos Não Vinculados;5;PREFEITURA MUNICIPAL DE UBERLÂNDIA;Taxa de Cemitérios;SECRETARIA MUNICIPAL DE FINANÇAS;06;202514.57;249605.24
02;1122010101;2022;170;Outros Recursos Não Vinculados;6;PREFEITURA MUNICIPAL DE UBERLÂNDIA;Taxa de Cemitérios;SECRETARIA MUNICIPAL DE FINANÇAS;06;152808.44;229280.81
02;1122010101;2022;170;Outros Recursos Não Vinculados;7;PREFEITURA MUNICIPAL DE UBERLÂNDIA;Taxa de Cemitérios;SECRETARIA MUNICIPAL DE FINANÇAS;06;160145.80;172993.23
02;1122010101;2022;170;Outros Recursos Não Vinculados;8;PREFEITURA MUNICIPAL DE UBERLÂNDIA;Taxa de Cemitérios;SECRETARIA MUNICIPAL DE FINANÇAS;06;159402.34;203620.65
02;1122010101;2022;170;Outros Recursos Não Vinculados;9;PREFEITURA MUNICIPAL DE UBERLÂNDIA;Taxa de Cemitérios;SECRETARIA MUNICIPAL DE FINANÇAS;06;166198.38;213299.65
02;1122010101;2022;170;Outros Recursos Não Vinculados;10;PREFEITURA MUNICIPAL DE UBERLÂNDIA;Taxa de Cemitérios;SECRETARIA MUNICIPAL DE FINANÇAS;06;172007.26;189583.05
02;1122010101;2022;170;Outros Recursos Não Vinculados;11;PREFEITURA MUNICIPAL DE UBERLÂNDIA;Taxa de Cemitérios;SECRETARIA MUNICIPAL DE FINANÇAS;06;181523.62;196175.01
02;1122010101;2022;170;Outros Recursos Não Vinculados;12;PREFEITURA MUNICIPAL DE UBERLÂNDIA;Taxa de Cemitérios;SECRETARIA MUNICIPAL DE FINANÇAS;06;166126.30;156147.54
02;1122010102;2022;170;Outros Recursos Não Vinculados;1;PREFEITURA MUNICIPAL DE UBERLÂNDIA;Taxa Cons Logradouros Públicos;SECRETARIA MUNICIPAL DE FINANÇAS;06;9.19;613.07
02;1122010102;2022;170;Outros Recursos Não Vinculados;2;PREFEITURA MUNICIPAL DE UBERLÂNDIA;Taxa Cons Logradouros Públicos;SECRETARIA MUNICIPAL DE FINANÇAS;06;56.31;278404.02
02;1122010102;2022;170;Outros Recursos Não Vinculados;3;PREFEITURA MUNICIPAL DE UBERLÂNDIA;Taxa Cons Logradouros Públicos;SECRETARIA MUNICIPAL DE FINANÇAS;06;16.22;395259.63
02;1122010102;2022;170;Outros Recursos Não Vinculados;4;PREFEITURA MUNICIPAL DE UBERLÂNDIA;Taxa Cons Logradouros Públicos;SECRETARIA MUNICIPAL DE FINANÇAS;06;21.35;101599.15
02;1122010102;2022;170;Outros Recursos Não Vinculados;5;PREFEITURA MUNICIPAL DE UBERLÂNDIA;Taxa Cons Logradouros Públicos;SECRETARIA MUNICIPAL DE FINANÇAS;06;32.03;56661.63
02;1122010102;2022;170;Outros Recursos Não Vinculados;6;PREFEITURA MUNICIPAL DE UBERLÂNDIA;Taxa Cons Logradouros Públicos;SECRETARIA MUNICIPAL DE FINANÇAS;06;28.36;42743.23
02;1122010102;2022;170;Outros Recursos Não Vinculados;7;PREFEITURA MUNICIPAL DE UBERLÂNDIA;Taxa Cons Logradouros Públicos;SECRETARIA MUNICIPAL DE FINANÇAS;06;193.49;33986.30
02;1122010102;2022;170;Outros Recursos Não Vinculados;8;PREFEITURA MUNICIPAL DE UBERLÂNDIA;Taxa Cons Logradouros Públicos;SECRETARIA MUNICIPAL DE FINANÇAS;06;12.43;25107.19
02;1122010102;2022;170;Outros Recursos Não Vinculados;9;PREFEITURA MUNICIPAL DE UBERLÂNDIA;Taxa Cons Logradouros Públicos;SECRETARIA MUNICIPAL DE FINANÇAS;06;0.74;25746.23
02;1122010102;2022;170;Outros Recursos Não Vinculados;10;PREFEITURA MUNICIPAL DE UBERLÂNDIA;Taxa Cons Logradouros Públicos;SECRETARIA MUNICIPAL DE FINANÇAS;06;9.21;19255.16
02;1122010102;2022;170;Outros Recursos Não Vinculados;11;PREFEITURA MUNICIPAL DE UBERLÂNDIA;Taxa Cons Logradouros Públicos;SECRETARIA MUNICIPAL DE FINANÇAS;06;14.92;4999.24
02;1122010102;2022;170;Outros Recursos Não Vinculados;12;PREFEITURA MUNICIPAL DE UBERLÂNDIA;Taxa Cons Logradouros Públicos;SECRETARIA MUNICIPAL DE FINANÇAS;06;19.45;2419.15
02;1122010103;2022;170;Outros Recursos Não Vinculados;1;PREFEITURA MUNICIPAL DE UBERLÂNDIA;Taxa de Averbação;SECRETARIA MUNICIPAL DE FINANÇAS;06;0.00;433.32
02;1122010103;2022;170;Outros Recursos Não Vinculados;2;PREFEITURA MUNICIPAL DE UBERLÂNDIA;Taxa de Averbação;SECRETARIA MUNICIPAL DE FINANÇAS;06;0.00;130.13
02;1122010103;2022;170;Outros Recursos Não Vinculados;3;PREFEITURA MUNICIPAL DE UBERLÂNDIA;Taxa de Averbação;SECRETARIA MUNICIPAL DE FINANÇAS;06;0.00;130.13
02;1122010103;2022;170;Outros Recursos Não Vinculados;4;PREFEITURA MUNICIPAL DE UBERLÂNDIA;Taxa de Averbação;SECRETARIA MUNICIPAL DE FINANÇAS;06;0.00;65.07
02;1122010103;2022;170;Outros Recursos Não Vinculados;5;PREFEITURA MUNICIPAL DE UBERLÂNDIA;Taxa de Averbação;SECRETARIA MUNICIPAL DE FINANÇAS;06;0.00;65.07
02;1122010103;2022;170;Outros Recursos Não Vinculados;6;PREFEITURA MUNICIPAL DE UBERLÂNDIA;Taxa de Averbação;SECRETARIA MUNICIPAL DE FINANÇAS;06;0.00;176.28
02;1122010103;2022;170;Outros Recursos Não Vinculados;7;PREFEITURA MUNICIPAL DE UBERLÂNDIA;Taxa de Averbação;SECRETARIA MUNICIPAL DE FINANÇAS;06;0.00;0.00
02;1122010103;2022;170;Outros Recursos Não Vinculados;8;PREFEITURA MUNICIPAL DE UBERLÂNDIA;Taxa de Averbação;SECRETARIA MUNICIPAL DE FINANÇAS;06;0.00;0.00
02;1122010103;2022;170;Outros Recursos Não Vinculados;9;PREFEITURA MUNICIPAL DE UBERLÂNDIA;Taxa de Averbação;SECRETARIA MUNICIPAL DE FINANÇAS;06;0.00;0.00
02;1122010103;2022;170;Outros Recursos Não Vinculados;10;PREFEITURA MUNICIPAL DE UBERLÂNDIA;Taxa de Averbação;SECRETARIA MUNICIPAL DE FINANÇAS;06;0.00;0.00
02;1122010103;2022;170;Outros Recursos Não Vinculados;11;PREFEITURA MUNICIPAL DE UBERLÂNDIA;Taxa de Averbação;SECRETARIA MUNICIPAL DE FINANÇAS;06;0.00;0.00
02;1122010103;2022;170;Outros Recursos Não Vinculados;12;PREFEITURA MUNICIPAL DE UBERLÂNDIA;Taxa de Averbação;SECRETARIA MUNICIPAL DE FINANÇAS;06;0.00;0.00
02;1122010104;2022;170;Outros Recursos Não Vinculados;1;PREFEITURA MUNICIPAL DE UBERLÂNDIA;Taxa de Prestação de Serviço Habite-se - FMHIS;SECRETARIA MUNICIPAL DE DESENVOLVIMENTO SOCIAL E T;10;0.00;0.00
02;1122010104;2022;170;Outros Recursos Não Vinculados;2;PREFEITURA MUNICIPAL DE UBERLÂNDIA;Taxa de Prestação de Serviço Habite-se - FMHIS;SECRETARIA MUNICIPAL DE DESENVOLVIMENTO SOCIAL E T;10;0.00;0.00
02;1122010104;2022;170;Outros Recursos Não Vinculados;3;PREFEITURA MUNICIPAL DE UBERLÂNDIA;Taxa de Prestação de Serviço Habite-se - FMHIS;SECRETARIA MUNICIPAL DE DESENVOLVIMENTO SOCIAL E T;10;0.00;0.00
02;1122010104;2022;170;Outros Recursos Não Vinculados;4;PREFEITURA MUNICIPAL DE UBERLÂNDIA;Taxa de Prestação de Serviço Habite-se - FMHIS;SECRETARIA MUNICIPAL DE DESENVOLVIMENTO SOCIAL E T;10;0.00;0.00
02;1122010104;2022;170;Outros Recursos Não Vinculados;5;PREFEITURA MUNICIPAL DE UBERLÂNDIA;Taxa de Prestação de Serviço Habite-se - FMHIS;SECRETARIA MUNICIPAL DE DESENVOLVIMENTO SOCIAL E T;10;0.00;0.00
02;1122010104;2022;170;Outros Recursos Não Vinculados;6;PREFEITURA MUNICIPAL DE UBERLÂNDIA;Taxa de Prestação de Serviço Habite-se - FMHIS;SECRETARIA MUNICIPAL DE DESENVOLVIMENTO SOCIAL E T;10;0.00;1000.00
02;1122010104;2022;170;Outros Recursos Não Vinculados;7;PREFEITURA MUNICIPAL DE UBERLÂNDIA;Taxa de Prestação de Serviço Habite-se - FMHIS;SECRETARIA MUNICIPAL DE DESENVOLVIMENTO SOCIAL E T;10;0.00;0.00
02;1122010104;2022;170;Outros Recursos Não Vinculados;8;PREFEITURA MUNICIPAL DE UBERLÂNDIA;Taxa de Prestação de Serviço Habite-se - FMHIS;SECRETARIA MUNICIPAL DE DESENVOLVIMENTO SOCIAL E T;10;0.00;0.00
02;1122010104;2022;170;Outros Recursos Não Vinculados;9;PREFEITURA MUNICIPAL DE UBERLÂNDIA;Taxa de Prestação de Serviço Habite-se - FMHIS;SECRETARIA MUNICIPAL DE DESENVOLVIMENTO SOCIAL E T;10;0.00;0.00
02;1122010104;2022;170;Outros Recursos Não Vinculados;10;PREFEITURA MUNICIPAL DE UBERLÂNDIA;Taxa de Prestação de Serviço Habite-se - FMHIS;SECRETARIA MUNICIPAL DE DESENVOLVIMENTO SOCIAL E T;10;0.00;0.00
02;1122010104;2022;170;Outros Recursos Não Vinculados;11;PREFEITURA MUNICIPAL DE UBERLÂNDIA;Taxa de Prestação de Serviço Habite-se - FMHIS;SECRETARIA MUNICIPAL DE DESENVOLVIMENTO SOCIAL E T;10;0.00;0.00
02;1122010104;2022;170;Outros Recursos Não Vinculados;12;PREFEITURA MUNICIPAL DE UBERLÂNDIA;Taxa de Prestação de Serviço Habite-se - FMHIS;SECRETARIA MUNICIPAL DE DESENVOLVIMENTO SOCIAL E T;10;0.00;0.00
02;1122010105;2022;170;Outros Recursos Não Vinculados;1;PREFEITURA MUNICIPAL DE UBERLÂNDIA;Taxa de Prestação de Serviço - FMSAN;SECRETARIA MUNICIPAL DE AGROPECUÁRIA E ABASTECIMEN;12;0.00;83.33
02;1122010105;2022;170;Outros Recursos Não Vinculados;2;PREFEITURA MUNICIPAL DE UBERLÂNDIA;Taxa de Prestação de Serviço - FMSAN;SECRETARIA MUNICIPAL DE AGROPECUÁRIA E ABASTECIMEN;12;0.00;83.33
02;1122010105;2022;170;Outros Recursos Não Vinculados;3;PREFEITURA MUNICIPAL DE UBERLÂNDIA;Taxa de Prestação de Serviço - FMSAN;SECRETARIA MUNICIPAL DE AGROPECUÁRIA E ABASTECIMEN;12;0.00;83.33
02;1122010105;2022;170;Outros Recursos Não Vinculados;4;PREFEITURA MUNICIPAL DE UBERLÂNDIA;Taxa de Prestação de Serviço - FMSAN;SECRETARIA MUNICIPAL DE AGROPECUÁRIA E ABASTECIMEN;12;0.00;83.33
02;1122010105;2022;170;Outros Recursos Não Vinculados;5;PREFEITURA MUNICIPAL DE UBERLÂNDIA;Taxa de Prestação de Serviço - FMSAN;SECRETARIA MUNICIPAL DE AGROPECUÁRIA E ABASTECIMEN;12;0.00;83.33
02;1122010105;2022;170;Outros Recursos Não Vinculados;6;PREFEITURA MUNICIPAL DE UBERLÂNDIA;Taxa de Prestação de Serviço - FMSAN;SECRETARIA MUNICIPAL DE AGROPECUÁRIA E ABASTECIMEN;12;0.00;83.33
02;1122010105;2022;170;Outros Recursos Não Vinculados;7;PREFEITURA MUNICIPAL DE UBERLÂNDIA;Taxa de Prestação de Serviço - FMSAN;SECRETARIA MUNICIPAL DE AGROPECUÁRIA E ABASTECIMEN;12;0.00;83.33
02;1122010105;2022;170;Outros Recursos Não Vinculados;8;PREFEITURA MUNICIPAL DE UBERLÂNDIA;Taxa de Prestação de Serviço - FMSAN;SECRETARIA MUNICIPAL DE AGROPECUÁRIA E ABASTECIMEN;12;0.00;83.33
02;1122010105;2022;170;Outros Recursos Não Vinculados;9;PREFEITURA MUNICIPAL DE UBERLÂNDIA;Taxa de Prestação de Serviço - FMSAN;SECRETARIA MUNICIPAL DE AGROPECUÁRIA E ABASTECIMEN;12;0.00;83.33
02;1122010105;2022;170;Outros Recursos Não Vinculados;10;PREFEITURA MUNICIPAL DE UBERLÂNDIA;Taxa de Prestação de Serviço - FMSAN;SECRETARIA MUNICIPAL DE AGROPECUÁRIA E ABASTECIMEN;12;0.00;83.33
02;1122010105;2022;170;Outros Recursos Não Vinculados;11;PREFEITURA MUNICIPAL DE UBERLÂNDIA;Taxa de Prestação de Serviço - FMSAN;SECRETARIA MUNICIPAL DE AGROPECUÁRIA E ABASTECIMEN;12;0.00;83.33
02;1122010105;2022;170;Outros Recursos Não Vinculados;12;PREFEITURA MUNICIPAL DE UBERLÂNDIA;Taxa de Prestação de Serviço - FMSAN;SECRETARIA MUNICIPAL DE AGROPECUÁRIA E ABASTECIMEN;12;0.00;83.37
02;1122010106;2022;170;Outros Recursos Não Vinculados;1;PREFEITURA MUNICIPAL DE UBERLÂNDIA;Outras Taxas pela Prestação de Serviços - FMTT;SECRETARIA MUNICIPAL DE TRÂNSITO E TRANSPORTES;15;6420.98;10722.99
02;1122010106;2022;170;Outros Recursos Não Vinculados;2;PREFEITURA MUNICIPAL DE UBERLÂNDIA;Outras Taxas pela Prestação de Serviços - FMTT;SECRETARIA MUNICIPAL DE TRÂNSITO E TRANSPORTES;15;9188.58;13543.28
02;1122010106;2022;170;Outros Recursos Não Vinculados;3;PREFEITURA MUNICIPAL DE UBERLÂNDIA;Outras Taxas pela Prestação de Serviços - FMTT;SECRETARIA MUNICIPAL DE TRÂNSITO E TRANSPORTES;15;6298.49;5150.75
02;1122010106;2022;170;Outros Recursos Não Vinculados;4;PREFEITURA MUNICIPAL DE UBERLÂNDIA;Outras Taxas pela Prestação de Serviços - FMTT;SECRETARIA MUNICIPAL DE TRÂNSITO E TRANSPORTES;15;3119.55;2789.68
02;1122010106;2022;170;Outros Recursos Não Vinculados;5;PREFEITURA MUNICIPAL DE UBERLÂNDIA;Outras Taxas pela Prestação de Serviços - FMTT;SECRETARIA MUNICIPAL DE TRÂNSITO E TRANSPORTES;15;862.51;1906.61
02;1122010106;2022;170;Outros Recursos Não Vinculados;6;PREFEITURA MUNICIPAL DE UBERLÂNDIA;Outras Taxas pela Prestação de Serviços - FMTT;SECRETARIA MUNICIPAL DE TRÂNSITO E TRANSPORTES;15;1636.31;1215.28
02;1122010106;2022;170;Outros Recursos Não Vinculados;7;PREFEITURA MUNICIPAL DE UBERLÂNDIA;Outras Taxas pela Prestação de Serviços - FMTT;SECRETARIA MUNICIPAL DE TRÂNSITO E TRANSPORTES;15;14104.00;8314.40
02;1122010106;2022;170;Outros Recursos Não Vinculados;8;PREFEITURA MUNICIPAL DE UBERLÂNDIA;Outras Taxas pela Prestação de Serviços - FMTT;SECRETARIA MUNICIPAL DE TRÂNSITO E TRANSPORTES;15;7228.41;10201.22
02;1122010106;2022;170;Outros Recursos Não Vinculados;9;PREFEITURA MUNICIPAL DE UBERLÂNDIA;Outras Taxas pela Prestação de Serviços - FMTT;SECRETARIA MUNICIPAL DE TRÂNSITO E TRANSPORTES;15;9119.84;2697.25
02;1122010106;2022;170;Outros Recursos Não Vinculados;10;PREFEITURA MUNICIPAL DE UBERLÂNDIA;Outras Taxas pela Prestação de Serviços - FMTT;SECRETARIA MUNICIPAL DE TRÂNSITO E TRANSPORTES;15;9135.21;8447.57
02;1122010106;2022;170;Outros Recursos Não Vinculados;11;PREFEITURA MUNICIPAL DE UBERLÂNDIA;Outras Taxas pela Prestação de Serviços - FMTT;SECRETARIA MUNICIPAL DE TRÂNSITO E TRANSPORTES;15;4201.23;7427.55
02;1122010106;2022;170;Outros Recursos Não Vinculados;12;PREFEITURA MUNICIPAL DE UBERLÂNDIA;Outras Taxas pela Prestação de Serviços - FMTT;SECRETARIA MUNICIPAL DE TRÂNSITO E TRANSPORTES;15;1421.61;2583.42
06;1122010107;2022;170;Outros Recursos Não Vinculados;1;Fundação de Excelência Rural de Uberlândia;Demais Serviços - FERUB;FUNDAÇÃO EXCELÊNCIA RURAL DE UBERLÂNDIA-FERUB;20;0.00;250.00
06;1122010107;2022;170;Outros Recursos Não Vinculados;2;Fundação de Excelência Rural de Uberlândia;Demais Serviços - FERUB;FUNDAÇÃO EXCELÊNCIA RURAL DE UBERLÂNDIA-FERUB;20;0.00;250.00
06;1122010107;2022;170;Outros Recursos Não Vinculados;3;Fundação de Excelência Rural de Uberlândia;Demais Serviços - FERUB;FUNDAÇÃO EXCELÊNCIA RURAL DE UBERLÂNDIA-FERUB;20;0.00;250.00
06;1122010107;2022;170;Outros Recursos Não Vinculados;4;Fundação de Excelência Rural de Uberlândia;Demais Serviços - FERUB;FUNDAÇÃO EXCELÊNCIA RURAL DE UBERLÂNDIA-FERUB;20;0.00;250.00
06;1122010107;2022;170;Outros Recursos Não Vinculados;5;Fundação de Excelência Rural de Uberlândia;Demais Serviços - FERUB;FUNDAÇÃO EXCELÊNCIA RURAL DE UBERLÂNDIA-FERUB;20;0.00;250.00
06;1122010107;2022;170;Outros Recursos Não Vinculados;6;Fundação de Excelência Rural de Uberlândia;Demais Serviços - FERUB;FUNDAÇÃO EXCELÊNCIA RURAL DE UBERLÂNDIA-FERUB;20;0.00;250.00
06;1122010107;2022;170;Outros Recursos Não Vinculados;7;Fundação de Excelência Rural de Uberlândia;Demais Serviços - FERUB;FUNDAÇÃO EXCELÊNCIA RURAL DE UBERLÂNDIA-FERUB;20;0.00;250.00
06;1122010107;2022;170;Outros Recursos Não Vinculados;8;Fundação de Excelência Rural de Uberlândia;Demais Serviços - FERUB;FUNDAÇÃO EXCELÊNCIA RURAL DE UBERLÂNDIA-FERUB;20;0.00;250.00
06;1122010107;2022;170;Outros Recursos Não Vinculados;9;Fundação de Excelência Rural de Uberlândia;Demais Serviços - FERUB;FUNDAÇÃO EXCELÊNCIA RURAL DE UBERLÂNDIA-FERUB;20;0.00;250.00
06;1122010107;2022;170;Outros Recursos Não Vinculados;10;Fundação de Excelência Rural de Uberlândia;Demais Serviços - FERUB;FUNDAÇÃO EXCELÊNCIA RURAL DE UBERLÂNDIA-FERUB;20;0.00;250.00
06;1122010107;2022;170;Outros Recursos Não Vinculados;11;Fundação de Excelência Rural de Uberlândia;Demais Serviços - FERUB;FUNDAÇÃO EXCELÊNCIA RURAL DE UBERLÂNDIA-FERUB;20;0.00;250.00
06;1122010107;2022;170;Outros Recursos Não Vinculados;12;Fundação de Excelência Rural de Uberlândia;Demais Serviços - FERUB;FUNDAÇÃO EXCELÊNCIA RURAL DE UBERLÂNDIA-FERUB;20;0.00;250.00
02;1122010108;2022;170;Outros Recursos Não Vinculados;1;PREFEITURA MUNICIPAL DE UBERLÂNDIA;Demais Serviços - PMU;SECRETARIA MUNICIPAL DE FINANÇAS;06;90323.67;103125.20
02;1122010108;2022;170;Outros Recursos Não Vinculados;2;PREFEITURA MUNICIPAL DE UBERLÂNDIA;Demais Serviços - PMU;SECRETARIA MUNICIPAL DE FINANÇAS;06;94088.03;98435.03
02;1122010108;2022;170;Outros Recursos Não Vinculados;3;PREFEITURA MUNICIPAL DE UBERLÂNDIA;Demais Serviços - PMU;SECRETARIA MUNICIPAL DE FINANÇAS;06;140542.00;99684.37
02;1122010108;2022;170;Outros Recursos Não Vinculados;4;PREFEITURA MUNICIPAL DE UBERLÂNDIA;Demais Serviços - PMU;SECRETARIA MUNICIPAL DE FINANÇAS;06;103760.51;102490.16
02;1122010108;2022;170;Outros Recursos Não Vinculados;5;PREFEITURA MUNICIPAL DE UBERLÂNDIA;Demais Serviços - PMU;SECRETARIA MUNICIPAL DE FINANÇAS;06;120414.53;108394.25
02;1122010108;2022;170;Outros Recursos Não Vinculados;6;PREFEITURA MUNICIPAL DE UBERLÂNDIA;Demais Serviços - PMU;SECRETARIA MUNICIPAL DE FINANÇAS;06;107025.82;111367.88
02;1122010108;2022;170;Outros Recursos Não Vinculados;7;PREFEITURA MUNICIPAL DE UBERLÂNDIA;Demais Serviços - PMU;SECRETARIA MUNICIPAL DE FINANÇAS;06;117982.03;96067.58
02;1122010108;2022;170;Outros Recursos Não Vinculados;8;PREFEITURA MUNICIPAL DE UBERLÂNDIA;Demais Serviços - PMU;SECRETARIA MUNICIPAL DE FINANÇAS;06;126926.11;88318.47
02;1122010108;2022;170;Outros Recursos Não Vinculados;9;PREFEITURA MUNICIPAL DE UBERLÂNDIA;Demais Serviços - PMU;SECRETARIA MUNICIPAL DE FINANÇAS;06;126022.62;91025.52
02;1122010108;2022;170;Outros Recursos Não Vinculados;10;PREFEITURA MUNICIPAL DE UBERLÂNDIA;Demais Serviços - PMU;SECRETARIA MUNICIPAL DE FINANÇAS;06;108798.61;112250.20
02;1122010108;2022;170;Outros Recursos Não Vinculados;11;PREFEITURA MUNICIPAL DE UBERLÂNDIA;Demais Serviços - PMU;SECRETARIA MUNICIPAL DE FINANÇAS;06;106615.98;96950.80
02;1122010108;2022;170;Outros Recursos Não Vinculados;12;PREFEITURA MUNICIPAL DE UBERLÂNDIA;Demais Serviços - PMU;SECRETARIA MUNICIPAL DE FINANÇAS;06;101849.49;81887.54
03;1122010109;2022;170;Outros Recursos Não Vinculados;1;Departamento Municipal de Agua e Esgoto;Taxa de Coleta de Lixo - DMAE;DEPARTAMENTO MUNICIPAL DE AGUA E ESGOTO - DMAE;17;999746.08;152000.00
03;1122010109;2022;170;Outros Recursos Não Vinculados;2;Departamento Municipal de Agua e Esgoto;Taxa de Coleta de Lixo - DMAE;DEPARTAMENTO MUNICIPAL DE AGUA E ESGOTO - DMAE;17;293012.39;14000.00
03;1122010109;2022;170;Outros Recursos Não Vinculados;3;Departamento Municipal de Agua e Esgoto;Taxa de Coleta de Lixo - DMAE;DEPARTAMENTO MUNICIPAL DE AGUA E ESGOTO - DMAE;17;31063.25;8000.00
03;1122010109;2022;170;Outros Recursos Não Vinculados;4;Departamento Municipal de Agua e Esgoto;Taxa de Coleta de Lixo - DMAE;DEPARTAMENTO MUNICIPAL DE AGUA E ESGOTO - DMAE;17;4528280.34;2000.00
03;1122010109;2022;170;Outros Recursos Não Vinculados;5;Departamento Municipal de Agua e Esgoto;Taxa de Coleta de Lixo - DMAE;DEPARTAMENTO MUNICIPAL DE AGUA E ESGOTO - DMAE;17;3742786.93;4000.00
03;1122010109;2022;170;Outros Recursos Não Vinculados;6;Departamento Municipal de Agua e Esgoto;Taxa de Coleta de Lixo - DMAE;DEPARTAMENTO MUNICIPAL DE AGUA E ESGOTO - DMAE;17;3452213.94;1239000.00
03;1122010109;2022;170;Outros Recursos Não Vinculados;7;Departamento Municipal de Agua e Esgoto;Taxa de Coleta de Lixo - DMAE;DEPARTAMENTO MUNICIPAL DE AGUA E ESGOTO - DMAE;17;3341826.50;7750000.00
03;1122010109;2022;170;Outros Recursos Não Vinculados;8;Departamento Municipal de Agua e Esgoto;Taxa de Coleta de Lixo - DMAE;DEPARTAMENTO MUNICIPAL DE AGUA E ESGOTO - DMAE;17;3193275.36;4746000.00
03;1122010109;2022;170;Outros Recursos Não Vinculados;9;Departamento Municipal de Agua e Esgoto;Taxa de Coleta de Lixo - DMAE;DEPARTAMENTO MUNICIPAL DE AGUA E ESGOTO - DMAE;17;3086508.35;5149000.00
03;1122010109;2022;170;Outros Recursos Não Vinculados;10;Departamento Municipal de Agua e Esgoto;Taxa de Coleta de Lixo - DMAE;DEPARTAMENTO MUNICIPAL DE AGUA E ESGOTO - DMAE;17;2851787.61;4698000.00
03;1122010109;2022;170;Outros Recursos Não Vinculados;11;Departamento Municipal de Agua e Esgoto;Taxa de Coleta de Lixo - DMAE;DEPARTAMENTO MUNICIPAL DE AGUA E ESGOTO - DMAE;17;2688573.32;4635000.00
03;1122010109;2022;170;Outros Recursos Não Vinculados;12;Departamento Municipal de Agua e Esgoto;Taxa de Coleta de Lixo - DMAE;DEPARTAMENTO MUNICIPAL DE AGUA E ESGOTO - DMAE;17;2051234.46;4599000.00
02;1122010110;2022;170;Outros Recursos Não Vinculados;2;PREFEITURA MUNICIPAL DE UBERLÂNDIA;Taxa de Coleta de Lixo - PMU;SECRETARIA MUNICIPAL DE FINANÇAS;06;1252.56;0.00
02;1122010110;2022;170;Outros Recursos Não Vinculados;3;PREFEITURA MUNICIPAL DE UBERLÂNDIA;Taxa de Coleta de Lixo - PMU;SECRETARIA MUNICIPAL DE FINANÇAS;06;24.49;0.00
02;1122010110;2022;170;Outros Recursos Não Vinculados;4;PREFEITURA MUNICIPAL DE UBERLÂNDIA;Taxa de Coleta de Lixo - PMU;SECRETARIA MUNICIPAL DE FINANÇAS;06;75.99;0.00
02;1122010110;2022;170;Outros Recursos Não Vinculados;8;PREFEITURA MUNICIPAL DE UBERLÂNDIA;Taxa de Coleta de Lixo - PMU;SECRETARIA MUNICIPAL DE FINANÇAS;06;38.57;0.00
02;1122010110;2022;170;Outros Recursos Não Vinculados;11;PREFEITURA MUNICIPAL DE UBERLÂNDIA;Taxa de Coleta de Lixo - PMU;SECRETARIA MUNICIPAL DE FINANÇAS;06;17.41;0.00
02;1122010110;2022;170;Outros Recursos Não Vinculados;12;PREFEITURA MUNICIPAL DE UBERLÂNDIA;Taxa de Coleta de Lixo - PMU;SECRETARIA MUNICIPAL DE FINANÇAS;06;68.44;0.00
02;1122010201;2022;170;Outros Recursos Não Vinculados;1;PREFEITURA MUNICIPAL DE UBERLÂNDIA;Multas e Juros de Outros Tributos - FMSAN;SECRETARIA MUNICIPAL DE AGROPECUÁRIA E ABASTECIMEN;12;0.00;3.37
02;1122010201;2022;170;Outros Recursos Não Vinculados;2;PREFEITURA MUNICIPAL DE UBERLÂNDIA;Multas e Juros de Outros Tributos - FMSAN;SECRETARIA MUNICIPAL DE AGROPECUÁRIA E ABASTECIMEN;12;0.00;31.34
02;1122010201;2022;170;Outros Recursos Não Vinculados;3;PREFEITURA MUNICIPAL DE UBERLÂNDIA;Multas e Juros de Outros Tributos - FMSAN;SECRETARIA MUNICIPAL DE AGROPECUÁRIA E ABASTECIMEN;12;0.00;53.47
02;1122010201;2022;170;Outros Recursos Não Vinculados;4;PREFEITURA MUNICIPAL DE UBERLÂNDIA;Multas e Juros de Outros Tributos - FMSAN;SECRETARIA MUNICIPAL DE AGROPECUÁRIA E ABASTECIMEN;12;0.00;1.29
02;1122010201;2022;170;Outros Recursos Não Vinculados;5;PREFEITURA MUNICIPAL DE UBERLÂNDIA;Multas e Juros de Outros Tributos - FMSAN;SECRETARIA MUNICIPAL DE AGROPECUÁRIA E ABASTECIMEN;12;0.00;16.20
02;1122010201;2022;170;Outros Recursos Não Vinculados;6;PREFEITURA MUNICIPAL DE UBERLÂNDIA;Multas e Juros de Outros Tributos - FMSAN;SECRETARIA MUNICIPAL DE AGROPECUÁRIA E ABASTECIMEN;12;0.00;119.92
02;1122010201;2022;170;Outros Recursos Não Vinculados;7;PREFEITURA MUNICIPAL DE UBERLÂNDIA;Multas e Juros de Outros Tributos - FMSAN;SECRETARIA MUNICIPAL DE AGROPECUÁRIA E ABASTECIMEN;12;0.00;32.18
02;1122010201;2022;170;Outros Recursos Não Vinculados;8;PREFEITURA MUNICIPAL DE UBERLÂNDIA;Multas e Juros de Outros Tributos - FMSAN;SECRETARIA MUNICIPAL DE AGROPECUÁRIA E ABASTECIMEN;12;0.00;90.39
02;1122010201;2022;170;Outros Recursos Não Vinculados;9;PREFEITURA MUNICIPAL DE UBERLÂNDIA;Multas e Juros de Outros Tributos - FMSAN;SECRETARIA MUNICIPAL DE AGROPECUÁRIA E ABASTECIMEN;12;0.00;88.16
02;1122010201;2022;170;Outros Recursos Não Vinculados;10;PREFEITURA MUNICIPAL DE UBERLÂNDIA;Multas e Juros de Outros Tributos - FMSAN;SECRETARIA MUNICIPAL DE AGROPECUÁRIA E ABASTECIMEN;12;0.00;329.86
02;1122010201;2022;170;Outros Recursos Não Vinculados;11;PREFEITURA MUNICIPAL DE UBERLÂNDIA;Multas e Juros de Outros Tributos - FMSAN;SECRETARIA MUNICIPAL DE AGROPECUÁRIA E ABASTECIMEN;12;0.00;122.70
02;1122010201;2022;170;Outros Recursos Não Vinculados;12;PREFEITURA MUNICIPAL DE UBERLÂNDIA;Multas e Juros de Outros Tributos - FMSAN;SECRETARIA MUNICIPAL DE AGROPECUÁRIA E ABASTECIMEN;12;0.00;111.12
02;1122010202;2022;170;Outros Recursos Não Vinculados;1;PREFEITURA MUNICIPAL DE UBERLÂNDIA;Multas e Juros de Outros Tributos - FMTT;SECRETARIA MUNICIPAL DE TRÂNSITO E TRANSPORTES;15;3.80;69.91
02;1122010202;2022;170;Outros Recursos Não Vinculados;2;PREFEITURA MUNICIPAL DE UBERLÂNDIA;Multas e Juros de Outros Tributos - FMTT;SECRETARIA MUNICIPAL DE TRÂNSITO E TRANSPORTES;15;1.23;184.22
02;1122010202;2022;170;Outros Recursos Não Vinculados;3;PREFEITURA MUNICIPAL DE UBERLÂNDIA;Multas e Juros de Outros Tributos - FMTT;SECRETARIA MUNICIPAL DE TRÂNSITO E TRANSPORTES;15;0.00;379.62
02;1122010202;2022;170;Outros Recursos Não Vinculados;4;PREFEITURA MUNICIPAL DE UBERLÂNDIA;Multas e Juros de Outros Tributos - FMTT;SECRETARIA MUNICIPAL DE TRÂNSITO E TRANSPORTES;15;10.44;138.64
02;1122010202;2022;170;Outros Recursos Não Vinculados;5;PREFEITURA MUNICIPAL DE UBERLÂNDIA;Multas e Juros de Outros Tributos - FMTT;SECRETARIA MUNICIPAL DE TRÂNSITO E TRANSPORTES;15;0.00;183.00
02;1122010202;2022;170;Outros Recursos Não Vinculados;6;PREFEITURA MUNICIPAL DE UBERLÂNDIA;Multas e Juros de Outros Tributos - FMTT;SECRETARIA MUNICIPAL DE TRÂNSITO E TRANSPORTES;15;0.00;49.69
02;1122010202;2022;170;Outros Recursos Não Vinculados;7;PREFEITURA MUNICIPAL DE UBERLÂNDIA;Multas e Juros de Outros Tributos - FMTT;SECRETARIA MUNICIPAL DE TRÂNSITO E TRANSPORTES;15;0.00;410.22
02;1122010202;2022;170;Outros Recursos Não Vinculados;8;PREFEITURA MUNICIPAL DE UBERLÂNDIA;Multas e Juros de Outros Tributos - FMTT;SECRETARIA MUNICIPAL DE TRÂNSITO E TRANSPORTES;15;15.88;465.63
02;1122010202;2022;170;Outros Recursos Não Vinculados;9;PREFEITURA MUNICIPAL DE UBERLÂNDIA;Multas e Juros de Outros Tributos - FMTT;SECRETARIA MUNICIPAL DE TRÂNSITO E TRANSPORTES;15;1.71;573.62
02;1122010202;2022;170;Outros Recursos Não Vinculados;10;PREFEITURA MUNICIPAL DE UBERLÂNDIA;Multas e Juros de Outros Tributos - FMTT;SECRETARIA MUNICIPAL DE TRÂNSITO E TRANSPORTES;15;0.00;232.29
02;1122010202;2022;170;Outros Recursos Não Vinculados;11;PREFEITURA MUNICIPAL DE UBERLÂNDIA;Multas e Juros de Outros Tributos - FMTT;SECRETARIA MUNICIPAL DE TRÂNSITO E TRANSPORTES;15;1.23;186.37
02;1122010202;2022;170;Outros Recursos Não Vinculados;12;PREFEITURA MUNICIPAL DE UBERLÂNDIA;Multas e Juros de Outros Tributos - FMTT;SECRETARIA MUNICIPAL DE TRÂNSITO E TRANSPORTES;15;3.03;126.79
03;1122010203;2022;170;Outros Recursos Não Vinculados;1;Departamento Municipal de Agua e Esgoto;Multas e Juros de Outros Tributos - DMAE;DEPARTAMENTO MUNICIPAL DE AGUA E ESGOTO - DMAE;17;23296.34;6000.00
03;1122010203;2022;170;Outros Recursos Não Vinculados;2;Departamento Municipal de Agua e Esgoto;Multas e Juros de Outros Tributos - DMAE;DEPARTAMENTO MUNICIPAL DE AGUA E ESGOTO - DMAE;17;9121.34;2000.00
03;1122010203;2022;170;Outros Recursos Não Vinculados;3;Departamento Municipal de Agua e Esgoto;Multas e Juros de Outros Tributos - DMAE;DEPARTAMENTO MUNICIPAL DE AGUA E ESGOTO - DMAE;17;4199.15;2000.00
03;1122010203;2022;170;Outros Recursos Não Vinculados;4;Departamento Municipal de Agua e Esgoto;Multas e Juros de Outros Tributos - DMAE;DEPARTAMENTO MUNICIPAL DE AGUA E ESGOTO - DMAE;17;42822.37;1000.00
03;1122010203;2022;170;Outros Recursos Não Vinculados;5;Departamento Municipal de Agua e Esgoto;Multas e Juros de Outros Tributos - DMAE;DEPARTAMENTO MUNICIPAL DE AGUA E ESGOTO - DMAE;17;71948.23;1000.00
03;1122010203;2022;170;Outros Recursos Não Vinculados;6;Departamento Municipal de Agua e Esgoto;Multas e Juros de Outros Tributos - DMAE;DEPARTAMENTO MUNICIPAL DE AGUA E ESGOTO - DMAE;17;50764.80;10000.00
03;1122010203;2022;170;Outros Recursos Não Vinculados;7;Departamento Municipal de Agua e Esgoto;Multas e Juros de Outros Tributos - DMAE;DEPARTAMENTO MUNICIPAL DE AGUA E ESGOTO - DMAE;17;40299.49;117000.00
03;1122010203;2022;170;Outros Recursos Não Vinculados;8;Departamento Municipal de Agua e Esgoto;Multas e Juros de Outros Tributos - DMAE;DEPARTAMENTO MUNICIPAL DE AGUA E ESGOTO - DMAE;17;38274.13;77000.00
03;1122010203;2022;170;Outros Recursos Não Vinculados;9;Departamento Municipal de Agua e Esgoto;Multas e Juros de Outros Tributos - DMAE;DEPARTAMENTO MUNICIPAL DE AGUA E ESGOTO - DMAE;17;39545.23;59000.00
03;1122010203;2022;170;Outros Recursos Não Vinculados;10;Departamento Municipal de Agua e Esgoto;Multas e Juros de Outros Tributos - DMAE;DEPARTAMENTO MUNICIPAL DE AGUA E ESGOTO - DMAE;17;36313.83;41000.00
03;1122010203;2022;170;Outros Recursos Não Vinculados;11;Departamento Municipal de Agua e Esgoto;Multas e Juros de Outros Tributos - DMAE;DEPARTAMENTO MUNICIPAL DE AGUA E ESGOTO - DMAE;17;35948.12;29000.00
03;1122010203;2022;170;Outros Recursos Não Vinculados;12;Departamento Municipal de Agua e Esgoto;Multas e Juros de Outros Tributos - DMAE;DEPARTAMENTO MUNICIPAL DE AGUA E ESGOTO - DMAE;17;36162.36;20000.00
02;1122010204;2022;170;Outros Recursos Não Vinculados;1;PREFEITURA MUNICIPAL DE UBERLÂNDIA;Multas e Juros de Outros Tributos - PMU;SECRETARIA MUNICIPAL DE FINANÇAS;06;465.41;1736.58
02;1122010204;2022;170;Outros Recursos Não Vinculados;2;PREFEITURA MUNICIPAL DE UBERLÂNDIA;Multas e Juros de Outros Tributos - PMU;SECRETARIA MUNICIPAL DE FINANÇAS;06;923.64;1736.58
02;1122010204;2022;170;Outros Recursos Não Vinculados;3;PREFEITURA MUNICIPAL DE UBERLÂNDIA;Multas e Juros de Outros Tributos - PMU;SECRETARIA MUNICIPAL DE FINANÇAS;06;1171.30;1736.58
02;1122010204;2022;170;Outros Recursos Não Vinculados;4;PREFEITURA MUNICIPAL DE UBERLÂNDIA;Multas e Juros de Outros Tributos - PMU;SECRETARIA MUNICIPAL DE FINANÇAS;06;674.01;1736.58
02;1122010204;2022;170;Outros Recursos Não Vinculados;5;PREFEITURA MUNICIPAL DE UBERLÂNDIA;Multas e Juros de Outros Tributos - PMU;SECRETARIA MUNICIPAL DE FINANÇAS;06;697.36;1736.58
02;1122010204;2022;170;Outros Recursos Não Vinculados;6;PREFEITURA MUNICIPAL DE UBERLÂNDIA;Multas e Juros de Outros Tributos - PMU;SECRETARIA MUNICIPAL DE FINANÇAS;06;662.13;1736.58
02;1122010204;2022;170;Outros Recursos Não Vinculados;7;PREFEITURA MUNICIPAL DE UBERLÂNDIA;Multas e Juros de Outros Tributos - PMU;SECRETARIA MUNICIPAL DE FINANÇAS;06;1163.27;1736.58
02;1122010204;2022;170;Outros Recursos Não Vinculados;8;PREFEITURA MUNICIPAL DE UBERLÂNDIA;Multas e Juros de Outros Tributos - PMU;SECRETARIA MUNICIPAL DE FINANÇAS;06;952.55;1736.58
02;1122010204;2022;170;Outros Recursos Não Vinculados;9;PREFEITURA MUNICIPAL DE UBERLÂNDIA;Multas e Juros de Outros Tributos - PMU;SECRETARIA MUNICIPAL DE FINANÇAS;06;1566.87;1736.58
02;1122010204;2022;170;Outros Recursos Não Vinculados;10;PREFEITURA MUNICIPAL DE UBERLÂNDIA;Multas e Juros de Outros Tributos - PMU;SECRETARIA MUNICIPAL DE FINANÇAS;06;1121.64;1736.58
02;1122010204;2022;170;Outros Recursos Não Vinculados;11;PREFEITURA MUNICIPAL DE UBERLÂNDIA;Multas e Juros de Outros Tributos - PMU;SECRETARIA MUNICIPAL DE FINANÇAS;06;906.16;1736.58
02;1122010204;2022;170;Outros Recursos Não Vinculados;12;PREFEITURA MUNICIPAL DE UBERLÂNDIA;Multas e Juros de Outros Tributos - PMU;SECRETARIA MUNICIPAL DE FINANÇAS;06;1308.12;1736.62
02;1122010205;2022;170;Outros Recursos Não Vinculados;1;PREFEITURA MUNICIPAL DE UBERLÂNDIA;Multas e Juros de Outros Tributos - FMHIS;SECRETARIA MUNICIPAL DE DESENVOLVIMENTO SOCIAL E T;10;0.00;83.33
02;1122010205;2022;170;Outros Recursos Não Vinculados;2;PREFEITURA MUNICIPAL DE UBERLÂNDIA;Multas e Juros de Outros Tributos - FMHIS;SECRETARIA MUNICIPAL DE DESENVOLVIMENTO SOCIAL E T;10;0.00;83.33
02;1122010205;2022;170;Outros Recursos Não Vinculados;3;PREFEITURA MUNICIPAL DE UBERLÂNDIA;Multas e Juros de Outros Tributos - FMHIS;SECRETARIA MUNICIPAL DE DESENVOLVIMENTO SOCIAL E T;10;0.00;83.33
02;1122010205;2022;170;Outros Recursos Não Vinculados;4;PREFEITURA MUNICIPAL DE UBERLÂNDIA;Multas e Juros de Outros Tributos - FMHIS;SECRETARIA MUNICIPAL DE DESENVOLVIMENTO SOCIAL E T;10;0.00;83.33
02;1122010205;2022;170;Outros Recursos Não Vinculados;5;PREFEITURA MUNICIPAL DE UBERLÂNDIA;Multas e Juros de Outros Tributos - FMHIS;SECRETARIA MUNICIPAL DE DESENVOLVIMENTO SOCIAL E T;10;0.00;83.33
02;1122010205;2022;170;Outros Recursos Não Vinculados;6;PREFEITURA MUNICIPAL DE UBERLÂNDIA;Multas e Juros de Outros Tributos - FMHIS;SECRETARIA MUNICIPAL DE DESENVOLVIMENTO SOCIAL E T;10;0.00;83.33
02;1122010205;2022;170;Outros Recursos Não Vinculados;7;PREFEITURA MUNICIPAL DE UBERLÂNDIA;Multas e Juros de Outros Tributos - FMHIS;SECRETARIA MUNICIPAL DE DESENVOLVIMENTO SOCIAL E T;10;0.00;83.33
02;1122010205;2022;170;Outros Recursos Não Vinculados;8;PREFEITURA MUNICIPAL DE UBERLÂNDIA;Multas e Juros de Outros Tributos - FMHIS;SECRETARIA MUNICIPAL DE DESENVOLVIMENTO SOCIAL E T;10;0.00;83.33
02;1122010205;2022;170;Outros Recursos Não Vinculados;9;PREFEITURA MUNICIPAL DE UBERLÂNDIA;Multas e Juros de Outros Tributos - FMHIS;SECRETARIA MUNICIPAL DE DESENVOLVIMENTO SOCIAL E T;10;0.00;83.33
02;1122010205;2022;170;Outros Recursos Não Vinculados;10;PREFEITURA MUNICIPAL DE UBERLÂNDIA;Multas e Juros de Outros Tributos - FMHIS;SECRETARIA MUNICIPAL DE DESENVOLVIMENTO SOCIAL E T;10;0.00;83.33
02;1122010205;2022;170;Outros Recursos Não Vinculados;11;PREFEITURA MUNICIPAL DE UBERLÂNDIA;Multas e Juros de Outros Tributos - FMHIS;SECRETARIA MUNICIPAL DE DESENVOLVIMENTO SOCIAL E T;10;0.00;83.33
02;1122010205;2022;170;Outros Recursos Não Vinculados;12;PREFEITURA MUNICIPAL DE UBERLÂNDIA;Multas e Juros de Outros Tributos - FMHIS;SECRETARIA MUNICIPAL DE DESENVOLVIMENTO SOCIAL E T;10;0.00;83.37
02;1122010301;2022;170;Outros Recursos Não Vinculados;1;PREFEITURA MUNICIPAL DE UBERLÂNDIA;Rec Dívida Ativa Trib Principal - FUMHIS;SECRETARIA MUNICIPAL DE DESENVOLVIMENTO SOCIAL E T;10;445.69;480.11
02;1122010301;2022;170;Outros Recursos Não Vinculados;2;PREFEITURA MUNICIPAL DE UBERLÂNDIA;Rec Dívida Ativa Trib Principal - FUMHIS;SECRETARIA MUNICIPAL DE DESENVOLVIMENTO SOCIAL E T;10;0.00;458.34
02;1122010301;2022;170;Outros Recursos Não Vinculados;3;PREFEITURA MUNICIPAL DE UBERLÂNDIA;Rec Dívida Ativa Trib Principal - FUMHIS;SECRETARIA MUNICIPAL DE DESENVOLVIMENTO SOCIAL E T;10;0.00;687.30
02;1122010301;2022;170;Outros Recursos Não Vinculados;4;PREFEITURA MUNICIPAL DE UBERLÂNDIA;Rec Dívida Ativa Trib Principal - FUMHIS;SECRETARIA MUNICIPAL DE DESENVOLVIMENTO SOCIAL E T;10;317.77;495.87
02;1122010301;2022;170;Outros Recursos Não Vinculados;5;PREFEITURA MUNICIPAL DE UBERLÂNDIA;Rec Dívida Ativa Trib Principal - FUMHIS;SECRETARIA MUNICIPAL DE DESENVOLVIMENTO SOCIAL E T;10;0.00;213.24
02;1122010301;2022;170;Outros Recursos Não Vinculados;6;PREFEITURA MUNICIPAL DE UBERLÂNDIA;Rec Dívida Ativa Trib Principal - FUMHIS;SECRETARIA MUNICIPAL DE DESENVOLVIMENTO SOCIAL E T;10;0.00;0.00
02;1122010301;2022;170;Outros Recursos Não Vinculados;7;PREFEITURA MUNICIPAL DE UBERLÂNDIA;Rec Dívida Ativa Trib Principal - FUMHIS;SECRETARIA MUNICIPAL DE DESENVOLVIMENTO SOCIAL E T;10;741.55;605.10
02;1122010301;2022;170;Outros Recursos Não Vinculados;8;PREFEITURA MUNICIPAL DE UBERLÂNDIA;Rec Dívida Ativa Trib Principal - FUMHIS;SECRETARIA MUNICIPAL DE DESENVOLVIMENTO SOCIAL E T;10;663.79;565.50
02;1122010301;2022;170;Outros Recursos Não Vinculados;9;PREFEITURA MUNICIPAL DE UBERLÂNDIA;Rec Dívida Ativa Trib Principal - FUMHIS;SECRETARIA MUNICIPAL DE DESENVOLVIMENTO SOCIAL E T;10;0.00;343.38
02;1122010301;2022;170;Outros Recursos Não Vinculados;10;PREFEITURA MUNICIPAL DE UBERLÂNDIA;Rec Dívida Ativa Trib Principal - FUMHIS;SECRETARIA MUNICIPAL DE DESENVOLVIMENTO SOCIAL E T;10;699.72;832.31
02;1122010301;2022;170;Outros Recursos Não Vinculados;11;PREFEITURA MUNICIPAL DE UBERLÂNDIA;Rec Dívida Ativa Trib Principal - FUMHIS;SECRETARIA MUNICIPAL DE DESENVOLVIMENTO SOCIAL E T;10;1630.63;138.86
02;1122010301;2022;170;Outros Recursos Não Vinculados;12;PREFEITURA MUNICIPAL DE UBERLÂNDIA;Rec Dívida Ativa Trib Principal - FUMHIS;SECRETARIA MUNICIPAL DE DESENVOLVIMENTO SOCIAL E T;10;91.94;179.99
02;1122010302;2022;170;Outros Recursos Não Vinculados;1;PREFEITURA MUNICIPAL DE UBERLÂNDIA;Rec Dívida Ativa Trib Principal - FMSAN;SECRETARIA MUNICIPAL DE AGROPECUÁRIA E ABASTECIMEN;12;0.00;232.51
02;1122010302;2022;170;Outros Recursos Não Vinculados;2;PREFEITURA MUNICIPAL DE UBERLÂNDIA;Rec Dívida Ativa Trib Principal - FMSAN;SECRETARIA MUNICIPAL DE AGROPECUÁRIA E ABASTECIMEN;12;0.00;44.11
02;1122010302;2022;170;Outros Recursos Não Vinculados;3;PREFEITURA MUNICIPAL DE UBERLÂNDIA;Rec Dívida Ativa Trib Principal - FMSAN;SECRETARIA MUNICIPAL DE AGROPECUÁRIA E ABASTECIMEN;12;0.00;85.87
02;1122010302;2022;170;Outros Recursos Não Vinculados;4;PREFEITURA MUNICIPAL DE UBERLÂNDIA;Rec Dívida Ativa Trib Principal - FMSAN;SECRETARIA MUNICIPAL DE AGROPECUÁRIA E ABASTECIMEN;12;0.00;35.25
02;1122010302;2022;170;Outros Recursos Não Vinculados;5;PREFEITURA MUNICIPAL DE UBERLÂNDIA;Rec Dívida Ativa Trib Principal - FMSAN;SECRETARIA MUNICIPAL DE AGROPECUÁRIA E ABASTECIMEN;12;0.00;18.30
02;1122010302;2022;170;Outros Recursos Não Vinculados;6;PREFEITURA MUNICIPAL DE UBERLÂNDIA;Rec Dívida Ativa Trib Principal - FMSAN;SECRETARIA MUNICIPAL DE AGROPECUÁRIA E ABASTECIMEN;12;0.00;220.61
02;1122010302;2022;170;Outros Recursos Não Vinculados;7;PREFEITURA MUNICIPAL DE UBERLÂNDIA;Rec Dívida Ativa Trib Principal - FMSAN;SECRETARIA MUNICIPAL DE AGROPECUÁRIA E ABASTECIMEN;12;0.00;146.60
02;1122010302;2022;170;Outros Recursos Não Vinculados;8;PREFEITURA MUNICIPAL DE UBERLÂNDIA;Rec Dívida Ativa Trib Principal - FMSAN;SECRETARIA MUNICIPAL DE AGROPECUÁRIA E ABASTECIMEN;12;0.00;37.07
02;1122010302;2022;170;Outros Recursos Não Vinculados;9;PREFEITURA MUNICIPAL DE UBERLÂNDIA;Rec Dívida Ativa Trib Principal - FMSAN;SECRETARIA MUNICIPAL DE AGROPECUÁRIA E ABASTECIMEN;12;0.00;21.92
02;1122010302;2022;170;Outros Recursos Não Vinculados;10;PREFEITURA MUNICIPAL DE UBERLÂNDIA;Rec Dívida Ativa Trib Principal - FMSAN;SECRETARIA MUNICIPAL DE AGROPECUÁRIA E ABASTECIMEN;12;0.00;36.88
02;1122010302;2022;170;Outros Recursos Não Vinculados;11;PREFEITURA MUNICIPAL DE UBERLÂNDIA;Rec Dívida Ativa Trib Principal - FMSAN;SECRETARIA MUNICIPAL DE AGROPECUÁRIA E ABASTECIMEN;12;0.00;81.70
02;1122010302;2022;170;Outros Recursos Não Vinculados;12;PREFEITURA MUNICIPAL DE UBERLÂNDIA;Rec Dívida Ativa Trib Principal - FMSAN;SECRETARIA MUNICIPAL DE AGROPECUÁRIA E ABASTECIMEN;12;0.00;39.18
02;1122010303;2022;170;Outros Recursos Não Vinculados;1;PREFEITURA MUNICIPAL DE UBERLÂNDIA;Rec Dívida Ativa de Outros Trib Principal - FMTT;SECRETARIA MUNICIPAL DE TRÂNSITO E TRANSPORTES;15;0.00;7126.63
02;1122010303;2022;170;Outros Recursos Não Vinculados;2;PREFEITURA MUNICIPAL DE UBERLÂNDIA;Rec Dívida Ativa de Outros Trib Principal - FMTT;SECRETARIA MUNICIPAL DE TRÂNSITO E TRANSPORTES;15;35.50;2956.41
02;1122010303;2022;170;Outros Recursos Não Vinculados;3;PREFEITURA MUNICIPAL DE UBERLÂNDIA;Rec Dívida Ativa de Outros Trib Principal - FMTT;SECRETARIA MUNICIPAL DE TRÂNSITO E TRANSPORTES;15;0.00;3482.19
02;1122010303;2022;170;Outros Recursos Não Vinculados;4;PREFEITURA MUNICIPAL DE UBERLÂNDIA;Rec Dívida Ativa de Outros Trib Principal - FMTT;SECRETARIA MUNICIPAL DE TRÂNSITO E TRANSPORTES;15;0.00;1651.49
02;1122010303;2022;170;Outros Recursos Não Vinculados;5;PREFEITURA MUNICIPAL DE UBERLÂNDIA;Rec Dívida Ativa de Outros Trib Principal - FMTT;SECRETARIA MUNICIPAL DE TRÂNSITO E TRANSPORTES;15;0.00;1249.66
02;1122010303;2022;170;Outros Recursos Não Vinculados;6;PREFEITURA MUNICIPAL DE UBERLÂNDIA;Rec Dívida Ativa de Outros Trib Principal - FMTT;SECRETARIA MUNICIPAL DE TRÂNSITO E TRANSPORTES;15;0.00;723.65
02;1122010303;2022;170;Outros Recursos Não Vinculados;7;PREFEITURA MUNICIPAL DE UBERLÂNDIA;Rec Dívida Ativa de Outros Trib Principal - FMTT;SECRETARIA MUNICIPAL DE TRÂNSITO E TRANSPORTES;15;32.55;653.32
02;1122010303;2022;170;Outros Recursos Não Vinculados;8;PREFEITURA MUNICIPAL DE UBERLÂNDIA;Rec Dívida Ativa de Outros Trib Principal - FMTT;SECRETARIA MUNICIPAL DE TRÂNSITO E TRANSPORTES;15;36.94;1241.73
02;1122010303;2022;170;Outros Recursos Não Vinculados;9;PREFEITURA MUNICIPAL DE UBERLÂNDIA;Rec Dívida Ativa de Outros Trib Principal - FMTT;SECRETARIA MUNICIPAL DE TRÂNSITO E TRANSPORTES;15;32.55;1198.66
02;1122010303;2022;170;Outros Recursos Não Vinculados;10;PREFEITURA MUNICIPAL DE UBERLÂNDIA;Rec Dívida Ativa de Outros Trib Principal - FMTT;SECRETARIA MUNICIPAL DE TRÂNSITO E TRANSPORTES;15;0.00;633.06
02;1122010303;2022;170;Outros Recursos Não Vinculados;11;PREFEITURA MUNICIPAL DE UBERLÂNDIA;Rec Dívida Ativa de Outros Trib Principal - FMTT;SECRETARIA MUNICIPAL DE TRÂNSITO E TRANSPORTES;15;0.00;419.12
02;1122010303;2022;170;Outros Recursos Não Vinculados;12;PREFEITURA MUNICIPAL DE UBERLÂNDIA;Rec Dívida Ativa de Outros Trib Principal - FMTT;SECRETARIA MUNICIPAL DE TRÂNSITO E TRANSPORTES;15;0.00;664.08
03;1122010304;2022;170;Outros Recursos Não Vinculados;1;Departamento Municipal de Agua e Esgoto;Rec Dívida Ativa de Outros Trib Principal - DMAE;DEPARTAMENTO MUNICIPAL DE AGUA E ESGOTO - DMAE;17;314843.03;593000.00
03;1122010304;2022;170;Outros Recursos Não Vinculados;2;Departamento Municipal de Agua e Esgoto;Rec Dívida Ativa de Outros Trib Principal - DMAE;DEPARTAMENTO MUNICIPAL DE AGUA E ESGOTO - DMAE;17;307892.16;338000.00
03;1122010304;2022;170;Outros Recursos Não Vinculados;3;Departamento Municipal de Agua e Esgoto;Rec Dívida Ativa de Outros Trib Principal - DMAE;DEPARTAMENTO MUNICIPAL DE AGUA E ESGOTO - DMAE;17;385429.08;266000.00
03;1122010304;2022;170;Outros Recursos Não Vinculados;4;Departamento Municipal de Agua e Esgoto;Rec Dívida Ativa de Outros Trib Principal - DMAE;DEPARTAMENTO MUNICIPAL DE AGUA E ESGOTO - DMAE;17;489352.62;110000.00
03;1122010304;2022;170;Outros Recursos Não Vinculados;5;Departamento Municipal de Agua e Esgoto;Rec Dívida Ativa de Outros Trib Principal - DMAE;DEPARTAMENTO MUNICIPAL DE AGUA E ESGOTO - DMAE;17;345833.99;139000.00
03;1122010304;2022;170;Outros Recursos Não Vinculados;6;Departamento Municipal de Agua e Esgoto;Rec Dívida Ativa de Outros Trib Principal - DMAE;DEPARTAMENTO MUNICIPAL DE AGUA E ESGOTO - DMAE;17;343401.59;151000.00
03;1122010304;2022;170;Outros Recursos Não Vinculados;7;Departamento Municipal de Agua e Esgoto;Rec Dívida Ativa de Outros Trib Principal - DMAE;DEPARTAMENTO MUNICIPAL DE AGUA E ESGOTO - DMAE;17;236602.75;271000.00
03;1122010304;2022;170;Outros Recursos Não Vinculados;8;Departamento Municipal de Agua e Esgoto;Rec Dívida Ativa de Outros Trib Principal - DMAE;DEPARTAMENTO MUNICIPAL DE AGUA E ESGOTO - DMAE;17;186492.56;173000.00
03;1122010304;2022;170;Outros Recursos Não Vinculados;9;Departamento Municipal de Agua e Esgoto;Rec Dívida Ativa de Outros Trib Principal - DMAE;DEPARTAMENTO MUNICIPAL DE AGUA E ESGOTO - DMAE;17;151660.53;155000.00
03;1122010304;2022;170;Outros Recursos Não Vinculados;10;Departamento Municipal de Agua e Esgoto;Rec Dívida Ativa de Outros Trib Principal - DMAE;DEPARTAMENTO MUNICIPAL DE AGUA E ESGOTO - DMAE;17;247755.56;139000.00
03;1122010304;2022;170;Outros Recursos Não Vinculados;11;Departamento Municipal de Agua e Esgoto;Rec Dívida Ativa de Outros Trib Principal - DMAE;DEPARTAMENTO MUNICIPAL DE AGUA E ESGOTO - DMAE;17;198025.93;146000.00
03;1122010304;2022;170;Outros Recursos Não Vinculados;12;Departamento Municipal de Agua e Esgoto;Rec Dívida Ativa de Outros Trib Principal - DMAE;DEPARTAMENTO MUNICIPAL DE AGUA E ESGOTO - DMAE;17;267370.05;178000.00
02;1122010305;2022;170;Outros Recursos Não Vinculados;1;PREFEITURA MUNICIPAL DE UBERLÂNDIA;Rec Dívida Ativa de Outros Trib Principal - PMU;SECRETARIA MUNICIPAL DE FINANÇAS;06;79630.70;119075.50
02;1122010305;2022;170;Outros Recursos Não Vinculados;2;PREFEITURA MUNICIPAL DE UBERLÂNDIA;Rec Dívida Ativa de Outros Trib Principal - PMU;SECRETARIA MUNICIPAL DE FINANÇAS;06;89038.22;119075.50
02;1122010305;2022;170;Outros Recursos Não Vinculados;3;PREFEITURA MUNICIPAL DE UBERLÂNDIA;Rec Dívida Ativa de Outros Trib Principal - PMU;SECRETARIA MUNICIPAL DE FINANÇAS;06;88839.46;119075.50
02;1122010305;2022;170;Outros Recursos Não Vinculados;4;PREFEITURA MUNICIPAL DE UBERLÂNDIA;Rec Dívida Ativa de Outros Trib Principal - PMU;SECRETARIA MUNICIPAL DE FINANÇAS;06;104600.29;119075.50
02;1122010305;2022;170;Outros Recursos Não Vinculados;5;PREFEITURA MUNICIPAL DE UBERLÂNDIA;Rec Dívida Ativa de Outros Trib Principal - PMU;SECRETARIA MUNICIPAL DE FINANÇAS;06;71396.46;119075.50
02;1122010305;2022;170;Outros Recursos Não Vinculados;6;PREFEITURA MUNICIPAL DE UBERLÂNDIA;Rec Dívida Ativa de Outros Trib Principal - PMU;SECRETARIA MUNICIPAL DE FINANÇAS;06;91209.11;119075.50
02;1122010305;2022;170;Outros Recursos Não Vinculados;7;PREFEITURA MUNICIPAL DE UBERLÂNDIA;Rec Dívida Ativa de Outros Trib Principal - PMU;SECRETARIA MUNICIPAL DE FINANÇAS;06;168774.74;119075.50
02;1122010305;2022;170;Outros Recursos Não Vinculados;8;PREFEITURA MUNICIPAL DE UBERLÂNDIA;Rec Dívida Ativa de Outros Trib Principal - PMU;SECRETARIA MUNICIPAL DE FINANÇAS;06;85796.42;119075.50
02;1122010305;2022;170;Outros Recursos Não Vinculados;9;PREFEITURA MUNICIPAL DE UBERLÂNDIA;Rec Dívida Ativa de Outros Trib Principal - PMU;SECRETARIA MUNICIPAL DE FINANÇAS;06;98967.78;119075.50
02;1122010305;2022;170;Outros Recursos Não Vinculados;10;PREFEITURA MUNICIPAL DE UBERLÂNDIA;Rec Dívida Ativa de Outros Trib Principal - PMU;SECRETARIA MUNICIPAL DE FINANÇAS;06;67549.41;119075.50
02;1122010305;2022;170;Outros Recursos Não Vinculados;11;PREFEITURA MUNICIPAL DE UBERLÂNDIA;Rec Dívida Ativa de Outros Trib Principal - PMU;SECRETARIA MUNICIPAL DE FINANÇAS;06;69489.87;119075.50
02;1122010305;2022;170;Outros Recursos Não Vinculados;12;PREFEITURA MUNICIPAL DE UBERLÂNDIA;Rec Dívida Ativa de Outros Trib Principal - PMU;SECRETARIA MUNICIPAL DE FINANÇAS;06;105961.24;119075.50
02;1122010401;2022;170;Outros Recursos Não Vinculados;1;PREFEITURA MUNICIPAL DE UBERLÂNDIA;Taxas pela Prestação de Serviços - Dívida Ativa - ;SECRETARIA MUNICIPAL DE AGROPECUÁRIA E ABASTECIMEN;12;0.00;236.70
02;1122010401;2022;170;Outros Recursos Não Vinculados;2;PREFEITURA MUNICIPAL DE UBERLÂNDIA;Taxas pela Prestação de Serviços - Dívida Ativa - ;SECRETARIA MUNICIPAL DE AGROPECUÁRIA E ABASTECIMEN;12;0.00;26.93
02;1122010401;2022;170;Outros Recursos Não Vinculados;3;PREFEITURA MUNICIPAL DE UBERLÂNDIA;Taxas pela Prestação de Serviços - Dívida Ativa - ;SECRETARIA MUNICIPAL DE AGROPECUÁRIA E ABASTECIMEN;12;0.00;66.53
02;1122010401;2022;170;Outros Recursos Não Vinculados;4;PREFEITURA MUNICIPAL DE UBERLÂNDIA;Taxas pela Prestação de Serviços - Dívida Ativa - ;SECRETARIA MUNICIPAL DE AGROPECUÁRIA E ABASTECIMEN;12;0.00;29.15
02;1122010401;2022;170;Outros Recursos Não Vinculados;5;PREFEITURA MUNICIPAL DE UBERLÂNDIA;Taxas pela Prestação de Serviços - Dívida Ativa - ;SECRETARIA MUNICIPAL DE AGROPECUÁRIA E ABASTECIMEN;12;0.00;42.85
02;1122010401;2022;170;Outros Recursos Não Vinculados;6;PREFEITURA MUNICIPAL DE UBERLÂNDIA;Taxas pela Prestação de Serviços - Dívida Ativa - ;SECRETARIA MUNICIPAL DE AGROPECUÁRIA E ABASTECIMEN;12;0.00;224.53
02;1122010401;2022;170;Outros Recursos Não Vinculados;7;PREFEITURA MUNICIPAL DE UBERLÂNDIA;Taxas pela Prestação de Serviços - Dívida Ativa - ;SECRETARIA MUNICIPAL DE AGROPECUÁRIA E ABASTECIMEN;12;0.00;168.20
02;1122010401;2022;170;Outros Recursos Não Vinculados;8;PREFEITURA MUNICIPAL DE UBERLÂNDIA;Taxas pela Prestação de Serviços - Dívida Ativa - ;SECRETARIA MUNICIPAL DE AGROPECUÁRIA E ABASTECIMEN;12;0.00;21.70
02;1122010401;2022;170;Outros Recursos Não Vinculados;9;PREFEITURA MUNICIPAL DE UBERLÂNDIA;Taxas pela Prestação de Serviços - Dívida Ativa - ;SECRETARIA MUNICIPAL DE AGROPECUÁRIA E ABASTECIMEN;12;0.00;24.12
02;1122010401;2022;170;Outros Recursos Não Vinculados;10;PREFEITURA MUNICIPAL DE UBERLÂNDIA;Taxas pela Prestação de Serviços - Dívida Ativa - ;SECRETARIA MUNICIPAL DE AGROPECUÁRIA E ABASTECIMEN;12;0.00;109.79
02;1122010401;2022;170;Outros Recursos Não Vinculados;11;PREFEITURA MUNICIPAL DE UBERLÂNDIA;Taxas pela Prestação de Serviços - Dívida Ativa - ;SECRETARIA MUNICIPAL DE AGROPECUÁRIA E ABASTECIMEN;12;0.00;28.12
02;1122010401;2022;170;Outros Recursos Não Vinculados;12;PREFEITURA MUNICIPAL DE UBERLÂNDIA;Taxas pela Prestação de Serviços - Dívida Ativa - ;SECRETARIA MUNICIPAL DE AGROPECUÁRIA E ABASTECIMEN;12;0.00;21.38
02;1122010402;2022;170;Outros Recursos Não Vinculados;1;PREFEITURA MUNICIPAL DE UBERLÂNDIA;Taxas pela Prestação de Serviços - Dívida Ativa - ;SECRETARIA MUNICIPAL DE TRÂNSITO E TRANSPORTES;15;0.00;468.71
02;1122010402;2022;170;Outros Recursos Não Vinculados;2;PREFEITURA MUNICIPAL DE UBERLÂNDIA;Taxas pela Prestação de Serviços - Dívida Ativa - ;SECRETARIA MUNICIPAL DE TRÂNSITO E TRANSPORTES;15;10.80;166.61
02;1122010402;2022;170;Outros Recursos Não Vinculados;3;PREFEITURA MUNICIPAL DE UBERLÂNDIA;Taxas pela Prestação de Serviços - Dívida Ativa - ;SECRETARIA MUNICIPAL DE TRÂNSITO E TRANSPORTES;15;0.00;243.92
02;1122010402;2022;170;Outros Recursos Não Vinculados;4;PREFEITURA MUNICIPAL DE UBERLÂNDIA;Taxas pela Prestação de Serviços - Dívida Ativa - ;SECRETARIA MUNICIPAL DE TRÂNSITO E TRANSPORTES;15;0.00;148.10
02;1122010402;2022;170;Outros Recursos Não Vinculados;5;PREFEITURA MUNICIPAL DE UBERLÂNDIA;Taxas pela Prestação de Serviços - Dívida Ativa - ;SECRETARIA MUNICIPAL DE TRÂNSITO E TRANSPORTES;15;0.00;170.64
02;1122010402;2022;170;Outros Recursos Não Vinculados;6;PREFEITURA MUNICIPAL DE UBERLÂNDIA;Taxas pela Prestação de Serviços - Dívida Ativa - ;SECRETARIA MUNICIPAL DE TRÂNSITO E TRANSPORTES;15;0.00;94.45
02;1122010402;2022;170;Outros Recursos Não Vinculados;7;PREFEITURA MUNICIPAL DE UBERLÂNDIA;Taxas pela Prestação de Serviços - Dívida Ativa - ;SECRETARIA MUNICIPAL DE TRÂNSITO E TRANSPORTES;15;14.31;103.68
02;1122010402;2022;170;Outros Recursos Não Vinculados;8;PREFEITURA MUNICIPAL DE UBERLÂNDIA;Taxas pela Prestação de Serviços - Dívida Ativa - ;SECRETARIA MUNICIPAL DE TRÂNSITO E TRANSPORTES;15;11.85;167.94
02;1122010402;2022;170;Outros Recursos Não Vinculados;9;PREFEITURA MUNICIPAL DE UBERLÂNDIA;Taxas pela Prestação de Serviços - Dívida Ativa - ;SECRETARIA MUNICIPAL DE TRÂNSITO E TRANSPORTES;15;14.55;154.65
02;1122010402;2022;170;Outros Recursos Não Vinculados;10;PREFEITURA MUNICIPAL DE UBERLÂNDIA;Taxas pela Prestação de Serviços - Dívida Ativa - ;SECRETARIA MUNICIPAL DE TRÂNSITO E TRANSPORTES;15;0.00;88.25
02;1122010402;2022;170;Outros Recursos Não Vinculados;11;PREFEITURA MUNICIPAL DE UBERLÂNDIA;Taxas pela Prestação de Serviços - Dívida Ativa - ;SECRETARIA MUNICIPAL DE TRÂNSITO E TRANSPORTES;15;0.00;62.59
02;1122010402;2022;170;Outros Recursos Não Vinculados;12;PREFEITURA MUNICIPAL DE UBERLÂNDIA;Taxas pela Prestação de Serviços - Dívida Ativa - ;SECRETARIA MUNICIPAL DE TRÂNSITO E TRANSPORTES;15;0.00;130.46
03;1122010403;2022;170;Outros Recursos Não Vinculados;1;Departamento Municipal de Agua e Esgoto;Taxas pela Prestação de Serviços - Dívida Ativa - ;DEPARTAMENTO MUNICIPAL DE AGUA E ESGOTO - DMAE;17;39822.97;30000.00
03;1122010403;2022;170;Outros Recursos Não Vinculados;2;Departamento Municipal de Agua e Esgoto;Taxas pela Prestação de Serviços - Dívida Ativa - ;DEPARTAMENTO MUNICIPAL DE AGUA E ESGOTO - DMAE;17;28610.51;26000.00
03;1122010403;2022;170;Outros Recursos Não Vinculados;3;Departamento Municipal de Agua e Esgoto;Taxas pela Prestação de Serviços - Dívida Ativa - ;DEPARTAMENTO MUNICIPAL DE AGUA E ESGOTO - DMAE;17;34731.73;21000.00
03;1122010403;2022;170;Outros Recursos Não Vinculados;4;Departamento Municipal de Agua e Esgoto;Taxas pela Prestação de Serviços - Dívida Ativa - ;DEPARTAMENTO MUNICIPAL DE AGUA E ESGOTO - DMAE;17;52216.00;9000.00
03;1122010403;2022;170;Outros Recursos Não Vinculados;5;Departamento Municipal de Agua e Esgoto;Taxas pela Prestação de Serviços - Dívida Ativa - ;DEPARTAMENTO MUNICIPAL DE AGUA E ESGOTO - DMAE;17;40581.54;13000.00
03;1122010403;2022;170;Outros Recursos Não Vinculados;6;Departamento Municipal de Agua e Esgoto;Taxas pela Prestação de Serviços - Dívida Ativa - ;DEPARTAMENTO MUNICIPAL DE AGUA E ESGOTO - DMAE;17;35552.90;14000.00
03;1122010403;2022;170;Outros Recursos Não Vinculados;7;Departamento Municipal de Agua e Esgoto;Taxas pela Prestação de Serviços - Dívida Ativa - ;DEPARTAMENTO MUNICIPAL DE AGUA E ESGOTO - DMAE;17;23028.04;28000.00
03;1122010403;2022;170;Outros Recursos Não Vinculados;8;Departamento Municipal de Agua e Esgoto;Taxas pela Prestação de Serviços - Dívida Ativa - ;DEPARTAMENTO MUNICIPAL DE AGUA E ESGOTO - DMAE;17;21381.87;20000.00
03;1122010403;2022;170;Outros Recursos Não Vinculados;9;Departamento Municipal de Agua e Esgoto;Taxas pela Prestação de Serviços - Dívida Ativa - ;DEPARTAMENTO MUNICIPAL DE AGUA E ESGOTO - DMAE;17;18130.88;17000.00
03;1122010403;2022;170;Outros Recursos Não Vinculados;10;Departamento Municipal de Agua e Esgoto;Taxas pela Prestação de Serviços - Dívida Ativa - ;DEPARTAMENTO MUNICIPAL DE AGUA E ESGOTO - DMAE;17;31077.69;15000.00
03;1122010403;2022;170;Outros Recursos Não Vinculados;11;Departamento Municipal de Agua e Esgoto;Taxas pela Prestação de Serviços - Dívida Ativa - ;DEPARTAMENTO MUNICIPAL DE AGUA E ESGOTO - DMAE;17;28462.25;16000.00
03;1122010403;2022;170;Outros Recursos Não Vinculados;12;Departamento Municipal de Agua e Esgoto;Taxas pela Prestação de Serviços - Dívida Ativa - ;DEPARTAMENTO MUNICIPAL DE AGUA E ESGOTO - DMAE;17;48628.71;19000.00
02;1122010404;2022;170;Outros Recursos Não Vinculados;1;PREFEITURA MUNICIPAL DE UBERLÂNDIA;Tx Prestação Serviço - Multa e Juros- Dv Ativa-PMU;SECRETARIA MUNICIPAL DE FINANÇAS;06;62977.61;54525.08
02;1122010404;2022;170;Outros Recursos Não Vinculados;2;PREFEITURA MUNICIPAL DE UBERLÂNDIA;Tx Prestação Serviço - Multa e Juros- Dv Ativa-PMU;SECRETARIA MUNICIPAL DE FINANÇAS;06;76979.32;54525.08
02;1122010404;2022;170;Outros Recursos Não Vinculados;3;PREFEITURA MUNICIPAL DE UBERLÂNDIA;Tx Prestação Serviço - Multa e Juros- Dv Ativa-PMU;SECRETARIA MUNICIPAL DE FINANÇAS;06;75655.70;54525.08
02;1122010404;2022;170;Outros Recursos Não Vinculados;4;PREFEITURA MUNICIPAL DE UBERLÂNDIA;Tx Prestação Serviço - Multa e Juros- Dv Ativa-PMU;SECRETARIA MUNICIPAL DE FINANÇAS;06;105194.72;54525.08
02;1122010404;2022;170;Outros Recursos Não Vinculados;5;PREFEITURA MUNICIPAL DE UBERLÂNDIA;Tx Prestação Serviço - Multa e Juros- Dv Ativa-PMU;SECRETARIA MUNICIPAL DE FINANÇAS;06;59079.08;54525.08
02;1122010404;2022;170;Outros Recursos Não Vinculados;6;PREFEITURA MUNICIPAL DE UBERLÂNDIA;Tx Prestação Serviço - Multa e Juros- Dv Ativa-PMU;SECRETARIA MUNICIPAL DE FINANÇAS;06;39911.19;54525.08
02;1122010404;2022;170;Outros Recursos Não Vinculados;7;PREFEITURA MUNICIPAL DE UBERLÂNDIA;Tx Prestação Serviço - Multa e Juros- Dv Ativa-PMU;SECRETARIA MUNICIPAL DE FINANÇAS;06;53050.13;54525.08
02;1122010404;2022;170;Outros Recursos Não Vinculados;8;PREFEITURA MUNICIPAL DE UBERLÂNDIA;Tx Prestação Serviço - Multa e Juros- Dv Ativa-PMU;SECRETARIA MUNICIPAL DE FINANÇAS;06;60525.94;54525.08
02;1122010404;2022;170;Outros Recursos Não Vinculados;9;PREFEITURA MUNICIPAL DE UBERLÂNDIA;Tx Prestação Serviço - Multa e Juros- Dv Ativa-PMU;SECRETARIA MUNICIPAL DE FINANÇAS;06;74822.45;54525.08
02;1122010404;2022;170;Outros Recursos Não Vinculados;10;PREFEITURA MUNICIPAL DE UBERLÂNDIA;Tx Prestação Serviço - Multa e Juros- Dv Ativa-PMU;SECRETARIA MUNICIPAL DE FINANÇAS;06;41087.43;54525.08
02;1122010404;2022;170;Outros Recursos Não Vinculados;11;PREFEITURA MUNICIPAL DE UBERLÂNDIA;Tx Prestação Serviço - Multa e Juros- Dv Ativa-PMU;SECRETARIA MUNICIPAL DE FINANÇAS;06;44766.81;54525.08
02;1122010404;2022;170;Outros Recursos Não Vinculados;12;PREFEITURA MUNICIPAL DE UBERLÂNDIA;Tx Prestação Serviço - Multa e Juros- Dv Ativa-PMU;SECRETARIA MUNICIPAL DE FINANÇAS;06;65819.64;54525.12
02;1122010405;2022;170;Outros Recursos Não Vinculados;1;PREFEITURA MUNICIPAL DE UBERLÂNDIA;Tx Prest de Serviços - DV-FMHIS;SECRETARIA MUNICIPAL DE DESENVOLVIMENTO SOCIAL E T;10;1058.82;416.67
02;1122010405;2022;170;Outros Recursos Não Vinculados;2;PREFEITURA MUNICIPAL DE UBERLÂNDIA;Tx Prest de Serviços - DV-FMHIS;SECRETARIA MUNICIPAL DE DESENVOLVIMENTO SOCIAL E T;10;0.00;416.67
02;1122010405;2022;170;Outros Recursos Não Vinculados;3;PREFEITURA MUNICIPAL DE UBERLÂNDIA;Tx Prest de Serviços - DV-FMHIS;SECRETARIA MUNICIPAL DE DESENVOLVIMENTO SOCIAL E T;10;0.00;416.67
02;1122010405;2022;170;Outros Recursos Não Vinculados;4;PREFEITURA MUNICIPAL DE UBERLÂNDIA;Tx Prest de Serviços - DV-FMHIS;SECRETARIA MUNICIPAL DE DESENVOLVIMENTO SOCIAL E T;10;688.71;416.67
02;1122010405;2022;170;Outros Recursos Não Vinculados;5;PREFEITURA MUNICIPAL DE UBERLÂNDIA;Tx Prest de Serviços - DV-FMHIS;SECRETARIA MUNICIPAL DE DESENVOLVIMENTO SOCIAL E T;10;0.00;416.67
02;1122010405;2022;170;Outros Recursos Não Vinculados;6;PREFEITURA MUNICIPAL DE UBERLÂNDIA;Tx Prest de Serviços - DV-FMHIS;SECRETARIA MUNICIPAL DE DESENVOLVIMENTO SOCIAL E T;10;0.00;416.67
02;1122010405;2022;170;Outros Recursos Não Vinculados;7;PREFEITURA MUNICIPAL DE UBERLÂNDIA;Tx Prest de Serviços - DV-FMHIS;SECRETARIA MUNICIPAL DE DESENVOLVIMENTO SOCIAL E T;10;0.00;416.67
02;1122010405;2022;170;Outros Recursos Não Vinculados;8;PREFEITURA MUNICIPAL DE UBERLÂNDIA;Tx Prest de Serviços - DV-FMHIS;SECRETARIA MUNICIPAL DE DESENVOLVIMENTO SOCIAL E T;10;0.00;416.67
02;1122010405;2022;170;Outros Recursos Não Vinculados;9;PREFEITURA MUNICIPAL DE UBERLÂNDIA;Tx Prest de Serviços - DV-FMHIS;SECRETARIA MUNICIPAL DE DESENVOLVIMENTO SOCIAL E T;10;0.00;416.67
02;1122010405;2022;170;Outros Recursos Não Vinculados;10;PREFEITURA MUNICIPAL DE UBERLÂNDIA;Tx Prest de Serviços - DV-FMHIS;SECRETARIA MUNICIPAL DE DESENVOLVIMENTO SOCIAL E T;10;1.20;416.67
02;1122010405;2022;170;Outros Recursos Não Vinculados;11;PREFEITURA MUNICIPAL DE UBERLÂNDIA;Tx Prest de Serviços - DV-FMHIS;SECRETARIA MUNICIPAL DE DESENVOLVIMENTO SOCIAL E T;10;3958.67;416.67
02;1122010405;2022;170;Outros Recursos Não Vinculados;12;PREFEITURA MUNICIPAL DE UBERLÂNDIA;Tx Prest de Serviços - DV-FMHIS;SECRETARIA MUNICIPAL DE DESENVOLVIMENTO SOCIAL E T;10;21.51;416.63
02;1131530101;2022;170;Outros Recursos Não Vinculados;1;PREFEITURA MUNICIPAL DE UBERLÂNDIA;Contrib Pavimentação e Obras Complementares;SECRETARIA MUNICIPAL DE FINANÇAS;06;601.81;141.29
02;1131530101;2022;170;Outros Recursos Não Vinculados;2;PREFEITURA MUNICIPAL DE UBERLÂNDIA;Contrib Pavimentação e Obras Complementares;SECRETARIA MUNICIPAL DE FINANÇAS;06;621.52;144.29
02;1131530101;2022;170;Outros Recursos Não Vinculados;3;PREFEITURA MUNICIPAL DE UBERLÂNDIA;Contrib Pavimentação e Obras Complementares;SECRETARIA MUNICIPAL DE FINANÇAS;06;621.52;144.29
02;1131530101;2022;170;Outros Recursos Não Vinculados;4;PREFEITURA MUNICIPAL DE UBERLÂNDIA;Contrib Pavimentação e Obras Complementares;SECRETARIA MUNICIPAL DE FINANÇAS;06;621.52;273.78
02;1131530101;2022;170;Outros Recursos Não Vinculados;5;PREFEITURA MUNICIPAL DE UBERLÂNDIA;Contrib Pavimentação e Obras Complementares;SECRETARIA MUNICIPAL DE FINANÇAS;06;639.60;148.18
02;1131530101;2022;170;Outros Recursos Não Vinculados;6;PREFEITURA MUNICIPAL DE UBERLÂNDIA;Contrib Pavimentação e Obras Complementares;SECRETARIA MUNICIPAL DE FINANÇAS;06;0.00;148.17
02;1131530101;2022;170;Outros Recursos Não Vinculados;7;PREFEITURA MUNICIPAL DE UBERLÂNDIA;Contrib Pavimentação e Obras Complementares;SECRETARIA MUNICIPAL DE FINANÇAS;06;0.00;0.00
02;1131530101;2022;170;Outros Recursos Não Vinculados;8;PREFEITURA MUNICIPAL DE UBERLÂNDIA;Contrib Pavimentação e Obras Complementares;SECRETARIA MUNICIPAL DE FINANÇAS;06;0.00;0.00
02;1131530101;2022;170;Outros Recursos Não Vinculados;9;PREFEITURA MUNICIPAL DE UBERLÂNDIA;Contrib Pavimentação e Obras Complementares;SECRETARIA MUNICIPAL DE FINANÇAS;06;0.00;0.00
02;1131530101;2022;170;Outros Recursos Não Vinculados;10;PREFEITURA MUNICIPAL DE UBERLÂNDIA;Contrib Pavimentação e Obras Complementares;SECRETARIA MUNICIPAL DE FINANÇAS;06;0.00;0.00
02;1131530101;2022;170;Outros Recursos Não Vinculados;11;PREFEITURA MUNICIPAL DE UBERLÂNDIA;Contrib Pavimentação e Obras Complementares;SECRETARIA MUNICIPAL DE FINANÇAS;06;0.00;0.00
02;1131530101;2022;170;Outros Recursos Não Vinculados;12;PREFEITURA MUNICIPAL DE UBERLÂNDIA;Contrib Pavimentação e Obras Complementares;SECRETARIA MUNICIPAL DE FINANÇAS;06;0.00;0.00
02;1131530201;2022;170;Outros Recursos Não Vinculados;1;PREFEITURA MUNICIPAL DE UBERLÂNDIA;Multas e Juros - Contribuição de Melhoria (Asfalto;SECRETARIA MUNICIPAL DE FINANÇAS;06;0.00;4166.67
02;1131530201;2022;170;Outros Recursos Não Vinculados;2;PREFEITURA MUNICIPAL DE UBERLÂNDIA;Multas e Juros - Contribuição de Melhoria (Asfalto;SECRETARIA MUNICIPAL DE FINANÇAS;06;0.00;4166.67
02;1131530201;2022;170;Outros Recursos Não Vinculados;3;PREFEITURA MUNICIPAL DE UBERLÂNDIA;Multas e Juros - Contribuição de Melhoria (Asfalto;SECRETARIA MUNICIPAL DE FINANÇAS;06;0.00;4166.67
02;1131530201;2022;170;Outros Recursos Não Vinculados;4;PREFEITURA MUNICIPAL DE UBERLÂNDIA;Multas e Juros - Contribuição de Melhoria (Asfalto;SECRETARIA MUNICIPAL DE FINANÇAS;06;0.00;4166.67
02;1131530201;2022;170;Outros Recursos Não Vinculados;5;PREFEITURA MUNICIPAL DE UBERLÂNDIA;Multas e Juros - Contribuição de Melhoria (Asfalto;SECRETARIA MUNICIPAL DE FINANÇAS;06;0.00;4166.67
02;1131530201;2022;170;Outros Recursos Não Vinculados;6;PREFEITURA MUNICIPAL DE UBERLÂNDIA;Multas e Juros - Contribuição de Melhoria (Asfalto;SECRETARIA MUNICIPAL DE FINANÇAS;06;0.00;4166.67
02;1131530201;2022;170;Outros Recursos Não Vinculados;7;PREFEITURA MUNICIPAL DE UBERLÂNDIA;Multas e Juros - Contribuição de Melhoria (Asfalto;SECRETARIA MUNICIPAL DE FINANÇAS;06;0.00;4166.67
02;1131530201;2022;170;Outros Recursos Não Vinculados;8;PREFEITURA MUNICIPAL DE UBERLÂNDIA;Multas e Juros - Contribuição de Melhoria (Asfalto;SECRETARIA MUNICIPAL DE FINANÇAS;06;0.00;4166.67
02;1131530201;2022;170;Outros Recursos Não Vinculados;9;PREFEITURA MUNICIPAL DE UBERLÂNDIA;Multas e Juros - Contribuição de Melhoria (Asfalto;SECRETARIA MUNICIPAL DE FINANÇAS;06;0.00;4166.67
02;1131530201;2022;170;Outros Recursos Não Vinculados;10;PREFEITURA MUNICIPAL DE UBERLÂNDIA;Multas e Juros - Contribuição de Melhoria (Asfalto;SECRETARIA MUNICIPAL DE FINANÇAS;06;0.00;4166.67
02;1131530201;2022;170;Outros Recursos Não Vinculados;11;PREFEITURA MUNICIPAL DE UBERLÂNDIA;Multas e Juros - Contribuição de Melhoria (Asfalto;SECRETARIA MUNICIPAL DE FINANÇAS;06;0.00;4166.67
02;1131530201;2022;170;Outros Recursos Não Vinculados;12;PREFEITURA MUNICIPAL DE UBERLÂNDIA;Multas e Juros - Contribuição de Melhoria (Asfalto;SECRETARIA MUNICIPAL DE FINANÇAS;06;0.00;4166.63
02;1131530301;2022;170;Outros Recursos Não Vinculados;1;PREFEITURA MUNICIPAL DE UBERLÂNDIA;Contrib de Melhoria para Pavimen e Obras Complem -;SECRETARIA MUNICIPAL DE FINANÇAS;06;8052.57;1611.36
02;1131530301;2022;170;Outros Recursos Não Vinculados;2;PREFEITURA MUNICIPAL DE UBERLÂNDIA;Contrib de Melhoria para Pavimen e Obras Complem -;SECRETARIA MUNICIPAL DE FINANÇAS;06;940.10;679.62
02;1131530301;2022;170;Outros Recursos Não Vinculados;3;PREFEITURA MUNICIPAL DE UBERLÂNDIA;Contrib de Melhoria para Pavimen e Obras Complem -;SECRETARIA MUNICIPAL DE FINANÇAS;06;1008.22;1694.02
02;1131530301;2022;170;Outros Recursos Não Vinculados;4;PREFEITURA MUNICIPAL DE UBERLÂNDIA;Contrib de Melhoria para Pavimen e Obras Complem -;SECRETARIA MUNICIPAL DE FINANÇAS;06;3329.01;390.45
02;1131530301;2022;170;Outros Recursos Não Vinculados;5;PREFEITURA MUNICIPAL DE UBERLÂNDIA;Contrib de Melhoria para Pavimen e Obras Complem -;SECRETARIA MUNICIPAL DE FINANÇAS;06;2636.48;665.09
02;1131530301;2022;170;Outros Recursos Não Vinculados;6;PREFEITURA MUNICIPAL DE UBERLÂNDIA;Contrib de Melhoria para Pavimen e Obras Complem -;SECRETARIA MUNICIPAL DE FINANÇAS;06;727.54;1108.21
02;1131530301;2022;170;Outros Recursos Não Vinculados;7;PREFEITURA MUNICIPAL DE UBERLÂNDIA;Contrib de Melhoria para Pavimen e Obras Complem -;SECRETARIA MUNICIPAL DE FINANÇAS;06;4355.99;587.33
02;1131530301;2022;170;Outros Recursos Não Vinculados;8;PREFEITURA MUNICIPAL DE UBERLÂNDIA;Contrib de Melhoria para Pavimen e Obras Complem -;SECRETARIA MUNICIPAL DE FINANÇAS;06;4283.15;1350.87
02;1131530301;2022;170;Outros Recursos Não Vinculados;9;PREFEITURA MUNICIPAL DE UBERLÂNDIA;Contrib de Melhoria para Pavimen e Obras Complem -;SECRETARIA MUNICIPAL DE FINANÇAS;06;938.86;1784.81
02;1131530301;2022;170;Outros Recursos Não Vinculados;10;PREFEITURA MUNICIPAL DE UBERLÂNDIA;Contrib de Melhoria para Pavimen e Obras Complem -;SECRETARIA MUNICIPAL DE FINANÇAS;06;1091.37;3199.44
02;1131530301;2022;170;Outros Recursos Não Vinculados;11;PREFEITURA MUNICIPAL DE UBERLÂNDIA;Contrib de Melhoria para Pavimen e Obras Complem -;SECRETARIA MUNICIPAL DE FINANÇAS;06;4658.80;508.51
02;1131530301;2022;170;Outros Recursos Não Vinculados;12;PREFEITURA MUNICIPAL DE UBERLÂNDIA;Contrib de Melhoria para Pavimen e Obras Complem -;SECRETARIA MUNICIPAL DE FINANÇAS;06;3082.56;420.29
02;1131530401;2022;170;Outros Recursos Não Vinculados;1;PREFEITURA MUNICIPAL DE UBERLÂNDIA;Dívida Ativa - Multas e Juros - Contribuição de Me;SECRETARIA MUNICIPAL DE FINANÇAS;06;15133.86;2056.59
02;1131530401;2022;170;Outros Recursos Não Vinculados;2;PREFEITURA MUNICIPAL DE UBERLÂNDIA;Dívida Ativa - Multas e Juros - Contribuição de Me;SECRETARIA MUNICIPAL DE FINANÇAS;06;1879.28;727.99
02;1131530401;2022;170;Outros Recursos Não Vinculados;3;PREFEITURA MUNICIPAL DE UBERLÂNDIA;Dívida Ativa - Multas e Juros - Contribuição de Me;SECRETARIA MUNICIPAL DE FINANÇAS;06;1797.83;1674.14
02;1131530401;2022;170;Outros Recursos Não Vinculados;4;PREFEITURA MUNICIPAL DE UBERLÂNDIA;Dívida Ativa - Multas e Juros - Contribuição de Me;SECRETARIA MUNICIPAL DE FINANÇAS;06;7718.37;767.03
02;1131530401;2022;170;Outros Recursos Não Vinculados;5;PREFEITURA MUNICIPAL DE UBERLÂNDIA;Dívida Ativa - Multas e Juros - Contribuição de Me;SECRETARIA MUNICIPAL DE FINANÇAS;06;5643.94;1814.54
02;1131530401;2022;170;Outros Recursos Não Vinculados;6;PREFEITURA MUNICIPAL DE UBERLÂNDIA;Dívida Ativa - Multas e Juros - Contribuição de Me;SECRETARIA MUNICIPAL DE FINANÇAS;06;1161.57;1690.43
02;1131530401;2022;170;Outros Recursos Não Vinculados;7;PREFEITURA MUNICIPAL DE UBERLÂNDIA;Dívida Ativa - Multas e Juros - Contribuição de Me;SECRETARIA MUNICIPAL DE FINANÇAS;06;2297.08;762.85
02;1131530401;2022;170;Outros Recursos Não Vinculados;8;PREFEITURA MUNICIPAL DE UBERLÂNDIA;Dívida Ativa - Multas e Juros - Contribuição de Me;SECRETARIA MUNICIPAL DE FINANÇAS;06;4246.51;892.53
02;1131530401;2022;170;Outros Recursos Não Vinculados;9;PREFEITURA MUNICIPAL DE UBERLÂNDIA;Dívida Ativa - Multas e Juros - Contribuição de Me;SECRETARIA MUNICIPAL DE FINANÇAS;06;1225.59;1189.34
02;1131530401;2022;170;Outros Recursos Não Vinculados;10;PREFEITURA MUNICIPAL DE UBERLÂNDIA;Dívida Ativa - Multas e Juros - Contribuição de Me;SECRETARIA MUNICIPAL DE FINANÇAS;06;1473.85;2418.91
02;1131530401;2022;170;Outros Recursos Não Vinculados;11;PREFEITURA MUNICIPAL DE UBERLÂNDIA;Dívida Ativa - Multas e Juros - Contribuição de Me;SECRETARIA MUNICIPAL DE FINANÇAS;06;9492.71;472.14
02;1131530401;2022;170;Outros Recursos Não Vinculados;12;PREFEITURA MUNICIPAL DE UBERLÂNDIA;Dívida Ativa - Multas e Juros - Contribuição de Me;SECRETARIA MUNICIPAL DE FINANÇAS;06;2500.73;533.51
05;1215011101;2022;103;Contribuição para o Regime Próprio de Previdência Social (RPPS): Patronal, dos Servidores, Compensação Financeira/ Recursos Vinculados ao RPPS - Fundo em Capitalização (Plano Previdenciário);1;Instituto Prev. Serv. Pub. Mun. Uberlândia;Contrib do Servidor Ativo Civil - PMU ADM;INST. DE PREV. DOS SERVID. PÚB. DO MUN. DE UBERLÂN;18;7097656.87;3876800.00
05;1215011101;2022;105;Taxa de Administração do RPPS;1;Instituto Prev. Serv. Pub. Mun. Uberlândia;Contrib do Servidor Ativo Civil - PMU ADM;INST. DE PREV. DOS SERVID. PÚB. DO MUN. DE UBERLÂN;18;0.00;123200.00
05;1215011101;2022;103;Contribuição para o Regime Próprio de Previdência Social (RPPS): Patronal, dos Servidores, Compensação Financeira/ Recursos Vinculados ao RPPS - Fundo em Capitalização (Plano Previdenciário);2;Instituto Prev. Serv. Pub. Mun. Uberlândia;Contrib do Servidor Ativo Civil - PMU ADM;INST. DE PREV. DOS SERVID. PÚB. DO MUN. DE UBERLÂN;18;2833414.57;3876800.00
05;1215011101;2022;105;Taxa de Administração do RPPS;2;Instituto Prev. Serv. Pub. Mun. Uberlândia;Contrib do Servidor Ativo Civil - PMU ADM;INST. DE PREV. DOS SERVID. PÚB. DO MUN. DE UBERLÂN;18;0.00;123200.00
05;1215011101;2022;103;Contribuição para o Regime Próprio de Previdência Social (RPPS): Patronal, dos Servidores, Compensação Financeira/ Recursos Vinculados ao RPPS - Fundo em Capitalização (Plano Previdenciário);3;Instituto Prev. Serv. Pub. Mun. Uberlândia;Contrib do Servidor Ativo Civil - PMU ADM;INST. DE PREV. DOS SERVID. PÚB. DO MUN. DE UBERLÂN;18;3874389.80;3876800.00
05;1215011101;2022;105;Taxa de Administração do RPPS;3;Instituto Prev. Serv. Pub. Mun. Uberlândia;Contrib do Servidor Ativo Civil - PMU ADM;INST. DE PREV. DOS SERVID. PÚB. DO MUN. DE UBERLÂN;18;0.00;123200.00
05;1215011101;2022;103;Contribuição para o Regime Próprio de Previdência Social (RPPS): Patronal, dos Servidores, Compensação Financeira/ Recursos Vinculados ao RPPS - Fundo em Capitalização (Plano Previdenciário);4;Instituto Prev. Serv. Pub. Mun. Uberlândia;Contrib do Servidor Ativo Civil - PMU ADM;INST. DE PREV. DOS SERVID. PÚB. DO MUN. DE UBERLÂN;18;4279205.99;3876800.00
05;1215011101;2022;105;Taxa de Administração do RPPS;4;Instituto Prev. Serv. Pub. Mun. Uberlândia;Contrib do Servidor Ativo Civil - PMU ADM;INST. DE PREV. DOS SERVID. PÚB. DO MUN. DE UBERLÂN;18;0.00;123200.00
05;1215011101;2022;103;Contribuição para o Regime Próprio de Previdência Social (RPPS): Patronal, dos Servidores, Compensação Financeira/ Recursos Vinculados ao RPPS - Fundo em Capitalização (Plano Previdenciário);5;Instituto Prev. Serv. Pub. Mun. Uberlândia;Contrib do Servidor Ativo Civil - PMU ADM;INST. DE PREV. DOS SERVID. PÚB. DO MUN. DE UBERLÂN;18;4277503.43;3876800.00
05;1215011101;2022;105;Taxa de Administração do RPPS;5;Instituto Prev. Serv. Pub. Mun. Uberlândia;Contrib do Servidor Ativo Civil - PMU ADM;INST. DE PREV. DOS SERVID. PÚB. DO MUN. DE UBERLÂN;18;0.00;123200.00
05;1215011101;2022;103;Contribuição para o Regime Próprio de Previdência Social (RPPS): Patronal, dos Servidores, Compensação Financeira/ Recursos Vinculados ao RPPS - Fundo em Capitalização (Plano Previdenciário);6;Instituto Prev. Serv. Pub. Mun. Uberlândia;Contrib do Servidor Ativo Civil - PMU ADM;INST. DE PREV. DOS SERVID. PÚB. DO MUN. DE UBERLÂN;18;4289742.52;3876800.00
05;1215011101;2022;105;Taxa de Administração do RPPS;6;Instituto Prev. Serv. Pub. Mun. Uberlândia;Contrib do Servidor Ativo Civil - PMU ADM;INST. DE PREV. DOS SERVID. PÚB. DO MUN. DE UBERLÂN;18;0.00;123200.00
05;1215011101;2022;103;Contribuição para o Regime Próprio de Previdência Social (RPPS): Patronal, dos Servidores, Compensação Financeira/ Recursos Vinculados ao RPPS - Fundo em Capitalização (Plano Previdenciário);7;Instituto Prev. Serv. Pub. Mun. Uberlândia;Contrib do Servidor Ativo Civil - PMU ADM;INST. DE PREV. DOS SERVID. PÚB. DO MUN. DE UBERLÂN;18;4333008.09;3876800.00
05;1215011101;2022;105;Taxa de Administração do RPPS;7;Instituto Prev. Serv. Pub. Mun. Uberlândia;Contrib do Servidor Ativo Civil - PMU ADM;INST. DE PREV. DOS SERVID. PÚB. DO MUN. DE UBERLÂN;18;0.00;123200.00
05;1215011101;2022;103;Contribuição para o Regime Próprio de Previdência Social (RPPS): Patronal, dos Servidores, Compensação Financeira/ Recursos Vinculados ao RPPS - Fundo em Capitalização (Plano Previdenciário);8;Instituto Prev. Serv. Pub. Mun. Uberlândia;Contrib do Servidor Ativo Civil - PMU ADM;INST. DE PREV. DOS SERVID. PÚB. DO MUN. DE UBERLÂN;18;4297913.18;3876800.00
05;1215011101;2022;105;Taxa de Administração do RPPS;8;Instituto Prev. Serv. Pub. Mun. Uberlândia;Contrib do Servidor Ativo Civil - PMU ADM;INST. DE PREV. DOS SERVID. PÚB. DO MUN. DE UBERLÂN;18;0.00;123200.00
05;1215011101;2022;103;Contribuição para o Regime Próprio de Previdência Social (RPPS): Patronal, dos Servidores, Compensação Financeira/ Recursos Vinculados ao RPPS - Fundo em Capitalização (Plano Previdenciário);9;Instituto Prev. Serv. Pub. Mun. Uberlândia;Contrib do Servidor Ativo Civil - PMU ADM;INST. DE PREV. DOS SERVID. PÚB. DO MUN. DE UBERLÂN;18;4359042.73;3876800.00
05;1215011101;2022;105;Taxa de Administração do RPPS;9;Instituto Prev. Serv. Pub. Mun. Uberlândia;Contrib do Servidor Ativo Civil - PMU ADM;INST. DE PREV. DOS SERVID. PÚB. DO MUN. DE UBERLÂN;18;0.00;123200.00
05;1215011101;2022;103;Contribuição para o Regime Próprio de Previdência Social (RPPS): Patronal, dos Servidores, Compensação Financeira/ Recursos Vinculados ao RPPS - Fundo em Capitalização (Plano Previdenciário);10;Instituto Prev. Serv. Pub. Mun. Uberlândia;Contrib do Servidor Ativo Civil - PMU ADM;INST. DE PREV. DOS SERVID. PÚB. DO MUN. DE UBERLÂN;18;4366724.97;3876800.00
05;1215011101;2022;105;Taxa de Administração do RPPS;10;Instituto Prev. Serv. Pub. Mun. Uberlândia;Contrib do Servidor Ativo Civil - PMU ADM;INST. DE PREV. DOS SERVID. PÚB. DO MUN. DE UBERLÂN;18;0.00;123200.00
05;1215011101;2022;103;Contribuição para o Regime Próprio de Previdência Social (RPPS): Patronal, dos Servidores, Compensação Financeira/ Recursos Vinculados ao RPPS - Fundo em Capitalização (Plano Previdenciário);11;Instituto Prev. Serv. Pub. Mun. Uberlândia;Contrib do Servidor Ativo Civil - PMU ADM;INST. DE PREV. DOS SERVID. PÚB. DO MUN. DE UBERLÂN;18;4367540.08;3876800.00
05;1215011101;2022;105;Taxa de Administração do RPPS;11;Instituto Prev. Serv. Pub. Mun. Uberlândia;Contrib do Servidor Ativo Civil - PMU ADM;INST. DE PREV. DOS SERVID. PÚB. DO MUN. DE UBERLÂN;18;0.00;123200.00
05;1215011101;2022;103;Contribuição para o Regime Próprio de Previdência Social (RPPS): Patronal, dos Servidores, Compensação Financeira/ Recursos Vinculados ao RPPS - Fundo em Capitalização (Plano Previdenciário);12;Instituto Prev. Serv. Pub. Mun. Uberlândia;Contrib do Servidor Ativo Civil - PMU ADM;INST. DE PREV. DOS SERVID. PÚB. DO MUN. DE UBERLÂN;18;8792374.27;3876800.00
05;1215011101;2022;105;Taxa de Administração do RPPS;12;Instituto Prev. Serv. Pub. Mun. Uberlândia;Contrib do Servidor Ativo Civil - PMU ADM;INST. DE PREV. DOS SERVID. PÚB. DO MUN. DE UBERLÂN;18;0.00;123200.00
05;1215011102;2022;103;Contribuição para o Regime Próprio de Previdência Social (RPPS): Patronal, dos Servidores, Compensação Financeira/ Recursos Vinculados ao RPPS - Fundo em Capitalização (Plano Previdenciário);1;Instituto Prev. Serv. Pub. Mun. Uberlândia;Contrib do Servidor Ativo Civil - CAMARA;INST. DE PREV. DOS SERVID. PÚB. DO MUN. DE UBERLÂN;18;16594.55;24166.67
05;1215011102;2022;103;Contribuição para o Regime Próprio de Previdência Social (RPPS): Patronal, dos Servidores, Compensação Financeira/ Recursos Vinculados ao RPPS - Fundo em Capitalização (Plano Previdenciário);2;Instituto Prev. Serv. Pub. Mun. Uberlândia;Contrib do Servidor Ativo Civil - CAMARA;INST. DE PREV. DOS SERVID. PÚB. DO MUN. DE UBERLÂN;18;17034.66;24166.67
05;1215011102;2022;103;Contribuição para o Regime Próprio de Previdência Social (RPPS): Patronal, dos Servidores, Compensação Financeira/ Recursos Vinculados ao RPPS - Fundo em Capitalização (Plano Previdenciário);3;Instituto Prev. Serv. Pub. Mun. Uberlândia;Contrib do Servidor Ativo Civil - CAMARA;INST. DE PREV. DOS SERVID. PÚB. DO MUN. DE UBERLÂN;18;15977.65;24166.67
05;1215011102;2022;103;Contribuição para o Regime Próprio de Previdência Social (RPPS): Patronal, dos Servidores, Compensação Financeira/ Recursos Vinculados ao RPPS - Fundo em Capitalização (Plano Previdenciário);4;Instituto Prev. Serv. Pub. Mun. Uberlândia;Contrib do Servidor Ativo Civil - CAMARA;INST. DE PREV. DOS SERVID. PÚB. DO MUN. DE UBERLÂN;18;20495.52;24166.67
05;1215011102;2022;103;Contribuição para o Regime Próprio de Previdência Social (RPPS): Patronal, dos Servidores, Compensação Financeira/ Recursos Vinculados ao RPPS - Fundo em Capitalização (Plano Previdenciário);5;Instituto Prev. Serv. Pub. Mun. Uberlândia;Contrib do Servidor Ativo Civil - CAMARA;INST. DE PREV. DOS SERVID. PÚB. DO MUN. DE UBERLÂN;18;19308.41;24166.67
05;1215011102;2022;103;Contribuição para o Regime Próprio de Previdência Social (RPPS): Patronal, dos Servidores, Compensação Financeira/ Recursos Vinculados ao RPPS - Fundo em Capitalização (Plano Previdenciário);6;Instituto Prev. Serv. Pub. Mun. Uberlândia;Contrib do Servidor Ativo Civil - CAMARA;INST. DE PREV. DOS SERVID. PÚB. DO MUN. DE UBERLÂN;18;20640.08;24166.67
05;1215011102;2022;103;Contribuição para o Regime Próprio de Previdência Social (RPPS): Patronal, dos Servidores, Compensação Financeira/ Recursos Vinculados ao RPPS - Fundo em Capitalização (Plano Previdenciário);7;Instituto Prev. Serv. Pub. Mun. Uberlândia;Contrib do Servidor Ativo Civil - CAMARA;INST. DE PREV. DOS SERVID. PÚB. DO MUN. DE UBERLÂN;18;20005.20;24166.67
05;1215011102;2022;103;Contribuição para o Regime Próprio de Previdência Social (RPPS): Patronal, dos Servidores, Compensação Financeira/ Recursos Vinculados ao RPPS - Fundo em Capitalização (Plano Previdenciário);8;Instituto Prev. Serv. Pub. Mun. Uberlândia;Contrib do Servidor Ativo Civil - CAMARA;INST. DE PREV. DOS SERVID. PÚB. DO MUN. DE UBERLÂN;18;23714.49;24166.67
05;1215011102;2022;103;Contribuição para o Regime Próprio de Previdência Social (RPPS): Patronal, dos Servidores, Compensação Financeira/ Recursos Vinculados ao RPPS - Fundo em Capitalização (Plano Previdenciário);9;Instituto Prev. Serv. Pub. Mun. Uberlândia;Contrib do Servidor Ativo Civil - CAMARA;INST. DE PREV. DOS SERVID. PÚB. DO MUN. DE UBERLÂN;18;23270.13;24166.67
05;1215011102;2022;103;Contribuição para o Regime Próprio de Previdência Social (RPPS): Patronal, dos Servidores, Compensação Financeira/ Recursos Vinculados ao RPPS - Fundo em Capitalização (Plano Previdenciário);10;Instituto Prev. Serv. Pub. Mun. Uberlândia;Contrib do Servidor Ativo Civil - CAMARA;INST. DE PREV. DOS SERVID. PÚB. DO MUN. DE UBERLÂN;18;23567.78;24166.67
05;1215011102;2022;103;Contribuição para o Regime Próprio de Previdência Social (RPPS): Patronal, dos Servidores, Compensação Financeira/ Recursos Vinculados ao RPPS - Fundo em Capitalização (Plano Previdenciário);11;Instituto Prev. Serv. Pub. Mun. Uberlândia;Contrib do Servidor Ativo Civil - CAMARA;INST. DE PREV. DOS SERVID. PÚB. DO MUN. DE UBERLÂN;18;24906.57;24166.67
05;1215011102;2022;103;Contribuição para o Regime Próprio de Previdência Social (RPPS): Patronal, dos Servidores, Compensação Financeira/ Recursos Vinculados ao RPPS - Fundo em Capitalização (Plano Previdenciário);12;Instituto Prev. Serv. Pub. Mun. Uberlândia;Contrib do Servidor Ativo Civil - CAMARA;INST. DE PREV. DOS SERVID. PÚB. DO MUN. DE UBERLÂN;18;45048.38;24166.63
05;1215011103;2022;103;Contribuição para o Regime Próprio de Previdência Social (RPPS): Patronal, dos Servidores, Compensação Financeira/ Recursos Vinculados ao RPPS - Fundo em Capitalização (Plano Previdenciário);1;Instituto Prev. Serv. Pub. Mun. Uberlândia;Contribuição do Servidor Ativo Civil - DMAE;INST. DE PREV. DOS SERVID. PÚB. DO MUN. DE UBERLÂN;18;397771.12;362583.33
05;1215011103;2022;103;Contribuição para o Regime Próprio de Previdência Social (RPPS): Patronal, dos Servidores, Compensação Financeira/ Recursos Vinculados ao RPPS - Fundo em Capitalização (Plano Previdenciário);2;Instituto Prev. Serv. Pub. Mun. Uberlândia;Contribuição do Servidor Ativo Civil - DMAE;INST. DE PREV. DOS SERVID. PÚB. DO MUN. DE UBERLÂN;18;398620.85;362583.33
05;1215011103;2022;103;Contribuição para o Regime Próprio de Previdência Social (RPPS): Patronal, dos Servidores, Compensação Financeira/ Recursos Vinculados ao RPPS - Fundo em Capitalização (Plano Previdenciário);3;Instituto Prev. Serv. Pub. Mun. Uberlândia;Contribuição do Servidor Ativo Civil - DMAE;INST. DE PREV. DOS SERVID. PÚB. DO MUN. DE UBERLÂN;18;401309.43;362583.33
05;1215011103;2022;103;Contribuição para o Regime Próprio de Previdência Social (RPPS): Patronal, dos Servidores, Compensação Financeira/ Recursos Vinculados ao RPPS - Fundo em Capitalização (Plano Previdenciário);4;Instituto Prev. Serv. Pub. Mun. Uberlândia;Contribuição do Servidor Ativo Civil - DMAE;INST. DE PREV. DOS SERVID. PÚB. DO MUN. DE UBERLÂN;18;440842.25;362583.33
05;1215011103;2022;103;Contribuição para o Regime Próprio de Previdência Social (RPPS): Patronal, dos Servidores, Compensação Financeira/ Recursos Vinculados ao RPPS - Fundo em Capitalização (Plano Previdenciário);5;Instituto Prev. Serv. Pub. Mun. Uberlândia;Contribuição do Servidor Ativo Civil - DMAE;INST. DE PREV. DOS SERVID. PÚB. DO MUN. DE UBERLÂN;18;443439.58;362583.33
05;1215011103;2022;103;Contribuição para o Regime Próprio de Previdência Social (RPPS): Patronal, dos Servidores, Compensação Financeira/ Recursos Vinculados ao RPPS - Fundo em Capitalização (Plano Previdenciário);6;Instituto Prev. Serv. Pub. Mun. Uberlândia;Contribuição do Servidor Ativo Civil - DMAE;INST. DE PREV. DOS SERVID. PÚB. DO MUN. DE UBERLÂN;18;443674.58;362583.33
05;1215011103;2022;103;Contribuição para o Regime Próprio de Previdência Social (RPPS): Patronal, dos Servidores, Compensação Financeira/ Recursos Vinculados ao RPPS - Fundo em Capitalização (Plano Previdenciário);7;Instituto Prev. Serv. Pub. Mun. Uberlândia;Contribuição do Servidor Ativo Civil - DMAE;INST. DE PREV. DOS SERVID. PÚB. DO MUN. DE UBERLÂN;18;442464.34;362583.33
05;1215011103;2022;103;Contribuição para o Regime Próprio de Previdência Social (RPPS): Patronal, dos Servidores, Compensação Financeira/ Recursos Vinculados ao RPPS - Fundo em Capitalização (Plano Previdenciário);8;Instituto Prev. Serv. Pub. Mun. Uberlândia;Contribuição do Servidor Ativo Civil - DMAE;INST. DE PREV. DOS SERVID. PÚB. DO MUN. DE UBERLÂN;18;444768.28;362583.33
05;1215011103;2022;103;Contribuição para o Regime Próprio de Previdência Social (RPPS): Patronal, dos Servidores, Compensação Financeira/ Recursos Vinculados ao RPPS - Fundo em Capitalização (Plano Previdenciário);9;Instituto Prev. Serv. Pub. Mun. Uberlândia;Contribuição do Servidor Ativo Civil - DMAE;INST. DE PREV. DOS SERVID. PÚB. DO MUN. DE UBERLÂN;18;444747.34;362583.33
05;1215011103;2022;103;Contribuição para o Regime Próprio de Previdência Social (RPPS): Patronal, dos Servidores, Compensação Financeira/ Recursos Vinculados ao RPPS - Fundo em Capitalização (Plano Previdenciário);10;Instituto Prev. Serv. Pub. Mun. Uberlândia;Contribuição do Servidor Ativo Civil - DMAE;INST. DE PREV. DOS SERVID. PÚB. DO MUN. DE UBERLÂN;18;445659.47;362583.33
05;1215011103;2022;103;Contribuição para o Regime Próprio de Previdência Social (RPPS): Patronal, dos Servidores, Compensação Financeira/ Recursos Vinculados ao RPPS - Fundo em Capitalização (Plano Previdenciário);11;Instituto Prev. Serv. Pub. Mun. Uberlândia;Contribuição do Servidor Ativo Civil - DMAE;INST. DE PREV. DOS SERVID. PÚB. DO MUN. DE UBERLÂN;18;446662.79;362583.33
05;1215011103;2022;103;Contribuição para o Regime Próprio de Previdência Social (RPPS): Patronal, dos Servidores, Compensação Financeira/ Recursos Vinculados ao RPPS - Fundo em Capitalização (Plano Previdenciário);12;Instituto Prev. Serv. Pub. Mun. Uberlândia;Contribuição do Servidor Ativo Civil - DMAE;INST. DE PREV. DOS SERVID. PÚB. DO MUN. DE UBERLÂN;18;882719.24;362583.37
05;1215011104;2022;103;Contribuição para o Regime Próprio de Previdência Social (RPPS): Patronal, dos Servidores, Compensação Financeira/ Recursos Vinculados ao RPPS - Fundo em Capitalização (Plano Previdenciário);1;Instituto Prev. Serv. Pub. Mun. Uberlândia;Contrib do Servidor Ativo Civil - FUTEL;INST. DE PREV. DOS SERVID. PÚB. DO MUN. DE UBERLÂN;18;42905.21;51666.67
05;1215011104;2022;103;Contribuição para o Regime Próprio de Previdência Social (RPPS): Patronal, dos Servidores, Compensação Financeira/ Recursos Vinculados ao RPPS - Fundo em Capitalização (Plano Previdenciário);2;Instituto Prev. Serv. Pub. Mun. Uberlândia;Contrib do Servidor Ativo Civil - FUTEL;INST. DE PREV. DOS SERVID. PÚB. DO MUN. DE UBERLÂN;18;43382.50;51666.67
05;1215011104;2022;103;Contribuição para o Regime Próprio de Previdência Social (RPPS): Patronal, dos Servidores, Compensação Financeira/ Recursos Vinculados ao RPPS - Fundo em Capitalização (Plano Previdenciário);3;Instituto Prev. Serv. Pub. Mun. Uberlândia;Contrib do Servidor Ativo Civil - FUTEL;INST. DE PREV. DOS SERVID. PÚB. DO MUN. DE UBERLÂN;18;43197.55;51666.67
05;1215011104;2022;103;Contribuição para o Regime Próprio de Previdência Social (RPPS): Patronal, dos Servidores, Compensação Financeira/ Recursos Vinculados ao RPPS - Fundo em Capitalização (Plano Previdenciário);4;Instituto Prev. Serv. Pub. Mun. Uberlândia;Contrib do Servidor Ativo Civil - FUTEL;INST. DE PREV. DOS SERVID. PÚB. DO MUN. DE UBERLÂN;18;47197.42;51666.67
05;1215011104;2022;103;Contribuição para o Regime Próprio de Previdência Social (RPPS): Patronal, dos Servidores, Compensação Financeira/ Recursos Vinculados ao RPPS - Fundo em Capitalização (Plano Previdenciário);5;Instituto Prev. Serv. Pub. Mun. Uberlândia;Contrib do Servidor Ativo Civil - FUTEL;INST. DE PREV. DOS SERVID. PÚB. DO MUN. DE UBERLÂN;18;47536.31;51666.67
05;1215011104;2022;103;Contribuição para o Regime Próprio de Previdência Social (RPPS): Patronal, dos Servidores, Compensação Financeira/ Recursos Vinculados ao RPPS - Fundo em Capitalização (Plano Previdenciário);6;Instituto Prev. Serv. Pub. Mun. Uberlândia;Contrib do Servidor Ativo Civil - FUTEL;INST. DE PREV. DOS SERVID. PÚB. DO MUN. DE UBERLÂN;18;47791.04;51666.67
05;1215011104;2022;103;Contribuição para o Regime Próprio de Previdência Social (RPPS): Patronal, dos Servidores, Compensação Financeira/ Recursos Vinculados ao RPPS - Fundo em Capitalização (Plano Previdenciário);7;Instituto Prev. Serv. Pub. Mun. Uberlândia;Contrib do Servidor Ativo Civil - FUTEL;INST. DE PREV. DOS SERVID. PÚB. DO MUN. DE UBERLÂN;18;45936.90;51666.67
05;1215011104;2022;103;Contribuição para o Regime Próprio de Previdência Social (RPPS): Patronal, dos Servidores, Compensação Financeira/ Recursos Vinculados ao RPPS - Fundo em Capitalização (Plano Previdenciário);8;Instituto Prev. Serv. Pub. Mun. Uberlândia;Contrib do Servidor Ativo Civil - FUTEL;INST. DE PREV. DOS SERVID. PÚB. DO MUN. DE UBERLÂN;18;182207.66;51666.67
05;1215011104;2022;103;Contribuição para o Regime Próprio de Previdência Social (RPPS): Patronal, dos Servidores, Compensação Financeira/ Recursos Vinculados ao RPPS - Fundo em Capitalização (Plano Previdenciário);9;Instituto Prev. Serv. Pub. Mun. Uberlândia;Contrib do Servidor Ativo Civil - FUTEL;INST. DE PREV. DOS SERVID. PÚB. DO MUN. DE UBERLÂN;18;45703.88;51666.67
05;1215011104;2022;103;Contribuição para o Regime Próprio de Previdência Social (RPPS): Patronal, dos Servidores, Compensação Financeira/ Recursos Vinculados ao RPPS - Fundo em Capitalização (Plano Previdenciário);10;Instituto Prev. Serv. Pub. Mun. Uberlândia;Contrib do Servidor Ativo Civil - FUTEL;INST. DE PREV. DOS SERVID. PÚB. DO MUN. DE UBERLÂN;18;91673.53;51666.67
05;1215011104;2022;103;Contribuição para o Regime Próprio de Previdência Social (RPPS): Patronal, dos Servidores, Compensação Financeira/ Recursos Vinculados ao RPPS - Fundo em Capitalização (Plano Previdenciário);11;Instituto Prev. Serv. Pub. Mun. Uberlândia;Contrib do Servidor Ativo Civil - FUTEL;INST. DE PREV. DOS SERVID. PÚB. DO MUN. DE UBERLÂN;18;45877.87;51666.67
05;1215011104;2022;103;Contribuição para o Regime Próprio de Previdência Social (RPPS): Patronal, dos Servidores, Compensação Financeira/ Recursos Vinculados ao RPPS - Fundo em Capitalização (Plano Previdenciário);12;Instituto Prev. Serv. Pub. Mun. Uberlândia;Contrib do Servidor Ativo Civil - FUTEL;INST. DE PREV. DOS SERVID. PÚB. DO MUN. DE UBERLÂN;18;90841.26;51666.63
05;1215011105;2022;103;Contribuição para o Regime Próprio de Previdência Social (RPPS): Patronal, dos Servidores, Compensação Financeira/ Recursos Vinculados ao RPPS - Fundo em Capitalização (Plano Previdenciário);1;Instituto Prev. Serv. Pub. Mun. Uberlândia;Contrib do Servidor Ativo Civil - OUTRAS;INST. DE PREV. DOS SERVID. PÚB. DO MUN. DE UBERLÂN;18;2159.96;2000.00
05;1215011105;2022;103;Contribuição para o Regime Próprio de Previdência Social (RPPS): Patronal, dos Servidores, Compensação Financeira/ Recursos Vinculados ao RPPS - Fundo em Capitalização (Plano Previdenciário);2;Instituto Prev. Serv. Pub. Mun. Uberlândia;Contrib do Servidor Ativo Civil - OUTRAS;INST. DE PREV. DOS SERVID. PÚB. DO MUN. DE UBERLÂN;18;2159.96;2000.00
05;1215011105;2022;103;Contribuição para o Regime Próprio de Previdência Social (RPPS): Patronal, dos Servidores, Compensação Financeira/ Recursos Vinculados ao RPPS - Fundo em Capitalização (Plano Previdenciário);3;Instituto Prev. Serv. Pub. Mun. Uberlândia;Contrib do Servidor Ativo Civil - OUTRAS;INST. DE PREV. DOS SERVID. PÚB. DO MUN. DE UBERLÂN;18;2303.07;2000.00
05;1215011105;2022;103;Contribuição para o Regime Próprio de Previdência Social (RPPS): Patronal, dos Servidores, Compensação Financeira/ Recursos Vinculados ao RPPS - Fundo em Capitalização (Plano Previdenciário);4;Instituto Prev. Serv. Pub. Mun. Uberlândia;Contrib do Servidor Ativo Civil - OUTRAS;INST. DE PREV. DOS SERVID. PÚB. DO MUN. DE UBERLÂN;18;442.63;2000.00
05;1215011105;2022;103;Contribuição para o Regime Próprio de Previdência Social (RPPS): Patronal, dos Servidores, Compensação Financeira/ Recursos Vinculados ao RPPS - Fundo em Capitalização (Plano Previdenciário);5;Instituto Prev. Serv. Pub. Mun. Uberlândia;Contrib do Servidor Ativo Civil - OUTRAS;INST. DE PREV. DOS SERVID. PÚB. DO MUN. DE UBERLÂN;18;486.90;2000.00
05;1215011105;2022;103;Contribuição para o Regime Próprio de Previdência Social (RPPS): Patronal, dos Servidores, Compensação Financeira/ Recursos Vinculados ao RPPS - Fundo em Capitalização (Plano Previdenciário);6;Instituto Prev. Serv. Pub. Mun. Uberlândia;Contrib do Servidor Ativo Civil - OUTRAS;INST. DE PREV. DOS SERVID. PÚB. DO MUN. DE UBERLÂN;18;8632.49;2000.00
05;1215011105;2022;103;Contribuição para o Regime Próprio de Previdência Social (RPPS): Patronal, dos Servidores, Compensação Financeira/ Recursos Vinculados ao RPPS - Fundo em Capitalização (Plano Previdenciário);7;Instituto Prev. Serv. Pub. Mun. Uberlândia;Contrib do Servidor Ativo Civil - OUTRAS;INST. DE PREV. DOS SERVID. PÚB. DO MUN. DE UBERLÂN;18;486.89;2000.00
05;1215011105;2022;103;Contribuição para o Regime Próprio de Previdência Social (RPPS): Patronal, dos Servidores, Compensação Financeira/ Recursos Vinculados ao RPPS - Fundo em Capitalização (Plano Previdenciário);8;Instituto Prev. Serv. Pub. Mun. Uberlândia;Contrib do Servidor Ativo Civil - OUTRAS;INST. DE PREV. DOS SERVID. PÚB. DO MUN. DE UBERLÂN;18;486.89;2000.00
05;1215011105;2022;103;Contribuição para o Regime Próprio de Previdência Social (RPPS): Patronal, dos Servidores, Compensação Financeira/ Recursos Vinculados ao RPPS - Fundo em Capitalização (Plano Previdenciário);9;Instituto Prev. Serv. Pub. Mun. Uberlândia;Contrib do Servidor Ativo Civil - OUTRAS;INST. DE PREV. DOS SERVID. PÚB. DO MUN. DE UBERLÂN;18;486.89;2000.00
05;1215011105;2022;103;Contribuição para o Regime Próprio de Previdência Social (RPPS): Patronal, dos Servidores, Compensação Financeira/ Recursos Vinculados ao RPPS - Fundo em Capitalização (Plano Previdenciário);10;Instituto Prev. Serv. Pub. Mun. Uberlândia;Contrib do Servidor Ativo Civil - OUTRAS;INST. DE PREV. DOS SERVID. PÚB. DO MUN. DE UBERLÂN;18;486.89;2000.00
05;1215011105;2022;103;Contribuição para o Regime Próprio de Previdência Social (RPPS): Patronal, dos Servidores, Compensação Financeira/ Recursos Vinculados ao RPPS - Fundo em Capitalização (Plano Previdenciário);11;Instituto Prev. Serv. Pub. Mun. Uberlândia;Contrib do Servidor Ativo Civil - OUTRAS;INST. DE PREV. DOS SERVID. PÚB. DO MUN. DE UBERLÂN;18;486.89;2000.00
05;1215011105;2022;103;Contribuição para o Regime Próprio de Previdência Social (RPPS): Patronal, dos Servidores, Compensação Financeira/ Recursos Vinculados ao RPPS - Fundo em Capitalização (Plano Previdenciário);12;Instituto Prev. Serv. Pub. Mun. Uberlândia;Contrib do Servidor Ativo Civil - OUTRAS;INST. DE PREV. DOS SERVID. PÚB. DO MUN. DE UBERLÂN;18;486.89;2000.00
05;1215011106;2022;103;Contribuição para o Regime Próprio de Previdência Social (RPPS): Patronal, dos Servidores, Compensação Financeira/ Recursos Vinculados ao RPPS - Fundo em Capitalização (Plano Previdenciário);1;Instituto Prev. Serv. Pub. Mun. Uberlândia;Contrib do Servidor Ativo Civil - IPREMU;INST. DE PREV. DOS SERVID. PÚB. DO MUN. DE UBERLÂN;18;0.00;10661.17
05;1215011106;2022;105;Taxa de Administração do RPPS;1;Instituto Prev. Serv. Pub. Mun. Uberlândia;Contrib do Servidor Ativo Civil - IPREMU;INST. DE PREV. DOS SERVID. PÚB. DO MUN. DE UBERLÂN;18;9264.79;338.83
05;1215011106;2022;103;Contribuição para o Regime Próprio de Previdência Social (RPPS): Patronal, dos Servidores, Compensação Financeira/ Recursos Vinculados ao RPPS - Fundo em Capitalização (Plano Previdenciário);2;Instituto Prev. Serv. Pub. Mun. Uberlândia;Contrib do Servidor Ativo Civil - IPREMU;INST. DE PREV. DOS SERVID. PÚB. DO MUN. DE UBERLÂN;18;0.00;10661.17
05;1215011106;2022;105;Taxa de Administração do RPPS;2;Instituto Prev. Serv. Pub. Mun. Uberlândia;Contrib do Servidor Ativo Civil - IPREMU;INST. DE PREV. DOS SERVID. PÚB. DO MUN. DE UBERLÂN;18;0.00;338.83
05;1215011106;2022;103;Contribuição para o Regime Próprio de Previdência Social (RPPS): Patronal, dos Servidores, Compensação Financeira/ Recursos Vinculados ao RPPS - Fundo em Capitalização (Plano Previdenciário);3;Instituto Prev. Serv. Pub. Mun. Uberlândia;Contrib do Servidor Ativo Civil - IPREMU;INST. DE PREV. DOS SERVID. PÚB. DO MUN. DE UBERLÂN;18;0.00;10661.17
05;1215011106;2022;105;Taxa de Administração do RPPS;3;Instituto Prev. Serv. Pub. Mun. Uberlândia;Contrib do Servidor Ativo Civil - IPREMU;INST. DE PREV. DOS SERVID. PÚB. DO MUN. DE UBERLÂN;18;14903.59;338.83
05;1215011106;2022;103;Contribuição para o Regime Próprio de Previdência Social (RPPS): Patronal, dos Servidores, Compensação Financeira/ Recursos Vinculados ao RPPS - Fundo em Capitalização (Plano Previdenciário);4;Instituto Prev. Serv. Pub. Mun. Uberlândia;Contrib do Servidor Ativo Civil - IPREMU;INST. DE PREV. DOS SERVID. PÚB. DO MUN. DE UBERLÂN;18;0.00;10661.17
05;1215011106;2022;105;Taxa de Administração do RPPS;4;Instituto Prev. Serv. Pub. Mun. Uberlândia;Contrib do Servidor Ativo Civil - IPREMU;INST. DE PREV. DOS SERVID. PÚB. DO MUN. DE UBERLÂN;18;15299.99;338.83
05;1215011106;2022;103;Contribuição para o Regime Próprio de Previdência Social (RPPS): Patronal, dos Servidores, Compensação Financeira/ Recursos Vinculados ao RPPS - Fundo em Capitalização (Plano Previdenciário);5;Instituto Prev. Serv. Pub. Mun. Uberlândia;Contrib do Servidor Ativo Civil - IPREMU;INST. DE PREV. DOS SERVID. PÚB. DO MUN. DE UBERLÂN;18;0.00;10661.17
05;1215011106;2022;105;Taxa de Administração do RPPS;5;Instituto Prev. Serv. Pub. Mun. Uberlândia;Contrib do Servidor Ativo Civil - IPREMU;INST. DE PREV. DOS SERVID. PÚB. DO MUN. DE UBERLÂN;18;14154.51;338.83
05;1215011106;2022;103;Contribuição para o Regime Próprio de Previdência Social (RPPS): Patronal, dos Servidores, Compensação Financeira/ Recursos Vinculados ao RPPS - Fundo em Capitalização (Plano Previdenciário);6;Instituto Prev. Serv. Pub. Mun. Uberlândia;Contrib do Servidor Ativo Civil - IPREMU;INST. DE PREV. DOS SERVID. PÚB. DO MUN. DE UBERLÂN;18;0.00;10661.17
05;1215011106;2022;105;Taxa de Administração do RPPS;6;Instituto Prev. Serv. Pub. Mun. Uberlândia;Contrib do Servidor Ativo Civil - IPREMU;INST. DE PREV. DOS SERVID. PÚB. DO MUN. DE UBERLÂN;18;13570.66;338.83
05;1215011106;2022;103;Contribuição para o Regime Próprio de Previdência Social (RPPS): Patronal, dos Servidores, Compensação Financeira/ Recursos Vinculados ao RPPS - Fundo em Capitalização (Plano Previdenciário);7;Instituto Prev. Serv. Pub. Mun. Uberlândia;Contrib do Servidor Ativo Civil - IPREMU;INST. DE PREV. DOS SERVID. PÚB. DO MUN. DE UBERLÂN;18;0.00;10661.17
05;1215011106;2022;105;Taxa de Administração do RPPS;7;Instituto Prev. Serv. Pub. Mun. Uberlândia;Contrib do Servidor Ativo Civil - IPREMU;INST. DE PREV. DOS SERVID. PÚB. DO MUN. DE UBERLÂN;18;15438.79;338.83
05;1215011106;2022;103;Contribuição para o Regime Próprio de Previdência Social (RPPS): Patronal, dos Servidores, Compensação Financeira/ Recursos Vinculados ao RPPS - Fundo em Capitalização (Plano Previdenciário);8;Instituto Prev. Serv. Pub. Mun. Uberlândia;Contrib do Servidor Ativo Civil - IPREMU;INST. DE PREV. DOS SERVID. PÚB. DO MUN. DE UBERLÂN;18;0.00;10661.17
05;1215011106;2022;105;Taxa de Administração do RPPS;8;Instituto Prev. Serv. Pub. Mun. Uberlândia;Contrib do Servidor Ativo Civil - IPREMU;INST. DE PREV. DOS SERVID. PÚB. DO MUN. DE UBERLÂN;18;15580.37;338.83
05;1215011106;2022;103;Contribuição para o Regime Próprio de Previdência Social (RPPS): Patronal, dos Servidores, Compensação Financeira/ Recursos Vinculados ao RPPS - Fundo em Capitalização (Plano Previdenciário);9;Instituto Prev. Serv. Pub. Mun. Uberlândia;Contrib do Servidor Ativo Civil - IPREMU;INST. DE PREV. DOS SERVID. PÚB. DO MUN. DE UBERLÂN;18;0.00;10661.17
05;1215011106;2022;105;Taxa de Administração do RPPS;9;Instituto Prev. Serv. Pub. Mun. Uberlândia;Contrib do Servidor Ativo Civil - IPREMU;INST. DE PREV. DOS SERVID. PÚB. DO MUN. DE UBERLÂN;18;15728.45;338.83
05;1215011106;2022;103;Contribuição para o Regime Próprio de Previdência Social (RPPS): Patronal, dos Servidores, Compensação Financeira/ Recursos Vinculados ao RPPS - Fundo em Capitalização (Plano Previdenciário);10;Instituto Prev. Serv. Pub. Mun. Uberlândia;Contrib do Servidor Ativo Civil - IPREMU;INST. DE PREV. DOS SERVID. PÚB. DO MUN. DE UBERLÂN;18;0.00;10661.17
05;1215011106;2022;105;Taxa de Administração do RPPS;10;Instituto Prev. Serv. Pub. Mun. Uberlândia;Contrib do Servidor Ativo Civil - IPREMU;INST. DE PREV. DOS SERVID. PÚB. DO MUN. DE UBERLÂN;18;15652.44;338.83
05;1215011106;2022;103;Contribuição para o Regime Próprio de Previdência Social (RPPS): Patronal, dos Servidores, Compensação Financeira/ Recursos Vinculados ao RPPS - Fundo em Capitalização (Plano Previdenciário);11;Instituto Prev. Serv. Pub. Mun. Uberlândia;Contrib do Servidor Ativo Civil - IPREMU;INST. DE PREV. DOS SERVID. PÚB. DO MUN. DE UBERLÂN;18;0.00;10661.17
05;1215011106;2022;105;Taxa de Administração do RPPS;11;Instituto Prev. Serv. Pub. Mun. Uberlândia;Contrib do Servidor Ativo Civil - IPREMU;INST. DE PREV. DOS SERVID. PÚB. DO MUN. DE UBERLÂN;18;15652.44;338.83
05;1215011106;2022;103;Contribuição para o Regime Próprio de Previdência Social (RPPS): Patronal, dos Servidores, Compensação Financeira/ Recursos Vinculados ao RPPS - Fundo em Capitalização (Plano Previdenciário);12;Instituto Prev. Serv. Pub. Mun. Uberlândia;Contrib do Servidor Ativo Civil - IPREMU;INST. DE PREV. DOS SERVID. PÚB. DO MUN. DE UBERLÂN;18;486.89;10661.13
05;1215011106;2022;105;Taxa de Administração do RPPS;12;Instituto Prev. Serv. Pub. Mun. Uberlândia;Contrib do Servidor Ativo Civil - IPREMU;INST. DE PREV. DOS SERVID. PÚB. DO MUN. DE UBERLÂN;18;46258.87;338.87
05;1215011107;2022;103;Contribuição para o Regime Próprio de Previdência Social (RPPS): Patronal, dos Servidores, Compensação Financeira/ Recursos Vinculados ao RPPS - Fundo em Capitalização (Plano Previdenciário);1;Instituto Prev. Serv. Pub. Mun. Uberlândia;Contrib do Servidor Ativo Civil - FERUB;INST. DE PREV. DOS SERVID. PÚB. DO MUN. DE UBERLÂN;18;0.00;1750.00
05;1215011107;2022;103;Contribuição para o Regime Próprio de Previdência Social (RPPS): Patronal, dos Servidores, Compensação Financeira/ Recursos Vinculados ao RPPS - Fundo em Capitalização (Plano Previdenciário);2;Instituto Prev. Serv. Pub. Mun. Uberlândia;Contrib do Servidor Ativo Civil - FERUB;INST. DE PREV. DOS SERVID. PÚB. DO MUN. DE UBERLÂN;18;1993.45;1750.00
05;1215011107;2022;103;Contribuição para o Regime Próprio de Previdência Social (RPPS): Patronal, dos Servidores, Compensação Financeira/ Recursos Vinculados ao RPPS - Fundo em Capitalização (Plano Previdenciário);3;Instituto Prev. Serv. Pub. Mun. Uberlândia;Contrib do Servidor Ativo Civil - FERUB;INST. DE PREV. DOS SERVID. PÚB. DO MUN. DE UBERLÂN;18;1993.45;1750.00
05;1215011107;2022;103;Contribuição para o Regime Próprio de Previdência Social (RPPS): Patronal, dos Servidores, Compensação Financeira/ Recursos Vinculados ao RPPS - Fundo em Capitalização (Plano Previdenciário);4;Instituto Prev. Serv. Pub. Mun. Uberlândia;Contrib do Servidor Ativo Civil - FERUB;INST. DE PREV. DOS SERVID. PÚB. DO MUN. DE UBERLÂN;18;2221.95;1750.00
05;1215011107;2022;103;Contribuição para o Regime Próprio de Previdência Social (RPPS): Patronal, dos Servidores, Compensação Financeira/ Recursos Vinculados ao RPPS - Fundo em Capitalização (Plano Previdenciário);5;Instituto Prev. Serv. Pub. Mun. Uberlândia;Contrib do Servidor Ativo Civil - FERUB;INST. DE PREV. DOS SERVID. PÚB. DO MUN. DE UBERLÂN;18;2221.95;1750.00
05;1215011107;2022;103;Contribuição para o Regime Próprio de Previdência Social (RPPS): Patronal, dos Servidores, Compensação Financeira/ Recursos Vinculados ao RPPS - Fundo em Capitalização (Plano Previdenciário);6;Instituto Prev. Serv. Pub. Mun. Uberlândia;Contrib do Servidor Ativo Civil - FERUB;INST. DE PREV. DOS SERVID. PÚB. DO MUN. DE UBERLÂN;18;2221.95;1750.00
05;1215011107;2022;103;Contribuição para o Regime Próprio de Previdência Social (RPPS): Patronal, dos Servidores, Compensação Financeira/ Recursos Vinculados ao RPPS - Fundo em Capitalização (Plano Previdenciário);7;Instituto Prev. Serv. Pub. Mun. Uberlândia;Contrib do Servidor Ativo Civil - FERUB;INST. DE PREV. DOS SERVID. PÚB. DO MUN. DE UBERLÂN;18;2221.95;1750.00
05;1215011107;2022;103;Contribuição para o Regime Próprio de Previdência Social (RPPS): Patronal, dos Servidores, Compensação Financeira/ Recursos Vinculados ao RPPS - Fundo em Capitalização (Plano Previdenciário);8;Instituto Prev. Serv. Pub. Mun. Uberlândia;Contrib do Servidor Ativo Civil - FERUB;INST. DE PREV. DOS SERVID. PÚB. DO MUN. DE UBERLÂN;18;2221.95;1750.00
05;1215011107;2022;103;Contribuição para o Regime Próprio de Previdência Social (RPPS): Patronal, dos Servidores, Compensação Financeira/ Recursos Vinculados ao RPPS - Fundo em Capitalização (Plano Previdenciário);9;Instituto Prev. Serv. Pub. Mun. Uberlândia;Contrib do Servidor Ativo Civil - FERUB;INST. DE PREV. DOS SERVID. PÚB. DO MUN. DE UBERLÂN;18;2221.95;1750.00
05;1215011107;2022;103;Contribuição para o Regime Próprio de Previdência Social (RPPS): Patronal, dos Servidores, Compensação Financeira/ Recursos Vinculados ao RPPS - Fundo em Capitalização (Plano Previdenciário);10;Instituto Prev. Serv. Pub. Mun. Uberlândia;Contrib do Servidor Ativo Civil - FERUB;INST. DE PREV. DOS SERVID. PÚB. DO MUN. DE UBERLÂN;18;2221.97;1750.00
05;1215011107;2022;103;Contribuição para o Regime Próprio de Previdência Social (RPPS): Patronal, dos Servidores, Compensação Financeira/ Recursos Vinculados ao RPPS - Fundo em Capitalização (Plano Previdenciário);11;Instituto Prev. Serv. Pub. Mun. Uberlândia;Contrib do Servidor Ativo Civil - FERUB;INST. DE PREV. DOS SERVID. PÚB. DO MUN. DE UBERLÂN;18;2221.97;1750.00
05;1215011107;2022;103;Contribuição para o Regime Próprio de Previdência Social (RPPS): Patronal, dos Servidores, Compensação Financeira/ Recursos Vinculados ao RPPS - Fundo em Capitalização (Plano Previdenciário);12;Instituto Prev. Serv. Pub. Mun. Uberlândia;Contrib do Servidor Ativo Civil - FERUB;INST. DE PREV. DOS SERVID. PÚB. DO MUN. DE UBERLÂN;18;2271.05;1750.00
05;1215011108;2022;103;Contribuição para o Regime Próprio de Previdência Social (RPPS): Patronal, dos Servidores, Compensação Financeira/ Recursos Vinculados ao RPPS - Fundo em Capitalização (Plano Previdenciário);1;Instituto Prev. Serv. Pub. Mun. Uberlândia;Contrib do Servidor Ativo Civil - EMAM;INST. DE PREV. DOS SERVID. PÚB. DO MUN. DE UBERLÂN;18;0.00;416.67
05;1215011108;2022;103;Contribuição para o Regime Próprio de Previdência Social (RPPS): Patronal, dos Servidores, Compensação Financeira/ Recursos Vinculados ao RPPS - Fundo em Capitalização (Plano Previdenciário);2;Instituto Prev. Serv. Pub. Mun. Uberlândia;Contrib do Servidor Ativo Civil - EMAM;INST. DE PREV. DOS SERVID. PÚB. DO MUN. DE UBERLÂN;18;405.36;416.67
05;1215011108;2022;103;Contribuição para o Regime Próprio de Previdência Social (RPPS): Patronal, dos Servidores, Compensação Financeira/ Recursos Vinculados ao RPPS - Fundo em Capitalização (Plano Previdenciário);3;Instituto Prev. Serv. Pub. Mun. Uberlândia;Contrib do Servidor Ativo Civil - EMAM;INST. DE PREV. DOS SERVID. PÚB. DO MUN. DE UBERLÂN;18;405.36;416.67
05;1215011108;2022;103;Contribuição para o Regime Próprio de Previdência Social (RPPS): Patronal, dos Servidores, Compensação Financeira/ Recursos Vinculados ao RPPS - Fundo em Capitalização (Plano Previdenciário);4;Instituto Prev. Serv. Pub. Mun. Uberlândia;Contrib do Servidor Ativo Civil - EMAM;INST. DE PREV. DOS SERVID. PÚB. DO MUN. DE UBERLÂN;18;456.68;416.67
05;1215011108;2022;103;Contribuição para o Regime Próprio de Previdência Social (RPPS): Patronal, dos Servidores, Compensação Financeira/ Recursos Vinculados ao RPPS - Fundo em Capitalização (Plano Previdenciário);5;Instituto Prev. Serv. Pub. Mun. Uberlândia;Contrib do Servidor Ativo Civil - EMAM;INST. DE PREV. DOS SERVID. PÚB. DO MUN. DE UBERLÂN;18;456.68;416.67
05;1215011108;2022;103;Contribuição para o Regime Próprio de Previdência Social (RPPS): Patronal, dos Servidores, Compensação Financeira/ Recursos Vinculados ao RPPS - Fundo em Capitalização (Plano Previdenciário);6;Instituto Prev. Serv. Pub. Mun. Uberlândia;Contrib do Servidor Ativo Civil - EMAM;INST. DE PREV. DOS SERVID. PÚB. DO MUN. DE UBERLÂN;18;456.68;416.67
05;1215011108;2022;103;Contribuição para o Regime Próprio de Previdência Social (RPPS): Patronal, dos Servidores, Compensação Financeira/ Recursos Vinculados ao RPPS - Fundo em Capitalização (Plano Previdenciário);7;Instituto Prev. Serv. Pub. Mun. Uberlândia;Contrib do Servidor Ativo Civil - EMAM;INST. DE PREV. DOS SERVID. PÚB. DO MUN. DE UBERLÂN;18;456.68;416.67
05;1215011108;2022;103;Contribuição para o Regime Próprio de Previdência Social (RPPS): Patronal, dos Servidores, Compensação Financeira/ Recursos Vinculados ao RPPS - Fundo em Capitalização (Plano Previdenciário);8;Instituto Prev. Serv. Pub. Mun. Uberlândia;Contrib do Servidor Ativo Civil - EMAM;INST. DE PREV. DOS SERVID. PÚB. DO MUN. DE UBERLÂN;18;456.68;416.67
05;1215011108;2022;103;Contribuição para o Regime Próprio de Previdência Social (RPPS): Patronal, dos Servidores, Compensação Financeira/ Recursos Vinculados ao RPPS - Fundo em Capitalização (Plano Previdenciário);9;Instituto Prev. Serv. Pub. Mun. Uberlândia;Contrib do Servidor Ativo Civil - EMAM;INST. DE PREV. DOS SERVID. PÚB. DO MUN. DE UBERLÂN;18;456.68;416.67
05;1215011108;2022;103;Contribuição para o Regime Próprio de Previdência Social (RPPS): Patronal, dos Servidores, Compensação Financeira/ Recursos Vinculados ao RPPS - Fundo em Capitalização (Plano Previdenciário);10;Instituto Prev. Serv. Pub. Mun. Uberlândia;Contrib do Servidor Ativo Civil - EMAM;INST. DE PREV. DOS SERVID. PÚB. DO MUN. DE UBERLÂN;18;456.68;416.67
05;1215011108;2022;103;Contribuição para o Regime Próprio de Previdência Social (RPPS): Patronal, dos Servidores, Compensação Financeira/ Recursos Vinculados ao RPPS - Fundo em Capitalização (Plano Previdenciário);11;Instituto Prev. Serv. Pub. Mun. Uberlândia;Contrib do Servidor Ativo Civil - EMAM;INST. DE PREV. DOS SERVID. PÚB. DO MUN. DE UBERLÂN;18;456.68;416.67
05;1215011108;2022;103;Contribuição para o Regime Próprio de Previdência Social (RPPS): Patronal, dos Servidores, Compensação Financeira/ Recursos Vinculados ao RPPS - Fundo em Capitalização (Plano Previdenciário);12;Instituto Prev. Serv. Pub. Mun. Uberlândia;Contrib do Servidor Ativo Civil - EMAM;INST. DE PREV. DOS SERVID. PÚB. DO MUN. DE UBERLÂN;18;456.68;416.63
05;1215012101;2022;103;Contribuição para o Regime Próprio de Previdência Social (RPPS): Patronal, dos Servidores, Compensação Financeira/ Recursos Vinculados ao RPPS - Fundo em Capitalização (Plano Previdenciário);1;Instituto Prev. Serv. Pub. Mun. Uberlândia;Contrib do Servidores Inativos Civis para o RPPS;INST. DE PREV. DOS SERVID. PÚB. DO MUN. DE UBERLÂN;18;114866.98;189166.67
05;1215012101;2022;103;Contribuição para o Regime Próprio de Previdência Social (RPPS): Patronal, dos Servidores, Compensação Financeira/ Recursos Vinculados ao RPPS - Fundo em Capitalização (Plano Previdenciário);2;Instituto Prev. Serv. Pub. Mun. Uberlândia;Contrib do Servidores Inativos Civis para o RPPS;INST. DE PREV. DOS SERVID. PÚB. DO MUN. DE UBERLÂN;18;0.00;189166.67
05;1215012101;2022;103;Contribuição para o Regime Próprio de Previdência Social (RPPS): Patronal, dos Servidores, Compensação Financeira/ Recursos Vinculados ao RPPS - Fundo em Capitalização (Plano Previdenciário);3;Instituto Prev. Serv. Pub. Mun. Uberlândia;Contrib do Servidores Inativos Civis para o RPPS;INST. DE PREV. DOS SERVID. PÚB. DO MUN. DE UBERLÂN;18;116014.26;189166.67
05;1215012101;2022;103;Contribuição para o Regime Próprio de Previdência Social (RPPS): Patronal, dos Servidores, Compensação Financeira/ Recursos Vinculados ao RPPS - Fundo em Capitalização (Plano Previdenciário);4;Instituto Prev. Serv. Pub. Mun. Uberlândia;Contrib do Servidores Inativos Civis para o RPPS;INST. DE PREV. DOS SERVID. PÚB. DO MUN. DE UBERLÂN;18;168016.42;189166.67
05;1215012101;2022;103;Contribuição para o Regime Próprio de Previdência Social (RPPS): Patronal, dos Servidores, Compensação Financeira/ Recursos Vinculados ao RPPS - Fundo em Capitalização (Plano Previdenciário);5;Instituto Prev. Serv. Pub. Mun. Uberlândia;Contrib do Servidores Inativos Civis para o RPPS;INST. DE PREV. DOS SERVID. PÚB. DO MUN. DE UBERLÂN;18;168149.00;189166.67
05;1215012101;2022;103;Contribuição para o Regime Próprio de Previdência Social (RPPS): Patronal, dos Servidores, Compensação Financeira/ Recursos Vinculados ao RPPS - Fundo em Capitalização (Plano Previdenciário);6;Instituto Prev. Serv. Pub. Mun. Uberlândia;Contrib do Servidores Inativos Civis para o RPPS;INST. DE PREV. DOS SERVID. PÚB. DO MUN. DE UBERLÂN;18;168948.06;189166.67
05;1215012101;2022;103;Contribuição para o Regime Próprio de Previdência Social (RPPS): Patronal, dos Servidores, Compensação Financeira/ Recursos Vinculados ao RPPS - Fundo em Capitalização (Plano Previdenciário);7;Instituto Prev. Serv. Pub. Mun. Uberlândia;Contrib do Servidores Inativos Civis para o RPPS;INST. DE PREV. DOS SERVID. PÚB. DO MUN. DE UBERLÂN;18;172784.39;189166.67
05;1215012101;2022;103;Contribuição para o Regime Próprio de Previdência Social (RPPS): Patronal, dos Servidores, Compensação Financeira/ Recursos Vinculados ao RPPS - Fundo em Capitalização (Plano Previdenciário);8;Instituto Prev. Serv. Pub. Mun. Uberlândia;Contrib do Servidores Inativos Civis para o RPPS;INST. DE PREV. DOS SERVID. PÚB. DO MUN. DE UBERLÂN;18;174365.65;189166.67
05;1215012101;2022;103;Contribuição para o Regime Próprio de Previdência Social (RPPS): Patronal, dos Servidores, Compensação Financeira/ Recursos Vinculados ao RPPS - Fundo em Capitalização (Plano Previdenciário);9;Instituto Prev. Serv. Pub. Mun. Uberlândia;Contrib do Servidores Inativos Civis para o RPPS;INST. DE PREV. DOS SERVID. PÚB. DO MUN. DE UBERLÂN;18;176525.35;189166.67
05;1215012101;2022;103;Contribuição para o Regime Próprio de Previdência Social (RPPS): Patronal, dos Servidores, Compensação Financeira/ Recursos Vinculados ao RPPS - Fundo em Capitalização (Plano Previdenciário);10;Instituto Prev. Serv. Pub. Mun. Uberlândia;Contrib do Servidores Inativos Civis para o RPPS;INST. DE PREV. DOS SERVID. PÚB. DO MUN. DE UBERLÂN;18;178691.68;189166.67
05;1215012101;2022;103;Contribuição para o Regime Próprio de Previdência Social (RPPS): Patronal, dos Servidores, Compensação Financeira/ Recursos Vinculados ao RPPS - Fundo em Capitalização (Plano Previdenciário);11;Instituto Prev. Serv. Pub. Mun. Uberlândia;Contrib do Servidores Inativos Civis para o RPPS;INST. DE PREV. DOS SERVID. PÚB. DO MUN. DE UBERLÂN;18;180020.73;189166.67
05;1215012101;2022;103;Contribuição para o Regime Próprio de Previdência Social (RPPS): Patronal, dos Servidores, Compensação Financeira/ Recursos Vinculados ao RPPS - Fundo em Capitalização (Plano Previdenciário);12;Instituto Prev. Serv. Pub. Mun. Uberlândia;Contrib do Servidores Inativos Civis para o RPPS;INST. DE PREV. DOS SERVID. PÚB. DO MUN. DE UBERLÂN;18;531946.43;189166.63
05;1215013101;2022;103;Contribuição para o Regime Próprio de Previdência Social (RPPS): Patronal, dos Servidores, Compensação Financeira/ Recursos Vinculados ao RPPS - Fundo em Capitalização (Plano Previdenciário);1;Instituto Prev. Serv. Pub. Mun. Uberlândia;Contrib dos Pensionistas Civis para o RPPS;INST. DE PREV. DOS SERVID. PÚB. DO MUN. DE UBERLÂN;18;6325.22;7000.00
05;1215013101;2022;103;Contribuição para o Regime Próprio de Previdência Social (RPPS): Patronal, dos Servidores, Compensação Financeira/ Recursos Vinculados ao RPPS - Fundo em Capitalização (Plano Previdenciário);2;Instituto Prev. Serv. Pub. Mun. Uberlândia;Contrib dos Pensionistas Civis para o RPPS;INST. DE PREV. DOS SERVID. PÚB. DO MUN. DE UBERLÂN;18;0.00;7000.00
05;1215013101;2022;103;Contribuição para o Regime Próprio de Previdência Social (RPPS): Patronal, dos Servidores, Compensação Financeira/ Recursos Vinculados ao RPPS - Fundo em Capitalização (Plano Previdenciário);3;Instituto Prev. Serv. Pub. Mun. Uberlândia;Contrib dos Pensionistas Civis para o RPPS;INST. DE PREV. DOS SERVID. PÚB. DO MUN. DE UBERLÂN;18;6325.22;7000.00
05;1215013101;2022;103;Contribuição para o Regime Próprio de Previdência Social (RPPS): Patronal, dos Servidores, Compensação Financeira/ Recursos Vinculados ao RPPS - Fundo em Capitalização (Plano Previdenciário);4;Instituto Prev. Serv. Pub. Mun. Uberlândia;Contrib dos Pensionistas Civis para o RPPS;INST. DE PREV. DOS SERVID. PÚB. DO MUN. DE UBERLÂN;18;7339.69;7000.00
05;1215013101;2022;103;Contribuição para o Regime Próprio de Previdência Social (RPPS): Patronal, dos Servidores, Compensação Financeira/ Recursos Vinculados ao RPPS - Fundo em Capitalização (Plano Previdenciário);5;Instituto Prev. Serv. Pub. Mun. Uberlândia;Contrib dos Pensionistas Civis para o RPPS;INST. DE PREV. DOS SERVID. PÚB. DO MUN. DE UBERLÂN;18;7614.69;7000.00
05;1215013101;2022;103;Contribuição para o Regime Próprio de Previdência Social (RPPS): Patronal, dos Servidores, Compensação Financeira/ Recursos Vinculados ao RPPS - Fundo em Capitalização (Plano Previdenciário);6;Instituto Prev. Serv. Pub. Mun. Uberlândia;Contrib dos Pensionistas Civis para o RPPS;INST. DE PREV. DOS SERVID. PÚB. DO MUN. DE UBERLÂN;18;0.00;7000.00
05;1215013101;2022;103;Contribuição para o Regime Próprio de Previdência Social (RPPS): Patronal, dos Servidores, Compensação Financeira/ Recursos Vinculados ao RPPS - Fundo em Capitalização (Plano Previdenciário);7;Instituto Prev. Serv. Pub. Mun. Uberlândia;Contrib dos Pensionistas Civis para o RPPS;INST. DE PREV. DOS SERVID. PÚB. DO MUN. DE UBERLÂN;18;7893.01;7000.00
05;1215013101;2022;103;Contribuição para o Regime Próprio de Previdência Social (RPPS): Patronal, dos Servidores, Compensação Financeira/ Recursos Vinculados ao RPPS - Fundo em Capitalização (Plano Previdenciário);8;Instituto Prev. Serv. Pub. Mun. Uberlândia;Contrib dos Pensionistas Civis para o RPPS;INST. DE PREV. DOS SERVID. PÚB. DO MUN. DE UBERLÂN;18;7893.01;7000.00
05;1215013101;2022;103;Contribuição para o Regime Próprio de Previdência Social (RPPS): Patronal, dos Servidores, Compensação Financeira/ Recursos Vinculados ao RPPS - Fundo em Capitalização (Plano Previdenciário);9;Instituto Prev. Serv. Pub. Mun. Uberlândia;Contrib dos Pensionistas Civis para o RPPS;INST. DE PREV. DOS SERVID. PÚB. DO MUN. DE UBERLÂN;18;8203.33;7000.00
05;1215013101;2022;103;Contribuição para o Regime Próprio de Previdência Social (RPPS): Patronal, dos Servidores, Compensação Financeira/ Recursos Vinculados ao RPPS - Fundo em Capitalização (Plano Previdenciário);10;Instituto Prev. Serv. Pub. Mun. Uberlândia;Contrib dos Pensionistas Civis para o RPPS;INST. DE PREV. DOS SERVID. PÚB. DO MUN. DE UBERLÂN;18;8065.55;7000.00
05;1215013101;2022;103;Contribuição para o Regime Próprio de Previdência Social (RPPS): Patronal, dos Servidores, Compensação Financeira/ Recursos Vinculados ao RPPS - Fundo em Capitalização (Plano Previdenciário);11;Instituto Prev. Serv. Pub. Mun. Uberlândia;Contrib dos Pensionistas Civis para o RPPS;INST. DE PREV. DOS SERVID. PÚB. DO MUN. DE UBERLÂN;18;7950.52;7000.00
05;1215013101;2022;103;Contribuição para o Regime Próprio de Previdência Social (RPPS): Patronal, dos Servidores, Compensação Financeira/ Recursos Vinculados ao RPPS - Fundo em Capitalização (Plano Previdenciário);12;Instituto Prev. Serv. Pub. Mun. Uberlândia;Contrib dos Pensionistas Civis para o RPPS;INST. DE PREV. DOS SERVID. PÚB. DO MUN. DE UBERLÂN;18;23695.16;7000.00
05;1215014101;2022;103;Contribuição para o Regime Próprio de Previdência Social (RPPS): Patronal, dos Servidores, Compensação Financeira/ Recursos Vinculados ao RPPS - Fundo em Capitalização (Plano Previdenciário);1;Instituto Prev. Serv. Pub. Mun. Uberlândia;Contrib Servidor Ativo Civil Oriunda de Sent Jud;INST. DE PREV. DOS SERVID. PÚB. DO MUN. DE UBERLÂN;18;0.00;8333.33
05;1215014101;2022;103;Contribuição para o Regime Próprio de Previdência Social (RPPS): Patronal, dos Servidores, Compensação Financeira/ Recursos Vinculados ao RPPS - Fundo em Capitalização (Plano Previdenciário);2;Instituto Prev. Serv. Pub. Mun. Uberlândia;Contrib Servidor Ativo Civil Oriunda de Sent Jud;INST. DE PREV. DOS SERVID. PÚB. DO MUN. DE UBERLÂN;18;0.00;8333.33
05;1215014101;2022;103;Contribuição para o Regime Próprio de Previdência Social (RPPS): Patronal, dos Servidores, Compensação Financeira/ Recursos Vinculados ao RPPS - Fundo em Capitalização (Plano Previdenciário);3;Instituto Prev. Serv. Pub. Mun. Uberlândia;Contrib Servidor Ativo Civil Oriunda de Sent Jud;INST. DE PREV. DOS SERVID. PÚB. DO MUN. DE UBERLÂN;18;0.00;8333.33
05;1215014101;2022;103;Contribuição para o Regime Próprio de Previdência Social (RPPS): Patronal, dos Servidores, Compensação Financeira/ Recursos Vinculados ao RPPS - Fundo em Capitalização (Plano Previdenciário);4;Instituto Prev. Serv. Pub. Mun. Uberlândia;Contrib Servidor Ativo Civil Oriunda de Sent Jud;INST. DE PREV. DOS SERVID. PÚB. DO MUN. DE UBERLÂN;18;0.00;8333.33
05;1215014101;2022;103;Contribuição para o Regime Próprio de Previdência Social (RPPS): Patronal, dos Servidores, Compensação Financeira/ Recursos Vinculados ao RPPS - Fundo em Capitalização (Plano Previdenciário);5;Instituto Prev. Serv. Pub. Mun. Uberlândia;Contrib Servidor Ativo Civil Oriunda de Sent Jud;INST. DE PREV. DOS SERVID. PÚB. DO MUN. DE UBERLÂN;18;0.00;8333.33
05;1215014101;2022;103;Contribuição para o Regime Próprio de Previdência Social (RPPS): Patronal, dos Servidores, Compensação Financeira/ Recursos Vinculados ao RPPS - Fundo em Capitalização (Plano Previdenciário);6;Instituto Prev. Serv. Pub. Mun. Uberlândia;Contrib Servidor Ativo Civil Oriunda de Sent Jud;INST. DE PREV. DOS SERVID. PÚB. DO MUN. DE UBERLÂN;18;0.00;8333.33
05;1215014101;2022;103;Contribuição para o Regime Próprio de Previdência Social (RPPS): Patronal, dos Servidores, Compensação Financeira/ Recursos Vinculados ao RPPS - Fundo em Capitalização (Plano Previdenciário);7;Instituto Prev. Serv. Pub. Mun. Uberlândia;Contrib Servidor Ativo Civil Oriunda de Sent Jud;INST. DE PREV. DOS SERVID. PÚB. DO MUN. DE UBERLÂN;18;0.00;8333.33
05;1215014101;2022;103;Contribuição para o Regime Próprio de Previdência Social (RPPS): Patronal, dos Servidores, Compensação Financeira/ Recursos Vinculados ao RPPS - Fundo em Capitalização (Plano Previdenciário);8;Instituto Prev. Serv. Pub. Mun. Uberlândia;Contrib Servidor Ativo Civil Oriunda de Sent Jud;INST. DE PREV. DOS SERVID. PÚB. DO MUN. DE UBERLÂN;18;0.00;8333.33
05;1215014101;2022;103;Contribuição para o Regime Próprio de Previdência Social (RPPS): Patronal, dos Servidores, Compensação Financeira/ Recursos Vinculados ao RPPS - Fundo em Capitalização (Plano Previdenciário);9;Instituto Prev. Serv. Pub. Mun. Uberlândia;Contrib Servidor Ativo Civil Oriunda de Sent Jud;INST. DE PREV. DOS SERVID. PÚB. DO MUN. DE UBERLÂN;18;0.00;8333.33
05;1215014101;2022;103;Contribuição para o Regime Próprio de Previdência Social (RPPS): Patronal, dos Servidores, Compensação Financeira/ Recursos Vinculados ao RPPS - Fundo em Capitalização (Plano Previdenciário);10;Instituto Prev. Serv. Pub. Mun. Uberlândia;Contrib Servidor Ativo Civil Oriunda de Sent Jud;INST. DE PREV. DOS SERVID. PÚB. DO MUN. DE UBERLÂN;18;0.00;8333.33
05;1215014101;2022;103;Contribuição para o Regime Próprio de Previdência Social (RPPS): Patronal, dos Servidores, Compensação Financeira/ Recursos Vinculados ao RPPS - Fundo em Capitalização (Plano Previdenciário);11;Instituto Prev. Serv. Pub. Mun. Uberlândia;Contrib Servidor Ativo Civil Oriunda de Sent Jud;INST. DE PREV. DOS SERVID. PÚB. DO MUN. DE UBERLÂN;18;4445.97;8333.33
05;1215014101;2022;103;Contribuição para o Regime Próprio de Previdência Social (RPPS): Patronal, dos Servidores, Compensação Financeira/ Recursos Vinculados ao RPPS - Fundo em Capitalização (Plano Previdenciário);12;Instituto Prev. Serv. Pub. Mun. Uberlândia;Contrib Servidor Ativo Civil Oriunda de Sent Jud;INST. DE PREV. DOS SERVID. PÚB. DO MUN. DE UBERLÂN;18;0.00;8333.37
05;1215021101;2022;103;Contribuição para o Regime Próprio de Previdência Social (RPPS): Patronal, dos Servidores, Compensação Financeira/ Recursos Vinculados ao RPPS - Fundo em Capitalização (Plano Previdenciário);1;Instituto Prev. Serv. Pub. Mun. Uberlândia;Contrib Patronal de Servidor Ativo Civil - Cedidos;INST. DE PREV. DOS SERVID. PÚB. DO MUN. DE UBERLÂN;18;8013.44;6833.33
05;1215021101;2022;103;Contribuição para o Regime Próprio de Previdência Social (RPPS): Patronal, dos Servidores, Compensação Financeira/ Recursos Vinculados ao RPPS - Fundo em Capitalização (Plano Previdenciário);2;Instituto Prev. Serv. Pub. Mun. Uberlândia;Contrib Patronal de Servidor Ativo Civil - Cedidos;INST. DE PREV. DOS SERVID. PÚB. DO MUN. DE UBERLÂN;18;8134.16;6833.33
05;1215021101;2022;103;Contribuição para o Regime Próprio de Previdência Social (RPPS): Patronal, dos Servidores, Compensação Financeira/ Recursos Vinculados ao RPPS - Fundo em Capitalização (Plano Previdenciário);3;Instituto Prev. Serv. Pub. Mun. Uberlândia;Contrib Patronal de Servidor Ativo Civil - Cedidos;INST. DE PREV. DOS SERVID. PÚB. DO MUN. DE UBERLÂN;18;9601.83;6833.33
05;1215021101;2022;103;Contribuição para o Regime Próprio de Previdência Social (RPPS): Patronal, dos Servidores, Compensação Financeira/ Recursos Vinculados ao RPPS - Fundo em Capitalização (Plano Previdenciário);4;Instituto Prev. Serv. Pub. Mun. Uberlândia;Contrib Patronal de Servidor Ativo Civil - Cedidos;INST. DE PREV. DOS SERVID. PÚB. DO MUN. DE UBERLÂN;18;1762.87;6833.33
05;1215021101;2022;103;Contribuição para o Regime Próprio de Previdência Social (RPPS): Patronal, dos Servidores, Compensação Financeira/ Recursos Vinculados ao RPPS - Fundo em Capitalização (Plano Previdenciário);5;Instituto Prev. Serv. Pub. Mun. Uberlândia;Contrib Patronal de Servidor Ativo Civil - Cedidos;INST. DE PREV. DOS SERVID. PÚB. DO MUN. DE UBERLÂN;18;1939.18;6833.33
05;1215021101;2022;103;Contribuição para o Regime Próprio de Previdência Social (RPPS): Patronal, dos Servidores, Compensação Financeira/ Recursos Vinculados ao RPPS - Fundo em Capitalização (Plano Previdenciário);6;Instituto Prev. Serv. Pub. Mun. Uberlândia;Contrib Patronal de Servidor Ativo Civil - Cedidos;INST. DE PREV. DOS SERVID. PÚB. DO MUN. DE UBERLÂN;18;2117.45;6833.33
05;1215021101;2022;103;Contribuição para o Regime Próprio de Previdência Social (RPPS): Patronal, dos Servidores, Compensação Financeira/ Recursos Vinculados ao RPPS - Fundo em Capitalização (Plano Previdenciário);7;Instituto Prev. Serv. Pub. Mun. Uberlândia;Contrib Patronal de Servidor Ativo Civil - Cedidos;INST. DE PREV. DOS SERVID. PÚB. DO MUN. DE UBERLÂN;18;1939.15;6833.33
05;1215021101;2022;103;Contribuição para o Regime Próprio de Previdência Social (RPPS): Patronal, dos Servidores, Compensação Financeira/ Recursos Vinculados ao RPPS - Fundo em Capitalização (Plano Previdenciário);8;Instituto Prev. Serv. Pub. Mun. Uberlândia;Contrib Patronal de Servidor Ativo Civil - Cedidos;INST. DE PREV. DOS SERVID. PÚB. DO MUN. DE UBERLÂN;18;1939.15;6833.33
05;1215021101;2022;103;Contribuição para o Regime Próprio de Previdência Social (RPPS): Patronal, dos Servidores, Compensação Financeira/ Recursos Vinculados ao RPPS - Fundo em Capitalização (Plano Previdenciário);9;Instituto Prev. Serv. Pub. Mun. Uberlândia;Contrib Patronal de Servidor Ativo Civil - Cedidos;INST. DE PREV. DOS SERVID. PÚB. DO MUN. DE UBERLÂN;18;1939.15;6833.33
05;1215021101;2022;103;Contribuição para o Regime Próprio de Previdência Social (RPPS): Patronal, dos Servidores, Compensação Financeira/ Recursos Vinculados ao RPPS - Fundo em Capitalização (Plano Previdenciário);10;Instituto Prev. Serv. Pub. Mun. Uberlândia;Contrib Patronal de Servidor Ativo Civil - Cedidos;INST. DE PREV. DOS SERVID. PÚB. DO MUN. DE UBERLÂN;18;1939.15;6833.33
05;1215021101;2022;103;Contribuição para o Regime Próprio de Previdência Social (RPPS): Patronal, dos Servidores, Compensação Financeira/ Recursos Vinculados ao RPPS - Fundo em Capitalização (Plano Previdenciário);11;Instituto Prev. Serv. Pub. Mun. Uberlândia;Contrib Patronal de Servidor Ativo Civil - Cedidos;INST. DE PREV. DOS SERVID. PÚB. DO MUN. DE UBERLÂN;18;1939.15;6833.33
05;1215021101;2022;103;Contribuição para o Regime Próprio de Previdência Social (RPPS): Patronal, dos Servidores, Compensação Financeira/ Recursos Vinculados ao RPPS - Fundo em Capitalização (Plano Previdenciário);12;Instituto Prev. Serv. Pub. Mun. Uberlândia;Contrib Patronal de Servidor Ativo Civil - Cedidos;INST. DE PREV. DOS SERVID. PÚB. DO MUN. DE UBERLÂN;18;3878.30;6833.37
05;1215021102;2022;103;Contribuição para o Regime Próprio de Previdência Social (RPPS): Patronal, dos Servidores, Compensação Financeira/ Recursos Vinculados ao RPPS - Fundo em Capitalização (Plano Previdenciário);1;Instituto Prev. Serv. Pub. Mun. Uberlândia;Contrib Patronal de Servidor Ativo Civil - IPREMU;INST. DE PREV. DOS SERVID. PÚB. DO MUN. DE UBERLÂN;18;40396.92;41250.00
05;1215021102;2022;103;Contribuição para o Regime Próprio de Previdência Social (RPPS): Patronal, dos Servidores, Compensação Financeira/ Recursos Vinculados ao RPPS - Fundo em Capitalização (Plano Previdenciário);2;Instituto Prev. Serv. Pub. Mun. Uberlândia;Contrib Patronal de Servidor Ativo Civil - IPREMU;INST. DE PREV. DOS SERVID. PÚB. DO MUN. DE UBERLÂN;18;18529.78;41250.00
05;1215021102;2022;103;Contribuição para o Regime Próprio de Previdência Social (RPPS): Patronal, dos Servidores, Compensação Financeira/ Recursos Vinculados ao RPPS - Fundo em Capitalização (Plano Previdenciário);3;Instituto Prev. Serv. Pub. Mun. Uberlândia;Contrib Patronal de Servidor Ativo Civil - IPREMU;INST. DE PREV. DOS SERVID. PÚB. DO MUN. DE UBERLÂN;18;59357.41;41250.00
05;1215021102;2022;103;Contribuição para o Regime Próprio de Previdência Social (RPPS): Patronal, dos Servidores, Compensação Financeira/ Recursos Vinculados ao RPPS - Fundo em Capitalização (Plano Previdenciário);4;Instituto Prev. Serv. Pub. Mun. Uberlândia;Contrib Patronal de Servidor Ativo Civil - IPREMU;INST. DE PREV. DOS SERVID. PÚB. DO MUN. DE UBERLÂN;18;56340.89;41250.00
05;1215021102;2022;103;Contribuição para o Regime Próprio de Previdência Social (RPPS): Patronal, dos Servidores, Compensação Financeira/ Recursos Vinculados ao RPPS - Fundo em Capitalização (Plano Previdenciário);5;Instituto Prev. Serv. Pub. Mun. Uberlândia;Contrib Patronal de Servidor Ativo Civil - IPREMU;INST. DE PREV. DOS SERVID. PÚB. DO MUN. DE UBERLÂN;18;56374.17;41250.00
05;1215021102;2022;103;Contribuição para o Regime Próprio de Previdência Social (RPPS): Patronal, dos Servidores, Compensação Financeira/ Recursos Vinculados ao RPPS - Fundo em Capitalização (Plano Previdenciário);6;Instituto Prev. Serv. Pub. Mun. Uberlândia;Contrib Patronal de Servidor Ativo Civil - IPREMU;INST. DE PREV. DOS SERVID. PÚB. DO MUN. DE UBERLÂN;18;54048.86;41250.00
05;1215021102;2022;103;Contribuição para o Regime Próprio de Previdência Social (RPPS): Patronal, dos Servidores, Compensação Financeira/ Recursos Vinculados ao RPPS - Fundo em Capitalização (Plano Previdenciário);7;Instituto Prev. Serv. Pub. Mun. Uberlândia;Contrib Patronal de Servidor Ativo Civil - IPREMU;INST. DE PREV. DOS SERVID. PÚB. DO MUN. DE UBERLÂN;18;61489.06;41250.00
05;1215021102;2022;103;Contribuição para o Regime Próprio de Previdência Social (RPPS): Patronal, dos Servidores, Compensação Financeira/ Recursos Vinculados ao RPPS - Fundo em Capitalização (Plano Previdenciário);8;Instituto Prev. Serv. Pub. Mun. Uberlândia;Contrib Patronal de Servidor Ativo Civil - IPREMU;INST. DE PREV. DOS SERVID. PÚB. DO MUN. DE UBERLÂN;18;62052.92;41250.00
05;1215021102;2022;103;Contribuição para o Regime Próprio de Previdência Social (RPPS): Patronal, dos Servidores, Compensação Financeira/ Recursos Vinculados ao RPPS - Fundo em Capitalização (Plano Previdenciário);9;Instituto Prev. Serv. Pub. Mun. Uberlândia;Contrib Patronal de Servidor Ativo Civil - IPREMU;INST. DE PREV. DOS SERVID. PÚB. DO MUN. DE UBERLÂN;18;62642.72;41250.00
05;1215021102;2022;103;Contribuição para o Regime Próprio de Previdência Social (RPPS): Patronal, dos Servidores, Compensação Financeira/ Recursos Vinculados ao RPPS - Fundo em Capitalização (Plano Previdenciário);10;Instituto Prev. Serv. Pub. Mun. Uberlândia;Contrib Patronal de Servidor Ativo Civil - IPREMU;INST. DE PREV. DOS SERVID. PÚB. DO MUN. DE UBERLÂN;18;62339.98;41250.00
05;1215021102;2022;103;Contribuição para o Regime Próprio de Previdência Social (RPPS): Patronal, dos Servidores, Compensação Financeira/ Recursos Vinculados ao RPPS - Fundo em Capitalização (Plano Previdenciário);11;Instituto Prev. Serv. Pub. Mun. Uberlândia;Contrib Patronal de Servidor Ativo Civil - IPREMU;INST. DE PREV. DOS SERVID. PÚB. DO MUN. DE UBERLÂN;18;80709.73;41250.00
05;1215021102;2022;103;Contribuição para o Regime Próprio de Previdência Social (RPPS): Patronal, dos Servidores, Compensação Financeira/ Recursos Vinculados ao RPPS - Fundo em Capitalização (Plano Previdenciário);12;Instituto Prev. Serv. Pub. Mun. Uberlândia;Contrib Patronal de Servidor Ativo Civil - IPREMU;INST. DE PREV. DOS SERVID. PÚB. DO MUN. DE UBERLÂN;18;121875.70;41250.00
05;1215021201;2022;103;Contribuição para o Regime Próprio de Previdência Social (RPPS): Patronal, dos Servidores, Compensação Financeira/ Recursos Vinculados ao RPPS - Fundo em Capitalização (Plano Previdenciário);1;Instituto Prev. Serv. Pub. Mun. Uberlândia;Multas e Juros - Contribuição do Servidor Ativo Ci;INST. DE PREV. DOS SERVID. PÚB. DO MUN. DE UBERLÂN;18;0.00;500.00
05;1215021201;2022;103;Contribuição para o Regime Próprio de Previdência Social (RPPS): Patronal, dos Servidores, Compensação Financeira/ Recursos Vinculados ao RPPS - Fundo em Capitalização (Plano Previdenciário);2;Instituto Prev. Serv. Pub. Mun. Uberlândia;Multas e Juros - Contribuição do Servidor Ativo Ci;INST. DE PREV. DOS SERVID. PÚB. DO MUN. DE UBERLÂN;18;0.00;500.00
05;1215021201;2022;103;Contribuição para o Regime Próprio de Previdência Social (RPPS): Patronal, dos Servidores, Compensação Financeira/ Recursos Vinculados ao RPPS - Fundo em Capitalização (Plano Previdenciário);3;Instituto Prev. Serv. Pub. Mun. Uberlândia;Multas e Juros - Contribuição do Servidor Ativo Ci;INST. DE PREV. DOS SERVID. PÚB. DO MUN. DE UBERLÂN;18;0.00;500.00
05;1215021201;2022;103;Contribuição para o Regime Próprio de Previdência Social (RPPS): Patronal, dos Servidores, Compensação Financeira/ Recursos Vinculados ao RPPS - Fundo em Capitalização (Plano Previdenciário);4;Instituto Prev. Serv. Pub. Mun. Uberlândia;Multas e Juros - Contribuição do Servidor Ativo Ci;INST. DE PREV. DOS SERVID. PÚB. DO MUN. DE UBERLÂN;18;0.00;500.00
05;1215021201;2022;103;Contribuição para o Regime Próprio de Previdência Social (RPPS): Patronal, dos Servidores, Compensação Financeira/ Recursos Vinculados ao RPPS - Fundo em Capitalização (Plano Previdenciário);5;Instituto Prev. Serv. Pub. Mun. Uberlândia;Multas e Juros - Contribuição do Servidor Ativo Ci;INST. DE PREV. DOS SERVID. PÚB. DO MUN. DE UBERLÂN;18;0.00;500.00
05;1215021201;2022;103;Contribuição para o Regime Próprio de Previdência Social (RPPS): Patronal, dos Servidores, Compensação Financeira/ Recursos Vinculados ao RPPS - Fundo em Capitalização (Plano Previdenciário);6;Instituto Prev. Serv. Pub. Mun. Uberlândia;Multas e Juros - Contribuição do Servidor Ativo Ci;INST. DE PREV. DOS SERVID. PÚB. DO MUN. DE UBERLÂN;18;0.00;500.00
05;1215021201;2022;103;Contribuição para o Regime Próprio de Previdência Social (RPPS): Patronal, dos Servidores, Compensação Financeira/ Recursos Vinculados ao RPPS - Fundo em Capitalização (Plano Previdenciário);7;Instituto Prev. Serv. Pub. Mun. Uberlândia;Multas e Juros - Contribuição do Servidor Ativo Ci;INST. DE PREV. DOS SERVID. PÚB. DO MUN. DE UBERLÂN;18;0.00;500.00
05;1215021201;2022;103;Contribuição para o Regime Próprio de Previdência Social (RPPS): Patronal, dos Servidores, Compensação Financeira/ Recursos Vinculados ao RPPS - Fundo em Capitalização (Plano Previdenciário);8;Instituto Prev. Serv. Pub. Mun. Uberlândia;Multas e Juros - Contribuição do Servidor Ativo Ci;INST. DE PREV. DOS SERVID. PÚB. DO MUN. DE UBERLÂN;18;0.00;500.00
05;1215021201;2022;103;Contribuição para o Regime Próprio de Previdência Social (RPPS): Patronal, dos Servidores, Compensação Financeira/ Recursos Vinculados ao RPPS - Fundo em Capitalização (Plano Previdenciário);9;Instituto Prev. Serv. Pub. Mun. Uberlândia;Multas e Juros - Contribuição do Servidor Ativo Ci;INST. DE PREV. DOS SERVID. PÚB. DO MUN. DE UBERLÂN;18;0.00;500.00
05;1215021201;2022;103;Contribuição para o Regime Próprio de Previdência Social (RPPS): Patronal, dos Servidores, Compensação Financeira/ Recursos Vinculados ao RPPS - Fundo em Capitalização (Plano Previdenciário);10;Instituto Prev. Serv. Pub. Mun. Uberlândia;Multas e Juros - Contribuição do Servidor Ativo Ci;INST. DE PREV. DOS SERVID. PÚB. DO MUN. DE UBERLÂN;18;0.00;500.00
05;1215021201;2022;103;Contribuição para o Regime Próprio de Previdência Social (RPPS): Patronal, dos Servidores, Compensação Financeira/ Recursos Vinculados ao RPPS - Fundo em Capitalização (Plano Previdenciário);11;Instituto Prev. Serv. Pub. Mun. Uberlândia;Multas e Juros - Contribuição do Servidor Ativo Ci;INST. DE PREV. DOS SERVID. PÚB. DO MUN. DE UBERLÂN;18;0.00;500.00
05;1215021201;2022;103;Contribuição para o Regime Próprio de Previdência Social (RPPS): Patronal, dos Servidores, Compensação Financeira/ Recursos Vinculados ao RPPS - Fundo em Capitalização (Plano Previdenciário);12;Instituto Prev. Serv. Pub. Mun. Uberlândia;Multas e Juros - Contribuição do Servidor Ativo Ci;INST. DE PREV. DOS SERVID. PÚB. DO MUN. DE UBERLÂN;18;0.00;500.00
05;1215503101;2022;103;Contribuição para o Regime Próprio de Previdência Social (RPPS): Patronal, dos Servidores, Compensação Financeira/ Recursos Vinculados ao RPPS - Fundo em Capitalização (Plano Previdenciário);1;Instituto Prev. Serv. Pub. Mun. Uberlândia;Contrib Patronal Oriunda de Sentenças Judiciais;INST. DE PREV. DOS SERVID. PÚB. DO MUN. DE UBERLÂN;18;0.00;16666.67
05;1215503101;2022;103;Contribuição para o Regime Próprio de Previdência Social (RPPS): Patronal, dos Servidores, Compensação Financeira/ Recursos Vinculados ao RPPS - Fundo em Capitalização (Plano Previdenciário);2;Instituto Prev. Serv. Pub. Mun. Uberlândia;Contrib Patronal Oriunda de Sentenças Judiciais;INST. DE PREV. DOS SERVID. PÚB. DO MUN. DE UBERLÂN;18;0.00;16666.67
05;1215503101;2022;103;Contribuição para o Regime Próprio de Previdência Social (RPPS): Patronal, dos Servidores, Compensação Financeira/ Recursos Vinculados ao RPPS - Fundo em Capitalização (Plano Previdenciário);3;Instituto Prev. Serv. Pub. Mun. Uberlândia;Contrib Patronal Oriunda de Sentenças Judiciais;INST. DE PREV. DOS SERVID. PÚB. DO MUN. DE UBERLÂN;18;0.00;16666.67
05;1215503101;2022;103;Contribuição para o Regime Próprio de Previdência Social (RPPS): Patronal, dos Servidores, Compensação Financeira/ Recursos Vinculados ao RPPS - Fundo em Capitalização (Plano Previdenciário);4;Instituto Prev. Serv. Pub. Mun. Uberlândia;Contrib Patronal Oriunda de Sentenças Judiciais;INST. DE PREV. DOS SERVID. PÚB. DO MUN. DE UBERLÂN;18;0.00;16666.67
05;1215503101;2022;103;Contribuição para o Regime Próprio de Previdência Social (RPPS): Patronal, dos Servidores, Compensação Financeira/ Recursos Vinculados ao RPPS - Fundo em Capitalização (Plano Previdenciário);5;Instituto Prev. Serv. Pub. Mun. Uberlândia;Contrib Patronal Oriunda de Sentenças Judiciais;INST. DE PREV. DOS SERVID. PÚB. DO MUN. DE UBERLÂN;18;0.00;16666.67
05;1215503101;2022;103;Contribuição para o Regime Próprio de Previdência Social (RPPS): Patronal, dos Servidores, Compensação Financeira/ Recursos Vinculados ao RPPS - Fundo em Capitalização (Plano Previdenciário);6;Instituto Prev. Serv. Pub. Mun. Uberlândia;Contrib Patronal Oriunda de Sentenças Judiciais;INST. DE PREV. DOS SERVID. PÚB. DO MUN. DE UBERLÂN;18;0.00;16666.67
05;1215503101;2022;103;Contribuição para o Regime Próprio de Previdência Social (RPPS): Patronal, dos Servidores, Compensação Financeira/ Recursos Vinculados ao RPPS - Fundo em Capitalização (Plano Previdenciário);7;Instituto Prev. Serv. Pub. Mun. Uberlândia;Contrib Patronal Oriunda de Sentenças Judiciais;INST. DE PREV. DOS SERVID. PÚB. DO MUN. DE UBERLÂN;18;0.00;16666.67
05;1215503101;2022;103;Contribuição para o Regime Próprio de Previdência Social (RPPS): Patronal, dos Servidores, Compensação Financeira/ Recursos Vinculados ao RPPS - Fundo em Capitalização (Plano Previdenciário);8;Instituto Prev. Serv. Pub. Mun. Uberlândia;Contrib Patronal Oriunda de Sentenças Judiciais;INST. DE PREV. DOS SERVID. PÚB. DO MUN. DE UBERLÂN;18;0.00;16666.67
05;1215503101;2022;103;Contribuição para o Regime Próprio de Previdência Social (RPPS): Patronal, dos Servidores, Compensação Financeira/ Recursos Vinculados ao RPPS - Fundo em Capitalização (Plano Previdenciário);9;Instituto Prev. Serv. Pub. Mun. Uberlândia;Contrib Patronal Oriunda de Sentenças Judiciais;INST. DE PREV. DOS SERVID. PÚB. DO MUN. DE UBERLÂN;18;0.00;16666.67
05;1215503101;2022;103;Contribuição para o Regime Próprio de Previdência Social (RPPS): Patronal, dos Servidores, Compensação Financeira/ Recursos Vinculados ao RPPS - Fundo em Capitalização (Plano Previdenciário);10;Instituto Prev. Serv. Pub. Mun. Uberlândia;Contrib Patronal Oriunda de Sentenças Judiciais;INST. DE PREV. DOS SERVID. PÚB. DO MUN. DE UBERLÂN;18;0.00;16666.67
05;1215503101;2022;103;Contribuição para o Regime Próprio de Previdência Social (RPPS): Patronal, dos Servidores, Compensação Financeira/ Recursos Vinculados ao RPPS - Fundo em Capitalização (Plano Previdenciário);11;Instituto Prev. Serv. Pub. Mun. Uberlândia;Contrib Patronal Oriunda de Sentenças Judiciais;INST. DE PREV. DOS SERVID. PÚB. DO MUN. DE UBERLÂN;18;8891.94;16666.67
05;1215503101;2022;103;Contribuição para o Regime Próprio de Previdência Social (RPPS): Patronal, dos Servidores, Compensação Financeira/ Recursos Vinculados ao RPPS - Fundo em Capitalização (Plano Previdenciário);12;Instituto Prev. Serv. Pub. Mun. Uberlândia;Contrib Patronal Oriunda de Sentenças Judiciais;INST. DE PREV. DOS SERVID. PÚB. DO MUN. DE UBERLÂN;18;0.00;16666.63
02;1241500101;2022;117;Contribuição para Custeio dos Serviços de Iluminação Pública (COSIP);1;PREFEITURA MUNICIPAL DE UBERLÂNDIA;Contrib Custeio do Serviço de Iluminação Pública;SECRETARIA MUNICIPAL DE MEIO AMBIENTE;03;7396571.53;7005945.11
02;1241500101;2022;117;Contribuição para Custeio dos Serviços de Iluminação Pública (COSIP);2;PREFEITURA MUNICIPAL DE UBERLÂNDIA;Contrib Custeio do Serviço de Iluminação Pública;SECRETARIA MUNICIPAL DE MEIO AMBIENTE;03;6667908.39;7423020.98
02;1241500101;2022;117;Contribuição para Custeio dos Serviços de Iluminação Pública (COSIP);3;PREFEITURA MUNICIPAL DE UBERLÂNDIA;Contrib Custeio do Serviço de Iluminação Pública;SECRETARIA MUNICIPAL DE MEIO AMBIENTE;03;6520148.54;5552494.05
02;1241500101;2022;117;Contribuição para Custeio dos Serviços de Iluminação Pública (COSIP);4;PREFEITURA MUNICIPAL DE UBERLÂNDIA;Contrib Custeio do Serviço de Iluminação Pública;SECRETARIA MUNICIPAL DE MEIO AMBIENTE;03;7233538.06;5873583.40
02;1241500101;2022;117;Contribuição para Custeio dos Serviços de Iluminação Pública (COSIP);5;PREFEITURA MUNICIPAL DE UBERLÂNDIA;Contrib Custeio do Serviço de Iluminação Pública;SECRETARIA MUNICIPAL DE MEIO AMBIENTE;03;7082633.23;5647636.88
02;1241500101;2022;117;Contribuição para Custeio dos Serviços de Iluminação Pública (COSIP);6;PREFEITURA MUNICIPAL DE UBERLÂNDIA;Contrib Custeio do Serviço de Iluminação Pública;SECRETARIA MUNICIPAL DE MEIO AMBIENTE;03;6406312.95;5968345.27
02;1241500101;2022;117;Contribuição para Custeio dos Serviços de Iluminação Pública (COSIP);7;PREFEITURA MUNICIPAL DE UBERLÂNDIA;Contrib Custeio do Serviço de Iluminação Pública;SECRETARIA MUNICIPAL DE MEIO AMBIENTE;03;5311080.92;3985147.46
02;1241500101;2022;117;Contribuição para Custeio dos Serviços de Iluminação Pública (COSIP);8;PREFEITURA MUNICIPAL DE UBERLÂNDIA;Contrib Custeio do Serviço de Iluminação Pública;SECRETARIA MUNICIPAL DE MEIO AMBIENTE;03;5072360.90;4537333.56
02;1241500101;2022;117;Contribuição para Custeio dos Serviços de Iluminação Pública (COSIP);9;PREFEITURA MUNICIPAL DE UBERLÂNDIA;Contrib Custeio do Serviço de Iluminação Pública;SECRETARIA MUNICIPAL DE MEIO AMBIENTE;03;5257338.85;4556840.28
02;1241500101;2022;117;Contribuição para Custeio dos Serviços de Iluminação Pública (COSIP);10;PREFEITURA MUNICIPAL DE UBERLÂNDIA;Contrib Custeio do Serviço de Iluminação Pública;SECRETARIA MUNICIPAL DE MEIO AMBIENTE;03;5228039.77;4599078.99
02;1241500101;2022;117;Contribuição para Custeio dos Serviços de Iluminação Pública (COSIP);11;PREFEITURA MUNICIPAL DE UBERLÂNDIA;Contrib Custeio do Serviço de Iluminação Pública;SECRETARIA MUNICIPAL DE MEIO AMBIENTE;03;5311275.59;5060111.52
02;1241500101;2022;117;Contribuição para Custeio dos Serviços de Iluminação Pública (COSIP);12;PREFEITURA MUNICIPAL DE UBERLÂNDIA;Contrib Custeio do Serviço de Iluminação Pública;SECRETARIA MUNICIPAL DE MEIO AMBIENTE;03;5766103.71;4091462.50
05;1311011101;2022;170;Outros Recursos Não Vinculados;1;Instituto Prev. Serv. Pub. Mun. Uberlândia;Alugueis  - IPREMU;INST. DE PREV. DOS SERVID. PÚB. DO MUN. DE UBERLÂN;18;0.00;1000.00
05;1311011101;2022;170;Outros Recursos Não Vinculados;2;Instituto Prev. Serv. Pub. Mun. Uberlândia;Alugueis  - IPREMU;INST. DE PREV. DOS SERVID. PÚB. DO MUN. DE UBERLÂN;18;0.00;1000.00
05;1311011101;2022;170;Outros Recursos Não Vinculados;3;Instituto Prev. Serv. Pub. Mun. Uberlândia;Alugueis  - IPREMU;INST. DE PREV. DOS SERVID. PÚB. DO MUN. DE UBERLÂN;18;0.00;1000.00
05;1311011101;2022;170;Outros Recursos Não Vinculados;4;Instituto Prev. Serv. Pub. Mun. Uberlândia;Alugueis  - IPREMU;INST. DE PREV. DOS SERVID. PÚB. DO MUN. DE UBERLÂN;18;0.00;1000.00
05;1311011101;2022;170;Outros Recursos Não Vinculados;5;Instituto Prev. Serv. Pub. Mun. Uberlândia;Alugueis  - IPREMU;INST. DE PREV. DOS SERVID. PÚB. DO MUN. DE UBERLÂN;18;0.00;1000.00
05;1311011101;2022;170;Outros Recursos Não Vinculados;6;Instituto Prev. Serv. Pub. Mun. Uberlândia;Alugueis  - IPREMU;INST. DE PREV. DOS SERVID. PÚB. DO MUN. DE UBERLÂN;18;0.00;1000.00
05;1311011101;2022;170;Outros Recursos Não Vinculados;7;Instituto Prev. Serv. Pub. Mun. Uberlândia;Alugueis  - IPREMU;INST. DE PREV. DOS SERVID. PÚB. DO MUN. DE UBERLÂN;18;0.00;1000.00
05;1311011101;2022;170;Outros Recursos Não Vinculados;8;Instituto Prev. Serv. Pub. Mun. Uberlândia;Alugueis  - IPREMU;INST. DE PREV. DOS SERVID. PÚB. DO MUN. DE UBERLÂN;18;0.00;1000.00
05;1311011101;2022;170;Outros Recursos Não Vinculados;9;Instituto Prev. Serv. Pub. Mun. Uberlândia;Alugueis  - IPREMU;INST. DE PREV. DOS SERVID. PÚB. DO MUN. DE UBERLÂN;18;0.00;1000.00
05;1311011101;2022;170;Outros Recursos Não Vinculados;10;Instituto Prev. Serv. Pub. Mun. Uberlândia;Alugueis  - IPREMU;INST. DE PREV. DOS SERVID. PÚB. DO MUN. DE UBERLÂN;18;0.00;1000.00
05;1311011101;2022;170;Outros Recursos Não Vinculados;11;Instituto Prev. Serv. Pub. Mun. Uberlândia;Alugueis  - IPREMU;INST. DE PREV. DOS SERVID. PÚB. DO MUN. DE UBERLÂN;18;0.00;1000.00
05;1311011101;2022;170;Outros Recursos Não Vinculados;12;Instituto Prev. Serv. Pub. Mun. Uberlândia;Alugueis  - IPREMU;INST. DE PREV. DOS SERVID. PÚB. DO MUN. DE UBERLÂN;18;0.00;1000.00
02;1311011301;2022;170;Outros Recursos Não Vinculados;1;PREFEITURA MUNICIPAL DE UBERLÂNDIA;Aluguéis e Arrendamentos - Dívida Ativa - GERADOR ;SECRETARIA MUNICIPAL DE FINANÇAS;06;0.00;83.33
02;1311011301;2022;170;Outros Recursos Não Vinculados;2;PREFEITURA MUNICIPAL DE UBERLÂNDIA;Aluguéis e Arrendamentos - Dívida Ativa - GERADOR ;SECRETARIA MUNICIPAL DE FINANÇAS;06;0.00;83.33
02;1311011301;2022;170;Outros Recursos Não Vinculados;3;PREFEITURA MUNICIPAL DE UBERLÂNDIA;Aluguéis e Arrendamentos - Dívida Ativa - GERADOR ;SECRETARIA MUNICIPAL DE FINANÇAS;06;0.00;83.33
02;1311011301;2022;170;Outros Recursos Não Vinculados;4;PREFEITURA MUNICIPAL DE UBERLÂNDIA;Aluguéis e Arrendamentos - Dívida Ativa - GERADOR ;SECRETARIA MUNICIPAL DE FINANÇAS;06;0.00;83.33
02;1311011301;2022;170;Outros Recursos Não Vinculados;5;PREFEITURA MUNICIPAL DE UBERLÂNDIA;Aluguéis e Arrendamentos - Dívida Ativa - GERADOR ;SECRETARIA MUNICIPAL DE FINANÇAS;06;0.00;83.33
02;1311011301;2022;170;Outros Recursos Não Vinculados;6;PREFEITURA MUNICIPAL DE UBERLÂNDIA;Aluguéis e Arrendamentos - Dívida Ativa - GERADOR ;SECRETARIA MUNICIPAL DE FINANÇAS;06;0.00;83.33
02;1311011301;2022;170;Outros Recursos Não Vinculados;7;PREFEITURA MUNICIPAL DE UBERLÂNDIA;Aluguéis e Arrendamentos - Dívida Ativa - GERADOR ;SECRETARIA MUNICIPAL DE FINANÇAS;06;0.00;83.33
02;1311011301;2022;170;Outros Recursos Não Vinculados;8;PREFEITURA MUNICIPAL DE UBERLÂNDIA;Aluguéis e Arrendamentos - Dívida Ativa - GERADOR ;SECRETARIA MUNICIPAL DE FINANÇAS;06;0.00;83.33
02;1311011301;2022;170;Outros Recursos Não Vinculados;9;PREFEITURA MUNICIPAL DE UBERLÂNDIA;Aluguéis e Arrendamentos - Dívida Ativa - GERADOR ;SECRETARIA MUNICIPAL DE FINANÇAS;06;0.00;83.33
02;1311011301;2022;170;Outros Recursos Não Vinculados;10;PREFEITURA MUNICIPAL DE UBERLÂNDIA;Aluguéis e Arrendamentos - Dívida Ativa - GERADOR ;SECRETARIA MUNICIPAL DE FINANÇAS;06;0.00;83.33
02;1311011301;2022;170;Outros Recursos Não Vinculados;11;PREFEITURA MUNICIPAL DE UBERLÂNDIA;Aluguéis e Arrendamentos - Dívida Ativa - GERADOR ;SECRETARIA MUNICIPAL DE FINANÇAS;06;0.00;83.33
02;1311011301;2022;170;Outros Recursos Não Vinculados;12;PREFEITURA MUNICIPAL DE UBERLÂNDIA;Aluguéis e Arrendamentos - Dívida Ativa - GERADOR ;SECRETARIA MUNICIPAL DE FINANÇAS;06;0.00;83.37
02;1311020101;2022;170;Outros Recursos Não Vinculados;1;PREFEITURA MUNICIPAL DE UBERLÂNDIA;Conces/Perm- Dir de Uso de Bens Públicos - PMU;SECRETARIA MUNICIPAL DE FINANÇAS;06;0.00;83.33
02;1311020101;2022;170;Outros Recursos Não Vinculados;2;PREFEITURA MUNICIPAL DE UBERLÂNDIA;Conces/Perm- Dir de Uso de Bens Públicos - PMU;SECRETARIA MUNICIPAL DE FINANÇAS;06;0.00;83.33
02;1311020101;2022;170;Outros Recursos Não Vinculados;3;PREFEITURA MUNICIPAL DE UBERLÂNDIA;Conces/Perm- Dir de Uso de Bens Públicos - PMU;SECRETARIA MUNICIPAL DE FINANÇAS;06;0.00;83.33
02;1311020101;2022;170;Outros Recursos Não Vinculados;4;PREFEITURA MUNICIPAL DE UBERLÂNDIA;Conces/Perm- Dir de Uso de Bens Públicos - PMU;SECRETARIA MUNICIPAL DE FINANÇAS;06;0.00;83.33
02;1311020101;2022;170;Outros Recursos Não Vinculados;5;PREFEITURA MUNICIPAL DE UBERLÂNDIA;Conces/Perm- Dir de Uso de Bens Públicos - PMU;SECRETARIA MUNICIPAL DE FINANÇAS;06;0.00;83.33
02;1311020101;2022;170;Outros Recursos Não Vinculados;6;PREFEITURA MUNICIPAL DE UBERLÂNDIA;Conces/Perm- Dir de Uso de Bens Públicos - PMU;SECRETARIA MUNICIPAL DE FINANÇAS;06;0.00;83.33
02;1311020101;2022;170;Outros Recursos Não Vinculados;7;PREFEITURA MUNICIPAL DE UBERLÂNDIA;Conces/Perm- Dir de Uso de Bens Públicos - PMU;SECRETARIA MUNICIPAL DE FINANÇAS;06;0.00;83.33
02;1311020101;2022;170;Outros Recursos Não Vinculados;8;PREFEITURA MUNICIPAL DE UBERLÂNDIA;Conces/Perm- Dir de Uso de Bens Públicos - PMU;SECRETARIA MUNICIPAL DE FINANÇAS;06;0.00;83.33
02;1311020101;2022;170;Outros Recursos Não Vinculados;9;PREFEITURA MUNICIPAL DE UBERLÂNDIA;Conces/Perm- Dir de Uso de Bens Públicos - PMU;SECRETARIA MUNICIPAL DE FINANÇAS;06;0.00;83.33
02;1311020101;2022;170;Outros Recursos Não Vinculados;10;PREFEITURA MUNICIPAL DE UBERLÂNDIA;Conces/Perm- Dir de Uso de Bens Públicos - PMU;SECRETARIA MUNICIPAL DE FINANÇAS;06;967.74;83.33
02;1311020101;2022;170;Outros Recursos Não Vinculados;11;PREFEITURA MUNICIPAL DE UBERLÂNDIA;Conces/Perm- Dir de Uso de Bens Públicos - PMU;SECRETARIA MUNICIPAL DE FINANÇAS;06;1762.36;83.33
02;1311020101;2022;170;Outros Recursos Não Vinculados;12;PREFEITURA MUNICIPAL DE UBERLÂNDIA;Conces/Perm- Dir de Uso de Bens Públicos - PMU;SECRETARIA MUNICIPAL DE FINANÇAS;06;0.00;83.37
02;1311020102;2022;170;Outros Recursos Não Vinculados;1;PREFEITURA MUNICIPAL DE UBERLÂNDIA;Conces/Perm - Dir de Uso de Bens Públicos - FMC;SECRETARIA MUNICIPAL DE CULTURA;08;0.00;39110.31
02;1311020102;2022;170;Outros Recursos Não Vinculados;2;PREFEITURA MUNICIPAL DE UBERLÂNDIA;Conces/Perm - Dir de Uso de Bens Públicos - FMC;SECRETARIA MUNICIPAL DE CULTURA;08;43694.43;39205.79
02;1311020102;2022;170;Outros Recursos Não Vinculados;3;PREFEITURA MUNICIPAL DE UBERLÂNDIA;Conces/Perm - Dir de Uso de Bens Públicos - FMC;SECRETARIA MUNICIPAL DE CULTURA;08;53664.90;42150.09
02;1311020102;2022;170;Outros Recursos Não Vinculados;4;PREFEITURA MUNICIPAL DE UBERLÂNDIA;Conces/Perm - Dir de Uso de Bens Públicos - FMC;SECRETARIA MUNICIPAL DE CULTURA;08;62479.42;71070.46
02;1311020102;2022;170;Outros Recursos Não Vinculados;5;PREFEITURA MUNICIPAL DE UBERLÂNDIA;Conces/Perm - Dir de Uso de Bens Públicos - FMC;SECRETARIA MUNICIPAL DE CULTURA;08;67594.06;81029.51
02;1311020102;2022;170;Outros Recursos Não Vinculados;6;PREFEITURA MUNICIPAL DE UBERLÂNDIA;Conces/Perm - Dir de Uso de Bens Públicos - FMC;SECRETARIA MUNICIPAL DE CULTURA;08;100313.20;50014.90
02;1311020102;2022;170;Outros Recursos Não Vinculados;7;PREFEITURA MUNICIPAL DE UBERLÂNDIA;Conces/Perm - Dir de Uso de Bens Públicos - FMC;SECRETARIA MUNICIPAL DE CULTURA;08;102242.57;54268.07
02;1311020102;2022;170;Outros Recursos Não Vinculados;8;PREFEITURA MUNICIPAL DE UBERLÂNDIA;Conces/Perm - Dir de Uso de Bens Públicos - FMC;SECRETARIA MUNICIPAL DE CULTURA;08;90677.94;47322.80
02;1311020102;2022;170;Outros Recursos Não Vinculados;9;PREFEITURA MUNICIPAL DE UBERLÂNDIA;Conces/Perm - Dir de Uso de Bens Públicos - FMC;SECRETARIA MUNICIPAL DE CULTURA;08;102904.64;70216.06
02;1311020102;2022;170;Outros Recursos Não Vinculados;10;PREFEITURA MUNICIPAL DE UBERLÂNDIA;Conces/Perm - Dir de Uso de Bens Públicos - FMC;SECRETARIA MUNICIPAL DE CULTURA;08;94318.70;80060.39
02;1311020102;2022;170;Outros Recursos Não Vinculados;11;PREFEITURA MUNICIPAL DE UBERLÂNDIA;Conces/Perm - Dir de Uso de Bens Públicos - FMC;SECRETARIA MUNICIPAL DE CULTURA;08;90701.74;66482.13
02;1311020102;2022;170;Outros Recursos Não Vinculados;12;PREFEITURA MUNICIPAL DE UBERLÂNDIA;Conces/Perm - Dir de Uso de Bens Públicos - FMC;SECRETARIA MUNICIPAL DE CULTURA;08;71797.84;56069.49
02;1311020103;2022;170;Outros Recursos Não Vinculados;1;PREFEITURA MUNICIPAL DE UBERLÂNDIA;Conces/Perm- Dir de Uso de Bens Públicos - FMSAN;SECRETARIA MUNICIPAL DE AGROPECUÁRIA E ABASTECIMEN;12;33.80;11755.30
02;1311020103;2022;170;Outros Recursos Não Vinculados;2;PREFEITURA MUNICIPAL DE UBERLÂNDIA;Conces/Perm- Dir de Uso de Bens Públicos - FMSAN;SECRETARIA MUNICIPAL DE AGROPECUÁRIA E ABASTECIMEN;12;33.98;5230.69
02;1311020103;2022;170;Outros Recursos Não Vinculados;3;PREFEITURA MUNICIPAL DE UBERLÂNDIA;Conces/Perm- Dir de Uso de Bens Públicos - FMSAN;SECRETARIA MUNICIPAL DE AGROPECUÁRIA E ABASTECIMEN;12;15050.62;11169.78
02;1311020103;2022;170;Outros Recursos Não Vinculados;4;PREFEITURA MUNICIPAL DE UBERLÂNDIA;Conces/Perm- Dir de Uso de Bens Públicos - FMSAN;SECRETARIA MUNICIPAL DE AGROPECUÁRIA E ABASTECIMEN;12;649.84;6849.22
02;1311020103;2022;170;Outros Recursos Não Vinculados;5;PREFEITURA MUNICIPAL DE UBERLÂNDIA;Conces/Perm- Dir de Uso de Bens Públicos - FMSAN;SECRETARIA MUNICIPAL DE AGROPECUÁRIA E ABASTECIMEN;12;3126.84;7236.25
02;1311020103;2022;170;Outros Recursos Não Vinculados;6;PREFEITURA MUNICIPAL DE UBERLÂNDIA;Conces/Perm- Dir de Uso de Bens Públicos - FMSAN;SECRETARIA MUNICIPAL DE AGROPECUÁRIA E ABASTECIMEN;12;1356.05;9639.87
02;1311020103;2022;170;Outros Recursos Não Vinculados;7;PREFEITURA MUNICIPAL DE UBERLÂNDIA;Conces/Perm- Dir de Uso de Bens Públicos - FMSAN;SECRETARIA MUNICIPAL DE AGROPECUÁRIA E ABASTECIMEN;12;4042.79;9624.99
02;1311020103;2022;170;Outros Recursos Não Vinculados;8;PREFEITURA MUNICIPAL DE UBERLÂNDIA;Conces/Perm- Dir de Uso de Bens Públicos - FMSAN;SECRETARIA MUNICIPAL DE AGROPECUÁRIA E ABASTECIMEN;12;1000.41;5306.90
02;1311020103;2022;170;Outros Recursos Não Vinculados;9;PREFEITURA MUNICIPAL DE UBERLÂNDIA;Conces/Perm- Dir de Uso de Bens Públicos - FMSAN;SECRETARIA MUNICIPAL DE AGROPECUÁRIA E ABASTECIMEN;12;103.30;6111.71
02;1311020103;2022;170;Outros Recursos Não Vinculados;10;PREFEITURA MUNICIPAL DE UBERLÂNDIA;Conces/Perm- Dir de Uso de Bens Públicos - FMSAN;SECRETARIA MUNICIPAL DE AGROPECUÁRIA E ABASTECIMEN;12;139.89;9403.16
02;1311020103;2022;170;Outros Recursos Não Vinculados;11;PREFEITURA MUNICIPAL DE UBERLÂNDIA;Conces/Perm- Dir de Uso de Bens Públicos - FMSAN;SECRETARIA MUNICIPAL DE AGROPECUÁRIA E ABASTECIMEN;12;11758.65;6997.60
02;1311020103;2022;170;Outros Recursos Não Vinculados;12;PREFEITURA MUNICIPAL DE UBERLÂNDIA;Conces/Perm- Dir de Uso de Bens Públicos - FMSAN;SECRETARIA MUNICIPAL DE AGROPECUÁRIA E ABASTECIMEN;12;3354.87;10674.53
02;1311020104;2022;170;Outros Recursos Não Vinculados;1;PREFEITURA MUNICIPAL DE UBERLÂNDIA;Conces/Perm- Dir de Uso de Bens Públicos - FMU;SECRETARIA MUNICIPAL DE PLANEJAMENTO URBANO;34;0.00;8750.00
02;1311020104;2022;170;Outros Recursos Não Vinculados;2;PREFEITURA MUNICIPAL DE UBERLÂNDIA;Conces/Perm- Dir de Uso de Bens Públicos - FMU;SECRETARIA MUNICIPAL DE PLANEJAMENTO URBANO;34;0.00;8750.00
02;1311020104;2022;170;Outros Recursos Não Vinculados;3;PREFEITURA MUNICIPAL DE UBERLÂNDIA;Conces/Perm- Dir de Uso de Bens Públicos - FMU;SECRETARIA MUNICIPAL DE PLANEJAMENTO URBANO;34;0.00;8750.00
02;1311020104;2022;170;Outros Recursos Não Vinculados;4;PREFEITURA MUNICIPAL DE UBERLÂNDIA;Conces/Perm- Dir de Uso de Bens Públicos - FMU;SECRETARIA MUNICIPAL DE PLANEJAMENTO URBANO;34;0.00;8750.00
02;1311020104;2022;170;Outros Recursos Não Vinculados;5;PREFEITURA MUNICIPAL DE UBERLÂNDIA;Conces/Perm- Dir de Uso de Bens Públicos - FMU;SECRETARIA MUNICIPAL DE PLANEJAMENTO URBANO;34;0.00;8750.00
02;1311020104;2022;170;Outros Recursos Não Vinculados;6;PREFEITURA MUNICIPAL DE UBERLÂNDIA;Conces/Perm- Dir de Uso de Bens Públicos - FMU;SECRETARIA MUNICIPAL DE PLANEJAMENTO URBANO;34;0.00;8750.00
02;1311020104;2022;170;Outros Recursos Não Vinculados;7;PREFEITURA MUNICIPAL DE UBERLÂNDIA;Conces/Perm- Dir de Uso de Bens Públicos - FMU;SECRETARIA MUNICIPAL DE PLANEJAMENTO URBANO;34;0.00;8750.00
02;1311020104;2022;170;Outros Recursos Não Vinculados;8;PREFEITURA MUNICIPAL DE UBERLÂNDIA;Conces/Perm- Dir de Uso de Bens Públicos - FMU;SECRETARIA MUNICIPAL DE PLANEJAMENTO URBANO;34;0.00;8750.00
02;1311020104;2022;170;Outros Recursos Não Vinculados;9;PREFEITURA MUNICIPAL DE UBERLÂNDIA;Conces/Perm- Dir de Uso de Bens Públicos - FMU;SECRETARIA MUNICIPAL DE PLANEJAMENTO URBANO;34;0.00;8750.00
02;1311020104;2022;170;Outros Recursos Não Vinculados;10;PREFEITURA MUNICIPAL DE UBERLÂNDIA;Conces/Perm- Dir de Uso de Bens Públicos - FMU;SECRETARIA MUNICIPAL DE PLANEJAMENTO URBANO;34;0.00;8750.00
02;1311020104;2022;170;Outros Recursos Não Vinculados;11;PREFEITURA MUNICIPAL DE UBERLÂNDIA;Conces/Perm- Dir de Uso de Bens Públicos - FMU;SECRETARIA MUNICIPAL DE PLANEJAMENTO URBANO;34;0.00;8750.00
02;1311020104;2022;170;Outros Recursos Não Vinculados;12;PREFEITURA MUNICIPAL DE UBERLÂNDIA;Conces/Perm- Dir de Uso de Bens Públicos - FMU;SECRETARIA MUNICIPAL DE PLANEJAMENTO URBANO;34;0.00;8750.00
02;1311020201;2022;170;Outros Recursos Não Vinculados;1;PREFEITURA MUNICIPAL DE UBERLÂNDIA;Conces/Permi - Uso Bens Publ - Multas e Juros-PMU;SECRETARIA MUNICIPAL DE FINANÇAS;06;0.00;83.33
02;1311020201;2022;170;Outros Recursos Não Vinculados;2;PREFEITURA MUNICIPAL DE UBERLÂNDIA;Conces/Permi - Uso Bens Publ - Multas e Juros-PMU;SECRETARIA MUNICIPAL DE FINANÇAS;06;0.00;83.33
02;1311020201;2022;170;Outros Recursos Não Vinculados;3;PREFEITURA MUNICIPAL DE UBERLÂNDIA;Conces/Permi - Uso Bens Publ - Multas e Juros-PMU;SECRETARIA MUNICIPAL DE FINANÇAS;06;0.00;83.33
02;1311020201;2022;170;Outros Recursos Não Vinculados;4;PREFEITURA MUNICIPAL DE UBERLÂNDIA;Conces/Permi - Uso Bens Publ - Multas e Juros-PMU;SECRETARIA MUNICIPAL DE FINANÇAS;06;0.00;83.33
02;1311020201;2022;170;Outros Recursos Não Vinculados;5;PREFEITURA MUNICIPAL DE UBERLÂNDIA;Conces/Permi - Uso Bens Publ - Multas e Juros-PMU;SECRETARIA MUNICIPAL DE FINANÇAS;06;0.00;83.33
02;1311020201;2022;170;Outros Recursos Não Vinculados;6;PREFEITURA MUNICIPAL DE UBERLÂNDIA;Conces/Permi - Uso Bens Publ - Multas e Juros-PMU;SECRETARIA MUNICIPAL DE FINANÇAS;06;0.00;83.33
02;1311020201;2022;170;Outros Recursos Não Vinculados;7;PREFEITURA MUNICIPAL DE UBERLÂNDIA;Conces/Permi - Uso Bens Publ - Multas e Juros-PMU;SECRETARIA MUNICIPAL DE FINANÇAS;06;0.00;83.33
02;1311020201;2022;170;Outros Recursos Não Vinculados;8;PREFEITURA MUNICIPAL DE UBERLÂNDIA;Conces/Permi - Uso Bens Publ - Multas e Juros-PMU;SECRETARIA MUNICIPAL DE FINANÇAS;06;0.00;83.33
02;1311020201;2022;170;Outros Recursos Não Vinculados;9;PREFEITURA MUNICIPAL DE UBERLÂNDIA;Conces/Permi - Uso Bens Publ - Multas e Juros-PMU;SECRETARIA MUNICIPAL DE FINANÇAS;06;0.00;83.33
02;1311020201;2022;170;Outros Recursos Não Vinculados;10;PREFEITURA MUNICIPAL DE UBERLÂNDIA;Conces/Permi - Uso Bens Publ - Multas e Juros-PMU;SECRETARIA MUNICIPAL DE FINANÇAS;06;0.00;83.33
02;1311020201;2022;170;Outros Recursos Não Vinculados;11;PREFEITURA MUNICIPAL DE UBERLÂNDIA;Conces/Permi - Uso Bens Publ - Multas e Juros-PMU;SECRETARIA MUNICIPAL DE FINANÇAS;06;8.72;83.33
02;1311020201;2022;170;Outros Recursos Não Vinculados;12;PREFEITURA MUNICIPAL DE UBERLÂNDIA;Conces/Permi - Uso Bens Publ - Multas e Juros-PMU;SECRETARIA MUNICIPAL DE FINANÇAS;06;0.00;83.37
02;1311020202;2022;170;Outros Recursos Não Vinculados;1;PREFEITURA MUNICIPAL DE UBERLÂNDIA;Conces/Permi - Uso Bens Publ - Mult e Juros-FMSAN;SECRETARIA MUNICIPAL DE AGROPECUÁRIA E ABASTECIMEN;12;3.38;166.67
02;1311020202;2022;170;Outros Recursos Não Vinculados;2;PREFEITURA MUNICIPAL DE UBERLÂNDIA;Conces/Permi - Uso Bens Publ - Mult e Juros-FMSAN;SECRETARIA MUNICIPAL DE AGROPECUÁRIA E ABASTECIMEN;12;4.45;166.67
02;1311020202;2022;170;Outros Recursos Não Vinculados;3;PREFEITURA MUNICIPAL DE UBERLÂNDIA;Conces/Permi - Uso Bens Publ - Mult e Juros-FMSAN;SECRETARIA MUNICIPAL DE AGROPECUÁRIA E ABASTECIMEN;12;96.26;166.67
02;1311020202;2022;170;Outros Recursos Não Vinculados;4;PREFEITURA MUNICIPAL DE UBERLÂNDIA;Conces/Permi - Uso Bens Publ - Mult e Juros-FMSAN;SECRETARIA MUNICIPAL DE AGROPECUÁRIA E ABASTECIMEN;12;31.44;166.67
02;1311020202;2022;170;Outros Recursos Não Vinculados;5;PREFEITURA MUNICIPAL DE UBERLÂNDIA;Conces/Permi - Uso Bens Publ - Mult e Juros-FMSAN;SECRETARIA MUNICIPAL DE AGROPECUÁRIA E ABASTECIMEN;12;334.35;166.67
02;1311020202;2022;170;Outros Recursos Não Vinculados;6;PREFEITURA MUNICIPAL DE UBERLÂNDIA;Conces/Permi - Uso Bens Publ - Mult e Juros-FMSAN;SECRETARIA MUNICIPAL DE AGROPECUÁRIA E ABASTECIMEN;12;183.93;166.67
02;1311020202;2022;170;Outros Recursos Não Vinculados;7;PREFEITURA MUNICIPAL DE UBERLÂNDIA;Conces/Permi - Uso Bens Publ - Mult e Juros-FMSAN;SECRETARIA MUNICIPAL DE AGROPECUÁRIA E ABASTECIMEN;12;750.18;166.67
02;1311020202;2022;170;Outros Recursos Não Vinculados;8;PREFEITURA MUNICIPAL DE UBERLÂNDIA;Conces/Permi - Uso Bens Publ - Mult e Juros-FMSAN;SECRETARIA MUNICIPAL DE AGROPECUÁRIA E ABASTECIMEN;12;251.25;166.67
02;1311020202;2022;170;Outros Recursos Não Vinculados;9;PREFEITURA MUNICIPAL DE UBERLÂNDIA;Conces/Permi - Uso Bens Publ - Mult e Juros-FMSAN;SECRETARIA MUNICIPAL DE AGROPECUÁRIA E ABASTECIMEN;12;12.90;166.67
02;1311020202;2022;170;Outros Recursos Não Vinculados;10;PREFEITURA MUNICIPAL DE UBERLÂNDIA;Conces/Permi - Uso Bens Publ - Mult e Juros-FMSAN;SECRETARIA MUNICIPAL DE AGROPECUÁRIA E ABASTECIMEN;12;32.36;166.67
02;1311020202;2022;170;Outros Recursos Não Vinculados;11;PREFEITURA MUNICIPAL DE UBERLÂNDIA;Conces/Permi - Uso Bens Publ - Mult e Juros-FMSAN;SECRETARIA MUNICIPAL DE AGROPECUÁRIA E ABASTECIMEN;12;134.38;166.67
02;1311020202;2022;170;Outros Recursos Não Vinculados;12;PREFEITURA MUNICIPAL DE UBERLÂNDIA;Conces/Permi - Uso Bens Publ - Mult e Juros-FMSAN;SECRETARIA MUNICIPAL DE AGROPECUÁRIA E ABASTECIMEN;12;169.95;166.63
02;1311020203;2022;170;Outros Recursos Não Vinculados;1;PREFEITURA MUNICIPAL DE UBERLÂNDIA;Conces/Permi - Uso Bens Publ - Mult e Juros-FMC;SECRETARIA MUNICIPAL DE CULTURA;08;0.00;83.33
02;1311020203;2022;170;Outros Recursos Não Vinculados;2;PREFEITURA MUNICIPAL DE UBERLÂNDIA;Conces/Permi - Uso Bens Publ - Mult e Juros-FMC;SECRETARIA MUNICIPAL DE CULTURA;08;17.84;83.33
02;1311020203;2022;170;Outros Recursos Não Vinculados;3;PREFEITURA MUNICIPAL DE UBERLÂNDIA;Conces/Permi - Uso Bens Publ - Mult e Juros-FMC;SECRETARIA MUNICIPAL DE CULTURA;08;228.91;83.33
02;1311020203;2022;170;Outros Recursos Não Vinculados;4;PREFEITURA MUNICIPAL DE UBERLÂNDIA;Conces/Permi - Uso Bens Publ - Mult e Juros-FMC;SECRETARIA MUNICIPAL DE CULTURA;08;249.12;83.33
02;1311020203;2022;170;Outros Recursos Não Vinculados;5;PREFEITURA MUNICIPAL DE UBERLÂNDIA;Conces/Permi - Uso Bens Publ - Mult e Juros-FMC;SECRETARIA MUNICIPAL DE CULTURA;08;575.31;83.33
02;1311020203;2022;170;Outros Recursos Não Vinculados;6;PREFEITURA MUNICIPAL DE UBERLÂNDIA;Conces/Permi - Uso Bens Publ - Mult e Juros-FMC;SECRETARIA MUNICIPAL DE CULTURA;08;780.01;83.33
02;1311020203;2022;170;Outros Recursos Não Vinculados;7;PREFEITURA MUNICIPAL DE UBERLÂNDIA;Conces/Permi - Uso Bens Publ - Mult e Juros-FMC;SECRETARIA MUNICIPAL DE CULTURA;08;1346.84;83.33
02;1311020203;2022;170;Outros Recursos Não Vinculados;8;PREFEITURA MUNICIPAL DE UBERLÂNDIA;Conces/Permi - Uso Bens Publ - Mult e Juros-FMC;SECRETARIA MUNICIPAL DE CULTURA;08;707.80;83.33
02;1311020203;2022;170;Outros Recursos Não Vinculados;9;PREFEITURA MUNICIPAL DE UBERLÂNDIA;Conces/Permi - Uso Bens Publ - Mult e Juros-FMC;SECRETARIA MUNICIPAL DE CULTURA;08;1066.54;83.33
02;1311020203;2022;170;Outros Recursos Não Vinculados;10;PREFEITURA MUNICIPAL DE UBERLÂNDIA;Conces/Permi - Uso Bens Publ - Mult e Juros-FMC;SECRETARIA MUNICIPAL DE CULTURA;08;1096.18;83.33
02;1311020203;2022;170;Outros Recursos Não Vinculados;11;PREFEITURA MUNICIPAL DE UBERLÂNDIA;Conces/Permi - Uso Bens Publ - Mult e Juros-FMC;SECRETARIA MUNICIPAL DE CULTURA;08;1410.91;83.33
02;1311020203;2022;170;Outros Recursos Não Vinculados;12;PREFEITURA MUNICIPAL DE UBERLÂNDIA;Conces/Permi - Uso Bens Publ - Mult e Juros-FMC;SECRETARIA MUNICIPAL DE CULTURA;08;631.90;83.37
02;1311020301;2022;170;Outros Recursos Não Vinculados;1;PREFEITURA MUNICIPAL DE UBERLÂNDIA;Conces/Permi - Uso Bens Publ - Dívida Ativa-PMU;SECRETARIA MUNICIPAL DE FINANÇAS;06;0.00;83.33
02;1311020301;2022;170;Outros Recursos Não Vinculados;2;PREFEITURA MUNICIPAL DE UBERLÂNDIA;Conces/Permi - Uso Bens Publ - Dívida Ativa-PMU;SECRETARIA MUNICIPAL DE FINANÇAS;06;0.00;83.33
02;1311020301;2022;170;Outros Recursos Não Vinculados;3;PREFEITURA MUNICIPAL DE UBERLÂNDIA;Conces/Permi - Uso Bens Publ - Dívida Ativa-PMU;SECRETARIA MUNICIPAL DE FINANÇAS;06;0.00;83.33
02;1311020301;2022;170;Outros Recursos Não Vinculados;4;PREFEITURA MUNICIPAL DE UBERLÂNDIA;Conces/Permi - Uso Bens Publ - Dívida Ativa-PMU;SECRETARIA MUNICIPAL DE FINANÇAS;06;0.00;83.33
02;1311020301;2022;170;Outros Recursos Não Vinculados;5;PREFEITURA MUNICIPAL DE UBERLÂNDIA;Conces/Permi - Uso Bens Publ - Dívida Ativa-PMU;SECRETARIA MUNICIPAL DE FINANÇAS;06;0.00;83.33
02;1311020301;2022;170;Outros Recursos Não Vinculados;6;PREFEITURA MUNICIPAL DE UBERLÂNDIA;Conces/Permi - Uso Bens Publ - Dívida Ativa-PMU;SECRETARIA MUNICIPAL DE FINANÇAS;06;0.00;83.33
02;1311020301;2022;170;Outros Recursos Não Vinculados;7;PREFEITURA MUNICIPAL DE UBERLÂNDIA;Conces/Permi - Uso Bens Publ - Dívida Ativa-PMU;SECRETARIA MUNICIPAL DE FINANÇAS;06;0.00;83.33
02;1311020301;2022;170;Outros Recursos Não Vinculados;8;PREFEITURA MUNICIPAL DE UBERLÂNDIA;Conces/Permi - Uso Bens Publ - Dívida Ativa-PMU;SECRETARIA MUNICIPAL DE FINANÇAS;06;0.00;83.33
02;1311020301;2022;170;Outros Recursos Não Vinculados;9;PREFEITURA MUNICIPAL DE UBERLÂNDIA;Conces/Permi - Uso Bens Publ - Dívida Ativa-PMU;SECRETARIA MUNICIPAL DE FINANÇAS;06;0.00;83.33
02;1311020301;2022;170;Outros Recursos Não Vinculados;10;PREFEITURA MUNICIPAL DE UBERLÂNDIA;Conces/Permi - Uso Bens Publ - Dívida Ativa-PMU;SECRETARIA MUNICIPAL DE FINANÇAS;06;0.00;83.33
02;1311020301;2022;170;Outros Recursos Não Vinculados;11;PREFEITURA MUNICIPAL DE UBERLÂNDIA;Conces/Permi - Uso Bens Publ - Dívida Ativa-PMU;SECRETARIA MUNICIPAL DE FINANÇAS;06;0.00;83.33
02;1311020301;2022;170;Outros Recursos Não Vinculados;12;PREFEITURA MUNICIPAL DE UBERLÂNDIA;Conces/Permi - Uso Bens Publ - Dívida Ativa-PMU;SECRETARIA MUNICIPAL DE FINANÇAS;06;0.00;83.37
02;1311020302;2022;170;Outros Recursos Não Vinculados;1;PREFEITURA MUNICIPAL DE UBERLÂNDIA;Conces/Permi - Uso Bens Publ - Dívida Ativa-FMSAN;SECRETARIA MUNICIPAL DE AGROPECUÁRIA E ABASTECIMEN;12;2378.38;166.67
02;1311020302;2022;170;Outros Recursos Não Vinculados;2;PREFEITURA MUNICIPAL DE UBERLÂNDIA;Conces/Permi - Uso Bens Publ - Dívida Ativa-FMSAN;SECRETARIA MUNICIPAL DE AGROPECUÁRIA E ABASTECIMEN;12;1052.56;166.67
02;1311020302;2022;170;Outros Recursos Não Vinculados;3;PREFEITURA MUNICIPAL DE UBERLÂNDIA;Conces/Permi - Uso Bens Publ - Dívida Ativa-FMSAN;SECRETARIA MUNICIPAL DE AGROPECUÁRIA E ABASTECIMEN;12;1638.74;166.67
02;1311020302;2022;170;Outros Recursos Não Vinculados;4;PREFEITURA MUNICIPAL DE UBERLÂNDIA;Conces/Permi - Uso Bens Publ - Dívida Ativa-FMSAN;SECRETARIA MUNICIPAL DE AGROPECUÁRIA E ABASTECIMEN;12;228.66;166.67
02;1311020302;2022;170;Outros Recursos Não Vinculados;5;PREFEITURA MUNICIPAL DE UBERLÂNDIA;Conces/Permi - Uso Bens Publ - Dívida Ativa-FMSAN;SECRETARIA MUNICIPAL DE AGROPECUÁRIA E ABASTECIMEN;12;3877.12;166.67
02;1311020302;2022;170;Outros Recursos Não Vinculados;6;PREFEITURA MUNICIPAL DE UBERLÂNDIA;Conces/Permi - Uso Bens Publ - Dívida Ativa-FMSAN;SECRETARIA MUNICIPAL DE AGROPECUÁRIA E ABASTECIMEN;12;3523.34;166.67
02;1311020302;2022;170;Outros Recursos Não Vinculados;7;PREFEITURA MUNICIPAL DE UBERLÂNDIA;Conces/Permi - Uso Bens Publ - Dívida Ativa-FMSAN;SECRETARIA MUNICIPAL DE AGROPECUÁRIA E ABASTECIMEN;12;3018.37;166.67
02;1311020302;2022;170;Outros Recursos Não Vinculados;8;PREFEITURA MUNICIPAL DE UBERLÂNDIA;Conces/Permi - Uso Bens Publ - Dívida Ativa-FMSAN;SECRETARIA MUNICIPAL DE AGROPECUÁRIA E ABASTECIMEN;12;1177.47;166.67
02;1311020302;2022;170;Outros Recursos Não Vinculados;9;PREFEITURA MUNICIPAL DE UBERLÂNDIA;Conces/Permi - Uso Bens Publ - Dívida Ativa-FMSAN;SECRETARIA MUNICIPAL DE AGROPECUÁRIA E ABASTECIMEN;12;351.30;166.67
02;1311020302;2022;170;Outros Recursos Não Vinculados;10;PREFEITURA MUNICIPAL DE UBERLÂNDIA;Conces/Permi - Uso Bens Publ - Dívida Ativa-FMSAN;SECRETARIA MUNICIPAL DE AGROPECUÁRIA E ABASTECIMEN;12;548.70;166.67
02;1311020302;2022;170;Outros Recursos Não Vinculados;11;PREFEITURA MUNICIPAL DE UBERLÂNDIA;Conces/Permi - Uso Bens Publ - Dívida Ativa-FMSAN;SECRETARIA MUNICIPAL DE AGROPECUÁRIA E ABASTECIMEN;12;718.63;166.67
02;1311020302;2022;170;Outros Recursos Não Vinculados;12;PREFEITURA MUNICIPAL DE UBERLÂNDIA;Conces/Permi - Uso Bens Publ - Dívida Ativa-FMSAN;SECRETARIA MUNICIPAL DE AGROPECUÁRIA E ABASTECIMEN;12;1626.93;166.63
02;1311020303;2022;170;Outros Recursos Não Vinculados;1;PREFEITURA MUNICIPAL DE UBERLÂNDIA;Conces/Permi - Uso Bens Publ - Dívida Ativa-FMC;SECRETARIA MUNICIPAL DE CULTURA;08;8044.72;1666.67
02;1311020303;2022;170;Outros Recursos Não Vinculados;2;PREFEITURA MUNICIPAL DE UBERLÂNDIA;Conces/Permi - Uso Bens Publ - Dívida Ativa-FMC;SECRETARIA MUNICIPAL DE CULTURA;08;268.77;1666.67
02;1311020303;2022;170;Outros Recursos Não Vinculados;3;PREFEITURA MUNICIPAL DE UBERLÂNDIA;Conces/Permi - Uso Bens Publ - Dívida Ativa-FMC;SECRETARIA MUNICIPAL DE CULTURA;08;229.70;1666.67
02;1311020303;2022;170;Outros Recursos Não Vinculados;4;PREFEITURA MUNICIPAL DE UBERLÂNDIA;Conces/Permi - Uso Bens Publ - Dívida Ativa-FMC;SECRETARIA MUNICIPAL DE CULTURA;08;236.24;1666.67
02;1311020303;2022;170;Outros Recursos Não Vinculados;5;PREFEITURA MUNICIPAL DE UBERLÂNDIA;Conces/Permi - Uso Bens Publ - Dívida Ativa-FMC;SECRETARIA MUNICIPAL DE CULTURA;08;236.24;1666.67
02;1311020303;2022;170;Outros Recursos Não Vinculados;6;PREFEITURA MUNICIPAL DE UBERLÂNDIA;Conces/Permi - Uso Bens Publ - Dívida Ativa-FMC;SECRETARIA MUNICIPAL DE CULTURA;08;236.24;1666.67
02;1311020303;2022;170;Outros Recursos Não Vinculados;7;PREFEITURA MUNICIPAL DE UBERLÂNDIA;Conces/Permi - Uso Bens Publ - Dívida Ativa-FMC;SECRETARIA MUNICIPAL DE CULTURA;08;18031.71;1666.67
02;1311020303;2022;170;Outros Recursos Não Vinculados;8;PREFEITURA MUNICIPAL DE UBERLÂNDIA;Conces/Permi - Uso Bens Publ - Dívida Ativa-FMC;SECRETARIA MUNICIPAL DE CULTURA;08;0.00;1666.67
02;1311020303;2022;170;Outros Recursos Não Vinculados;9;PREFEITURA MUNICIPAL DE UBERLÂNDIA;Conces/Permi - Uso Bens Publ - Dívida Ativa-FMC;SECRETARIA MUNICIPAL DE CULTURA;08;0.00;1666.67
02;1311020303;2022;170;Outros Recursos Não Vinculados;10;PREFEITURA MUNICIPAL DE UBERLÂNDIA;Conces/Permi - Uso Bens Publ - Dívida Ativa-FMC;SECRETARIA MUNICIPAL DE CULTURA;08;0.00;1666.67
02;1311020303;2022;170;Outros Recursos Não Vinculados;11;PREFEITURA MUNICIPAL DE UBERLÂNDIA;Conces/Permi - Uso Bens Publ - Dívida Ativa-FMC;SECRETARIA MUNICIPAL DE CULTURA;08;0.00;1666.67
02;1311020303;2022;170;Outros Recursos Não Vinculados;12;PREFEITURA MUNICIPAL DE UBERLÂNDIA;Conces/Permi - Uso Bens Publ - Dívida Ativa-FMC;SECRETARIA MUNICIPAL DE CULTURA;08;511.78;1666.63
02;1311020401;2022;170;Outros Recursos Não Vinculados;1;PREFEITURA MUNICIPAL DE UBERLÂNDIA;Conces/Permi - Uso Bens Publ - Mult e Jur DA-PMU;SECRETARIA MUNICIPAL DE FINANÇAS;06;0.00;83.33
02;1311020401;2022;170;Outros Recursos Não Vinculados;2;PREFEITURA MUNICIPAL DE UBERLÂNDIA;Conces/Permi - Uso Bens Publ - Mult e Jur DA-PMU;SECRETARIA MUNICIPAL DE FINANÇAS;06;0.00;83.33
02;1311020401;2022;170;Outros Recursos Não Vinculados;3;PREFEITURA MUNICIPAL DE UBERLÂNDIA;Conces/Permi - Uso Bens Publ - Mult e Jur DA-PMU;SECRETARIA MUNICIPAL DE FINANÇAS;06;0.00;83.33
02;1311020401;2022;170;Outros Recursos Não Vinculados;4;PREFEITURA MUNICIPAL DE UBERLÂNDIA;Conces/Permi - Uso Bens Publ - Mult e Jur DA-PMU;SECRETARIA MUNICIPAL DE FINANÇAS;06;0.00;83.33
02;1311020401;2022;170;Outros Recursos Não Vinculados;5;PREFEITURA MUNICIPAL DE UBERLÂNDIA;Conces/Permi - Uso Bens Publ - Mult e Jur DA-PMU;SECRETARIA MUNICIPAL DE FINANÇAS;06;0.00;83.33
02;1311020401;2022;170;Outros Recursos Não Vinculados;6;PREFEITURA MUNICIPAL DE UBERLÂNDIA;Conces/Permi - Uso Bens Publ - Mult e Jur DA-PMU;SECRETARIA MUNICIPAL DE FINANÇAS;06;0.00;83.33
02;1311020401;2022;170;Outros Recursos Não Vinculados;7;PREFEITURA MUNICIPAL DE UBERLÂNDIA;Conces/Permi - Uso Bens Publ - Mult e Jur DA-PMU;SECRETARIA MUNICIPAL DE FINANÇAS;06;0.00;83.33
02;1311020401;2022;170;Outros Recursos Não Vinculados;8;PREFEITURA MUNICIPAL DE UBERLÂNDIA;Conces/Permi - Uso Bens Publ - Mult e Jur DA-PMU;SECRETARIA MUNICIPAL DE FINANÇAS;06;0.00;83.33
02;1311020401;2022;170;Outros Recursos Não Vinculados;9;PREFEITURA MUNICIPAL DE UBERLÂNDIA;Conces/Permi - Uso Bens Publ - Mult e Jur DA-PMU;SECRETARIA MUNICIPAL DE FINANÇAS;06;0.00;83.33
02;1311020401;2022;170;Outros Recursos Não Vinculados;10;PREFEITURA MUNICIPAL DE UBERLÂNDIA;Conces/Permi - Uso Bens Publ - Mult e Jur DA-PMU;SECRETARIA MUNICIPAL DE FINANÇAS;06;0.00;83.33
02;1311020401;2022;170;Outros Recursos Não Vinculados;11;PREFEITURA MUNICIPAL DE UBERLÂNDIA;Conces/Permi - Uso Bens Publ - Mult e Jur DA-PMU;SECRETARIA MUNICIPAL DE FINANÇAS;06;0.00;83.33
02;1311020401;2022;170;Outros Recursos Não Vinculados;12;PREFEITURA MUNICIPAL DE UBERLÂNDIA;Conces/Permi - Uso Bens Publ - Mult e Jur DA-PMU;SECRETARIA MUNICIPAL DE FINANÇAS;06;0.00;83.37
02;1311020402;2022;170;Outros Recursos Não Vinculados;1;PREFEITURA MUNICIPAL DE UBERLÂNDIA;Conces/Permi - Uso Bens Publ - Mult e Jur DA-FMSAN;SECRETARIA MUNICIPAL DE AGROPECUÁRIA E ABASTECIMEN;12;748.36;83.33
02;1311020402;2022;170;Outros Recursos Não Vinculados;2;PREFEITURA MUNICIPAL DE UBERLÂNDIA;Conces/Permi - Uso Bens Publ - Mult e Jur DA-FMSAN;SECRETARIA MUNICIPAL DE AGROPECUÁRIA E ABASTECIMEN;12;284.62;83.33
02;1311020402;2022;170;Outros Recursos Não Vinculados;3;PREFEITURA MUNICIPAL DE UBERLÂNDIA;Conces/Permi - Uso Bens Publ - Mult e Jur DA-FMSAN;SECRETARIA MUNICIPAL DE AGROPECUÁRIA E ABASTECIMEN;12;510.04;83.33
02;1311020402;2022;170;Outros Recursos Não Vinculados;4;PREFEITURA MUNICIPAL DE UBERLÂNDIA;Conces/Permi - Uso Bens Publ - Mult e Jur DA-FMSAN;SECRETARIA MUNICIPAL DE AGROPECUÁRIA E ABASTECIMEN;12;65.30;83.33
02;1311020402;2022;170;Outros Recursos Não Vinculados;5;PREFEITURA MUNICIPAL DE UBERLÂNDIA;Conces/Permi - Uso Bens Publ - Mult e Jur DA-FMSAN;SECRETARIA MUNICIPAL DE AGROPECUÁRIA E ABASTECIMEN;12;1181.61;83.33
02;1311020402;2022;170;Outros Recursos Não Vinculados;6;PREFEITURA MUNICIPAL DE UBERLÂNDIA;Conces/Permi - Uso Bens Publ - Mult e Jur DA-FMSAN;SECRETARIA MUNICIPAL DE AGROPECUÁRIA E ABASTECIMEN;12;1252.01;83.33
02;1311020402;2022;170;Outros Recursos Não Vinculados;7;PREFEITURA MUNICIPAL DE UBERLÂNDIA;Conces/Permi - Uso Bens Publ - Mult e Jur DA-FMSAN;SECRETARIA MUNICIPAL DE AGROPECUÁRIA E ABASTECIMEN;12;593.33;83.33
02;1311020402;2022;170;Outros Recursos Não Vinculados;8;PREFEITURA MUNICIPAL DE UBERLÂNDIA;Conces/Permi - Uso Bens Publ - Mult e Jur DA-FMSAN;SECRETARIA MUNICIPAL DE AGROPECUÁRIA E ABASTECIMEN;12;210.37;83.33
02;1311020402;2022;170;Outros Recursos Não Vinculados;9;PREFEITURA MUNICIPAL DE UBERLÂNDIA;Conces/Permi - Uso Bens Publ - Mult e Jur DA-FMSAN;SECRETARIA MUNICIPAL DE AGROPECUÁRIA E ABASTECIMEN;12;93.61;83.33
02;1311020402;2022;170;Outros Recursos Não Vinculados;10;PREFEITURA MUNICIPAL DE UBERLÂNDIA;Conces/Permi - Uso Bens Publ - Mult e Jur DA-FMSAN;SECRETARIA MUNICIPAL DE AGROPECUÁRIA E ABASTECIMEN;12;116.29;83.33
02;1311020402;2022;170;Outros Recursos Não Vinculados;11;PREFEITURA MUNICIPAL DE UBERLÂNDIA;Conces/Permi - Uso Bens Publ - Mult e Jur DA-FMSAN;SECRETARIA MUNICIPAL DE AGROPECUÁRIA E ABASTECIMEN;12;83.46;83.33
02;1311020402;2022;170;Outros Recursos Não Vinculados;12;PREFEITURA MUNICIPAL DE UBERLÂNDIA;Conces/Permi - Uso Bens Publ - Mult e Jur DA-FMSAN;SECRETARIA MUNICIPAL DE AGROPECUÁRIA E ABASTECIMEN;12;274.44;83.37
02;1311020403;2022;170;Outros Recursos Não Vinculados;1;PREFEITURA MUNICIPAL DE UBERLÂNDIA;Conces/Permi - Uso Bens Publ - Mult e Jur DA-FMC;SECRETARIA MUNICIPAL DE CULTURA;08;749.71;583.33
02;1311020403;2022;170;Outros Recursos Não Vinculados;2;PREFEITURA MUNICIPAL DE UBERLÂNDIA;Conces/Permi - Uso Bens Publ - Mult e Jur DA-FMC;SECRETARIA MUNICIPAL DE CULTURA;08;134.95;583.33
02;1311020403;2022;170;Outros Recursos Não Vinculados;3;PREFEITURA MUNICIPAL DE UBERLÂNDIA;Conces/Permi - Uso Bens Publ - Mult e Jur DA-FMC;SECRETARIA MUNICIPAL DE CULTURA;08;81.34;583.33
02;1311020403;2022;170;Outros Recursos Não Vinculados;4;PREFEITURA MUNICIPAL DE UBERLÂNDIA;Conces/Permi - Uso Bens Publ - Mult e Jur DA-FMC;SECRETARIA MUNICIPAL DE CULTURA;08;90.66;583.33
02;1311020403;2022;170;Outros Recursos Não Vinculados;5;PREFEITURA MUNICIPAL DE UBERLÂNDIA;Conces/Permi - Uso Bens Publ - Mult e Jur DA-FMC;SECRETARIA MUNICIPAL DE CULTURA;08;81.34;583.33
02;1311020403;2022;170;Outros Recursos Não Vinculados;6;PREFEITURA MUNICIPAL DE UBERLÂNDIA;Conces/Permi - Uso Bens Publ - Mult e Jur DA-FMC;SECRETARIA MUNICIPAL DE CULTURA;08;90.66;583.33
02;1311020403;2022;170;Outros Recursos Não Vinculados;7;PREFEITURA MUNICIPAL DE UBERLÂNDIA;Conces/Permi - Uso Bens Publ - Mult e Jur DA-FMC;SECRETARIA MUNICIPAL DE CULTURA;08;1675.91;583.33
02;1311020403;2022;170;Outros Recursos Não Vinculados;8;PREFEITURA MUNICIPAL DE UBERLÂNDIA;Conces/Permi - Uso Bens Publ - Mult e Jur DA-FMC;SECRETARIA MUNICIPAL DE CULTURA;08;0.00;583.33
02;1311020403;2022;170;Outros Recursos Não Vinculados;9;PREFEITURA MUNICIPAL DE UBERLÂNDIA;Conces/Permi - Uso Bens Publ - Mult e Jur DA-FMC;SECRETARIA MUNICIPAL DE CULTURA;08;0.00;583.33
02;1311020403;2022;170;Outros Recursos Não Vinculados;10;PREFEITURA MUNICIPAL DE UBERLÂNDIA;Conces/Permi - Uso Bens Publ - Mult e Jur DA-FMC;SECRETARIA MUNICIPAL DE CULTURA;08;0.00;583.33
02;1311020403;2022;170;Outros Recursos Não Vinculados;11;PREFEITURA MUNICIPAL DE UBERLÂNDIA;Conces/Permi - Uso Bens Publ - Mult e Jur DA-FMC;SECRETARIA MUNICIPAL DE CULTURA;08;0.00;583.33
02;1311020403;2022;170;Outros Recursos Não Vinculados;12;PREFEITURA MUNICIPAL DE UBERLÂNDIA;Conces/Permi - Uso Bens Publ - Mult e Jur DA-FMC;SECRETARIA MUNICIPAL DE CULTURA;08;94.37;583.37
02;1321010101;2022;118;Transferências do FUNDEB para Aplicação na Remuneração dos Profissionais do Magistério em Efetivo Exercício na Educação Básica;1;PREFEITURA MUNICIPAL DE UBERLÂNDIA;Remuneração de Depósito Bancários - FUNDEB;SECRETARIA MUNICIPAL DE EDUCAÇÃO;07;152535.78;30830.60
02;1321010101;2022;119;Transferências do FUNDEB para Aplicação em Outras Despesas da Educação Básica;1;PREFEITURA MUNICIPAL DE UBERLÂNDIA;Remuneração de Depósito Bancários - FUNDEB;SECRETARIA MUNICIPAL DE EDUCAÇÃO;07;65372.46;24664.48
02;1321010101;2022;118;Transferências do FUNDEB para Aplicação na Remuneração dos Profissionais do Magistério em Efetivo Exercício na Educação Básica;2;PREFEITURA MUNICIPAL DE UBERLÂNDIA;Remuneração de Depósito Bancários - FUNDEB;SECRETARIA MUNICIPAL DE EDUCAÇÃO;07;263975.67;610600.60
02;1321010101;2022;119;Transferências do FUNDEB para Aplicação em Outras Despesas da Educação Básica;2;PREFEITURA MUNICIPAL DE UBERLÂNDIA;Remuneração de Depósito Bancários - FUNDEB;SECRETARIA MUNICIPAL DE EDUCAÇÃO;07;113132.41;488480.48
02;1321010101;2022;118;Transferências do FUNDEB para Aplicação na Remuneração dos Profissionais do Magistério em Efetivo Exercício na Educação Básica;3;PREFEITURA MUNICIPAL DE UBERLÂNDIA;Remuneração de Depósito Bancários - FUNDEB;SECRETARIA MUNICIPAL DE EDUCAÇÃO;07;409883.01;61105.49
02;1321010101;2022;119;Transferências do FUNDEB para Aplicação em Outras Despesas da Educação Básica;3;PREFEITURA MUNICIPAL DE UBERLÂNDIA;Remuneração de Depósito Bancários - FUNDEB;SECRETARIA MUNICIPAL DE EDUCAÇÃO;07;175664.15;48884.39
02;1321010101;2022;118;Transferências do FUNDEB para Aplicação na Remuneração dos Profissionais do Magistério em Efetivo Exercício na Educação Básica;4;PREFEITURA MUNICIPAL DE UBERLÂNDIA;Remuneração de Depósito Bancários - FUNDEB;SECRETARIA MUNICIPAL DE EDUCAÇÃO;07;358827.83;55970.20
02;1321010101;2022;119;Transferências do FUNDEB para Aplicação em Outras Despesas da Educação Básica;4;PREFEITURA MUNICIPAL DE UBERLÂNDIA;Remuneração de Depósito Bancários - FUNDEB;SECRETARIA MUNICIPAL DE EDUCAÇÃO;07;153783.36;44776.16
02;1321010101;2022;118;Transferências do FUNDEB para Aplicação na Remuneração dos Profissionais do Magistério em Efetivo Exercício na Educação Básica;5;PREFEITURA MUNICIPAL DE UBERLÂNDIA;Remuneração de Depósito Bancários - FUNDEB;SECRETARIA MUNICIPAL DE EDUCAÇÃO;07;442051.57;75726.40
02;1321010101;2022;119;Transferências do FUNDEB para Aplicação em Outras Despesas da Educação Básica;5;PREFEITURA MUNICIPAL DE UBERLÂNDIA;Remuneração de Depósito Bancários - FUNDEB;SECRETARIA MUNICIPAL DE EDUCAÇÃO;07;189450.66;60581.12
02;1321010101;2022;118;Transferências do FUNDEB para Aplicação na Remuneração dos Profissionais do Magistério em Efetivo Exercício na Educação Básica;6;PREFEITURA MUNICIPAL DE UBERLÂNDIA;Remuneração de Depósito Bancários - FUNDEB;SECRETARIA MUNICIPAL DE EDUCAÇÃO;07;456464.43;85230.11
02;1321010101;2022;119;Transferências do FUNDEB para Aplicação em Outras Despesas da Educação Básica;6;PREFEITURA MUNICIPAL DE UBERLÂNDIA;Remuneração de Depósito Bancários - FUNDEB;SECRETARIA MUNICIPAL DE EDUCAÇÃO;07;195627.58;68184.09
02;1321010101;2022;118;Transferências do FUNDEB para Aplicação na Remuneração dos Profissionais do Magistério em Efetivo Exercício na Educação Básica;7;PREFEITURA MUNICIPAL DE UBERLÂNDIA;Remuneração de Depósito Bancários - FUNDEB;SECRETARIA MUNICIPAL DE EDUCAÇÃO;07;440718.78;12204.78
02;1321010101;2022;119;Transferências do FUNDEB para Aplicação em Outras Despesas da Educação Básica;7;PREFEITURA MUNICIPAL DE UBERLÂNDIA;Remuneração de Depósito Bancários - FUNDEB;SECRETARIA MUNICIPAL DE EDUCAÇÃO;07;188879.47;9763.82
02;1321010101;2022;118;Transferências do FUNDEB para Aplicação na Remuneração dos Profissionais do Magistério em Efetivo Exercício na Educação Básica;8;PREFEITURA MUNICIPAL DE UBERLÂNDIA;Remuneração de Depósito Bancários - FUNDEB;SECRETARIA MUNICIPAL DE EDUCAÇÃO;07;414647.59;11244.22
02;1321010101;2022;119;Transferências do FUNDEB para Aplicação em Outras Despesas da Educação Básica;8;PREFEITURA MUNICIPAL DE UBERLÂNDIA;Remuneração de Depósito Bancários - FUNDEB;SECRETARIA MUNICIPAL DE EDUCAÇÃO;07;177706.12;8995.37
02;1321010101;2022;118;Transferências do FUNDEB para Aplicação na Remuneração dos Profissionais do Magistério em Efetivo Exercício na Educação Básica;9;PREFEITURA MUNICIPAL DE UBERLÂNDIA;Remuneração de Depósito Bancários - FUNDEB;SECRETARIA MUNICIPAL DE EDUCAÇÃO;07;499958.35;10921.51
02;1321010101;2022;119;Transferências do FUNDEB para Aplicação em Outras Despesas da Educação Básica;9;PREFEITURA MUNICIPAL DE UBERLÂNDIA;Remuneração de Depósito Bancários - FUNDEB;SECRETARIA MUNICIPAL DE EDUCAÇÃO;07;214267.87;8737.21
02;1321010101;2022;118;Transferências do FUNDEB para Aplicação na Remuneração dos Profissionais do Magistério em Efetivo Exercício na Educação Básica;10;PREFEITURA MUNICIPAL DE UBERLÂNDIA;Remuneração de Depósito Bancários - FUNDEB;SECRETARIA MUNICIPAL DE EDUCAÇÃO;07;611406.28;12375.02
02;1321010101;2022;119;Transferências do FUNDEB para Aplicação em Outras Despesas da Educação Básica;10;PREFEITURA MUNICIPAL DE UBERLÂNDIA;Remuneração de Depósito Bancários - FUNDEB;SECRETARIA MUNICIPAL DE EDUCAÇÃO;07;262031.25;9900.02
02;1321010101;2022;118;Transferências do FUNDEB para Aplicação na Remuneração dos Profissionais do Magistério em Efetivo Exercício na Educação Básica;11;PREFEITURA MUNICIPAL DE UBERLÂNDIA;Remuneração de Depósito Bancários - FUNDEB;SECRETARIA MUNICIPAL DE EDUCAÇÃO;07;616683.89;16493.44
02;1321010101;2022;119;Transferências do FUNDEB para Aplicação em Outras Despesas da Educação Básica;11;PREFEITURA MUNICIPAL DE UBERLÂNDIA;Remuneração de Depósito Bancários - FUNDEB;SECRETARIA MUNICIPAL DE EDUCAÇÃO;07;264293.10;13194.75
02;1321010101;2022;118;Transferências do FUNDEB para Aplicação na Remuneração dos Profissionais do Magistério em Efetivo Exercício na Educação Básica;12;PREFEITURA MUNICIPAL DE UBERLÂNDIA;Remuneração de Depósito Bancários - FUNDEB;SECRETARIA MUNICIPAL DE EDUCAÇÃO;07;541084.02;17297.63
02;1321010101;2022;119;Transferências do FUNDEB para Aplicação em Outras Despesas da Educação Básica;12;PREFEITURA MUNICIPAL DE UBERLÂNDIA;Remuneração de Depósito Bancários - FUNDEB;SECRETARIA MUNICIPAL DE EDUCAÇÃO;07;231893.13;13838.11
02;1321010102;2022;159;Transferência de Recursos do Sistema Único de Saúde - SUS - Bloco Custeio das Ações e Serviços Públicos de Saúde./ Transferência de Recursos do Sistema Único de Saúde-SUS-Bloco de Manutenção das Ações e Serviços Públicos de Saúde;1;PREFEITURA MUNICIPAL DE UBERLÂNDIA;Rem de Dep Banc - Bloco Custeio - Saúde;SECRETARIA MUNICIPAL DE SAÚDE;09;236891.57;61013.73
02;1321010102;2022;159;Transferência de Recursos do Sistema Único de Saúde - SUS - Bloco Custeio das Ações e Serviços Públicos de Saúde./ Transferência de Recursos do Sistema Único de Saúde-SUS-Bloco de Manutenção das Ações e Serviços Públicos de Saúde;2;PREFEITURA MUNICIPAL DE UBERLÂNDIA;Rem de Dep Banc - Bloco Custeio - Saúde;SECRETARIA MUNICIPAL DE SAÚDE;09;254312.43;40329.36
02;1321010102;2022;159;Transferência de Recursos do Sistema Único de Saúde - SUS - Bloco Custeio das Ações e Serviços Públicos de Saúde./ Transferência de Recursos do Sistema Único de Saúde-SUS-Bloco de Manutenção das Ações e Serviços Públicos de Saúde;3;PREFEITURA MUNICIPAL DE UBERLÂNDIA;Rem de Dep Banc - Bloco Custeio - Saúde;SECRETARIA MUNICIPAL DE SAÚDE;09;337202.58;92888.74
02;1321010102;2022;159;Transferência de Recursos do Sistema Único de Saúde - SUS - Bloco Custeio das Ações e Serviços Públicos de Saúde./ Transferência de Recursos do Sistema Único de Saúde-SUS-Bloco de Manutenção das Ações e Serviços Públicos de Saúde;4;PREFEITURA MUNICIPAL DE UBERLÂNDIA;Rem de Dep Banc - Bloco Custeio - Saúde;SECRETARIA MUNICIPAL DE SAÚDE;09;297647.77;143158.24
02;1321010102;2022;159;Transferência de Recursos do Sistema Único de Saúde - SUS - Bloco Custeio das Ações e Serviços Públicos de Saúde./ Transferência de Recursos do Sistema Único de Saúde-SUS-Bloco de Manutenção das Ações e Serviços Públicos de Saúde;5;PREFEITURA MUNICIPAL DE UBERLÂNDIA;Rem de Dep Banc - Bloco Custeio - Saúde;SECRETARIA MUNICIPAL DE SAÚDE;09;306889.82;215479.98
02;1321010102;2022;159;Transferência de Recursos do Sistema Único de Saúde - SUS - Bloco Custeio das Ações e Serviços Públicos de Saúde./ Transferência de Recursos do Sistema Único de Saúde-SUS-Bloco de Manutenção das Ações e Serviços Públicos de Saúde;6;PREFEITURA MUNICIPAL DE UBERLÂNDIA;Rem de Dep Banc - Bloco Custeio - Saúde;SECRETARIA MUNICIPAL DE SAÚDE;09;303915.44;273055.63
02;1321010102;2022;159;Transferência de Recursos do Sistema Único de Saúde - SUS - Bloco Custeio das Ações e Serviços Públicos de Saúde./ Transferência de Recursos do Sistema Único de Saúde-SUS-Bloco de Manutenção das Ações e Serviços Públicos de Saúde;7;PREFEITURA MUNICIPAL DE UBERLÂNDIA;Rem de Dep Banc - Bloco Custeio - Saúde;SECRETARIA MUNICIPAL DE SAÚDE;09;346642.61;26634.03
02;1321010102;2022;159;Transferência de Recursos do Sistema Único de Saúde - SUS - Bloco Custeio das Ações e Serviços Públicos de Saúde./ Transferência de Recursos do Sistema Único de Saúde-SUS-Bloco de Manutenção das Ações e Serviços Públicos de Saúde;8;PREFEITURA MUNICIPAL DE UBERLÂNDIA;Rem de Dep Banc - Bloco Custeio - Saúde;SECRETARIA MUNICIPAL DE SAÚDE;09;394900.02;20119.53
02;1321010102;2022;159;Transferência de Recursos do Sistema Único de Saúde - SUS - Bloco Custeio das Ações e Serviços Públicos de Saúde./ Transferência de Recursos do Sistema Único de Saúde-SUS-Bloco de Manutenção das Ações e Serviços Públicos de Saúde;9;PREFEITURA MUNICIPAL DE UBERLÂNDIA;Rem de Dep Banc - Bloco Custeio - Saúde;SECRETARIA MUNICIPAL DE SAÚDE;09;422463.33;15030.21
02;1321010102;2022;159;Transferência de Recursos do Sistema Único de Saúde - SUS - Bloco Custeio das Ações e Serviços Públicos de Saúde./ Transferência de Recursos do Sistema Único de Saúde-SUS-Bloco de Manutenção das Ações e Serviços Públicos de Saúde;10;PREFEITURA MUNICIPAL DE UBERLÂNDIA;Rem de Dep Banc - Bloco Custeio - Saúde;SECRETARIA MUNICIPAL DE SAÚDE;09;457734.06;36383.17
02;1321010102;2022;159;Transferência de Recursos do Sistema Único de Saúde - SUS - Bloco Custeio das Ações e Serviços Públicos de Saúde./ Transferência de Recursos do Sistema Único de Saúde-SUS-Bloco de Manutenção das Ações e Serviços Públicos de Saúde;11;PREFEITURA MUNICIPAL DE UBERLÂNDIA;Rem de Dep Banc - Bloco Custeio - Saúde;SECRETARIA MUNICIPAL DE SAÚDE;09;492775.88;39390.13
02;1321010102;2022;159;Transferência de Recursos do Sistema Único de Saúde - SUS - Bloco Custeio das Ações e Serviços Públicos de Saúde./ Transferência de Recursos do Sistema Único de Saúde-SUS-Bloco de Manutenção das Ações e Serviços Públicos de Saúde;12;PREFEITURA MUNICIPAL DE UBERLÂNDIA;Rem de Dep Banc - Bloco Custeio - Saúde;SECRETARIA MUNICIPAL DE SAÚDE;09;434402.56;36517.25
02;1321010103;2022;153;Transferências de Recursos do SUS para Investimentos na Rede de Serviços de Saúde/ Transferências de Recursos do Sistema Único de Saúde-SUS-Bloco de Estruturação da Rede de Serviços Públicos de Saúde;1;PREFEITURA MUNICIPAL DE UBERLÂNDIA;Rem de Dep Banc - Bloco de Investimento - Saúde;SECRETARIA MUNICIPAL DE SAÚDE;09;31107.78;4231.20
02;1321010103;2022;153;Transferências de Recursos do SUS para Investimentos na Rede de Serviços de Saúde/ Transferências de Recursos do Sistema Único de Saúde-SUS-Bloco de Estruturação da Rede de Serviços Públicos de Saúde;2;PREFEITURA MUNICIPAL DE UBERLÂNDIA;Rem de Dep Banc - Bloco de Investimento - Saúde;SECRETARIA MUNICIPAL DE SAÚDE;09;31458.89;3323.27
02;1321010103;2022;153;Transferências de Recursos do SUS para Investimentos na Rede de Serviços de Saúde/ Transferências de Recursos do Sistema Único de Saúde-SUS-Bloco de Estruturação da Rede de Serviços Públicos de Saúde;3;PREFEITURA MUNICIPAL DE UBERLÂNDIA;Rem de Dep Banc - Bloco de Investimento - Saúde;SECRETARIA MUNICIPAL DE SAÚDE;09;38497.80;3480.61
02;1321010103;2022;153;Transferências de Recursos do SUS para Investimentos na Rede de Serviços de Saúde/ Transferências de Recursos do Sistema Único de Saúde-SUS-Bloco de Estruturação da Rede de Serviços Públicos de Saúde;4;PREFEITURA MUNICIPAL DE UBERLÂNDIA;Rem de Dep Banc - Bloco de Investimento - Saúde;SECRETARIA MUNICIPAL DE SAÚDE;09;35396.64;6100.09
02;1321010103;2022;153;Transferências de Recursos do SUS para Investimentos na Rede de Serviços de Saúde/ Transferências de Recursos do Sistema Único de Saúde-SUS-Bloco de Estruturação da Rede de Serviços Públicos de Saúde;5;PREFEITURA MUNICIPAL DE UBERLÂNDIA;Rem de Dep Banc - Bloco de Investimento - Saúde;SECRETARIA MUNICIPAL DE SAÚDE;09;44069.50;5902.85
02;1321010103;2022;153;Transferências de Recursos do SUS para Investimentos na Rede de Serviços de Saúde/ Transferências de Recursos do Sistema Único de Saúde-SUS-Bloco de Estruturação da Rede de Serviços Públicos de Saúde;6;PREFEITURA MUNICIPAL DE UBERLÂNDIA;Rem de Dep Banc - Bloco de Investimento - Saúde;SECRETARIA MUNICIPAL DE SAÚDE;09;42927.50;5950.13
02;1321010103;2022;153;Transferências de Recursos do SUS para Investimentos na Rede de Serviços de Saúde/ Transferências de Recursos do Sistema Único de Saúde-SUS-Bloco de Estruturação da Rede de Serviços Públicos de Saúde;7;PREFEITURA MUNICIPAL DE UBERLÂNDIA;Rem de Dep Banc - Bloco de Investimento - Saúde;SECRETARIA MUNICIPAL DE SAÚDE;09;42985.81;4846.84
02;1321010103;2022;153;Transferências de Recursos do SUS para Investimentos na Rede de Serviços de Saúde/ Transferências de Recursos do Sistema Único de Saúde-SUS-Bloco de Estruturação da Rede de Serviços Públicos de Saúde;8;PREFEITURA MUNICIPAL DE UBERLÂNDIA;Rem de Dep Banc - Bloco de Investimento - Saúde;SECRETARIA MUNICIPAL DE SAÚDE;09;44894.52;3777.64
02;1321010103;2022;153;Transferências de Recursos do SUS para Investimentos na Rede de Serviços de Saúde/ Transferências de Recursos do Sistema Único de Saúde-SUS-Bloco de Estruturação da Rede de Serviços Públicos de Saúde;9;PREFEITURA MUNICIPAL DE UBERLÂNDIA;Rem de Dep Banc - Bloco de Investimento - Saúde;SECRETARIA MUNICIPAL DE SAÚDE;09;39881.94;2896.13
02;1321010103;2022;153;Transferências de Recursos do SUS para Investimentos na Rede de Serviços de Saúde/ Transferências de Recursos do Sistema Único de Saúde-SUS-Bloco de Estruturação da Rede de Serviços Públicos de Saúde;10;PREFEITURA MUNICIPAL DE UBERLÂNDIA;Rem de Dep Banc - Bloco de Investimento - Saúde;SECRETARIA MUNICIPAL DE SAÚDE;09;37887.50;3337.14
02;1321010103;2022;153;Transferências de Recursos do SUS para Investimentos na Rede de Serviços de Saúde/ Transferências de Recursos do Sistema Único de Saúde-SUS-Bloco de Estruturação da Rede de Serviços Públicos de Saúde;11;PREFEITURA MUNICIPAL DE UBERLÂNDIA;Rem de Dep Banc - Bloco de Investimento - Saúde;SECRETARIA MUNICIPAL DE SAÚDE;09;38009.59;3215.15
02;1321010103;2022;153;Transferências de Recursos do SUS para Investimentos na Rede de Serviços de Saúde/ Transferências de Recursos do Sistema Único de Saúde-SUS-Bloco de Estruturação da Rede de Serviços Públicos de Saúde;12;PREFEITURA MUNICIPAL DE UBERLÂNDIA;Rem de Dep Banc - Bloco de Investimento - Saúde;SECRETARIA MUNICIPAL DE SAÚDE;09;41460.56;2938.95
02;1321010104;2022;123;Transferências de Convênios Vinculados à Saúde/ Transferências do Governo Federal referentes a Convênios e outros Repasses vinculados à Saúde;1;PREFEITURA MUNICIPAL DE UBERLÂNDIA;Rem de Dep Banc -  Convênios Saúde;SECRETARIA MUNICIPAL DE SAÚDE;09;11269.04;11021.26
02;1321010104;2022;123;Transferências de Convênios Vinculados à Saúde/ Transferências do Governo Federal referentes a Convênios e outros Repasses vinculados à Saúde;2;PREFEITURA MUNICIPAL DE UBERLÂNDIA;Rem de Dep Banc -  Convênios Saúde;SECRETARIA MUNICIPAL DE SAÚDE;09;0.03;8880.86
02;1321010104;2022;123;Transferências de Convênios Vinculados à Saúde/ Transferências do Governo Federal referentes a Convênios e outros Repasses vinculados à Saúde;3;PREFEITURA MUNICIPAL DE UBERLÂNDIA;Rem de Dep Banc -  Convênios Saúde;SECRETARIA MUNICIPAL DE SAÚDE;09;0.02;9805.49
02;1321010104;2022;123;Transferências de Convênios Vinculados à Saúde/ Transferências do Governo Federal referentes a Convênios e outros Repasses vinculados à Saúde;4;PREFEITURA MUNICIPAL DE UBERLÂNDIA;Rem de Dep Banc -  Convênios Saúde;SECRETARIA MUNICIPAL DE SAÚDE;09;0.02;9690.07
02;1321010104;2022;123;Transferências de Convênios Vinculados à Saúde/ Transferências do Governo Federal referentes a Convênios e outros Repasses vinculados à Saúde;5;PREFEITURA MUNICIPAL DE UBERLÂNDIA;Rem de Dep Banc -  Convênios Saúde;SECRETARIA MUNICIPAL DE SAÚDE;09;0.03;10592.99
02;1321010104;2022;123;Transferências de Convênios Vinculados à Saúde/ Transferências do Governo Federal referentes a Convênios e outros Repasses vinculados à Saúde;6;PREFEITURA MUNICIPAL DE UBERLÂNDIA;Rem de Dep Banc -  Convênios Saúde;SECRETARIA MUNICIPAL DE SAÚDE;09;0.03;10140.19
02;1321010104;2022;123;Transferências de Convênios Vinculados à Saúde/ Transferências do Governo Federal referentes a Convênios e outros Repasses vinculados à Saúde;7;PREFEITURA MUNICIPAL DE UBERLÂNDIA;Rem de Dep Banc -  Convênios Saúde;SECRETARIA MUNICIPAL DE SAÚDE;09;0.03;8063.28
02;1321010104;2022;123;Transferências de Convênios Vinculados à Saúde/ Transferências do Governo Federal referentes a Convênios e outros Repasses vinculados à Saúde;8;PREFEITURA MUNICIPAL DE UBERLÂNDIA;Rem de Dep Banc -  Convênios Saúde;SECRETARIA MUNICIPAL DE SAÚDE;09;0.04;6877.29
02;1321010104;2022;123;Transferências de Convênios Vinculados à Saúde/ Transferências do Governo Federal referentes a Convênios e outros Repasses vinculados à Saúde;9;PREFEITURA MUNICIPAL DE UBERLÂNDIA;Rem de Dep Banc -  Convênios Saúde;SECRETARIA MUNICIPAL DE SAÚDE;09;0.03;5760.63
02;1321010104;2022;123;Transferências de Convênios Vinculados à Saúde/ Transferências do Governo Federal referentes a Convênios e outros Repasses vinculados à Saúde;10;PREFEITURA MUNICIPAL DE UBERLÂNDIA;Rem de Dep Banc -  Convênios Saúde;SECRETARIA MUNICIPAL DE SAÚDE;09;0.03;7376.92
02;1321010104;2022;123;Transferências de Convênios Vinculados à Saúde/ Transferências do Governo Federal referentes a Convênios e outros Repasses vinculados à Saúde;11;PREFEITURA MUNICIPAL DE UBERLÂNDIA;Rem de Dep Banc -  Convênios Saúde;SECRETARIA MUNICIPAL DE SAÚDE;09;0.04;5978.53
02;1321010104;2022;123;Transferências de Convênios Vinculados à Saúde/ Transferências do Governo Federal referentes a Convênios e outros Repasses vinculados à Saúde;12;PREFEITURA MUNICIPAL DE UBERLÂNDIA;Rem de Dep Banc -  Convênios Saúde;SECRETARIA MUNICIPAL DE SAÚDE;09;0.03;5812.49
02;1321010105;2022;154;Outras Transferências de Recursos do SUS;1;PREFEITURA MUNICIPAL DE UBERLÂNDIA;Rem de Dep Banc - Outras Transferências do SUS;SECRETARIA MUNICIPAL DE SAÚDE;09;350.94;3539.16
02;1321010105;2022;154;Outras Transferências de Recursos do SUS;2;PREFEITURA MUNICIPAL DE UBERLÂNDIA;Rem de Dep Banc - Outras Transferências do SUS;SECRETARIA MUNICIPAL DE SAÚDE;09;376.14;2761.44
02;1321010105;2022;154;Outras Transferências de Recursos do SUS;3;PREFEITURA MUNICIPAL DE UBERLÂNDIA;Rem de Dep Banc - Outras Transferências do SUS;SECRETARIA MUNICIPAL DE SAÚDE;09;471.09;2869.16
02;1321010105;2022;154;Outras Transferências de Recursos do SUS;4;PREFEITURA MUNICIPAL DE UBERLÂNDIA;Rem de Dep Banc - Outras Transferências do SUS;SECRETARIA MUNICIPAL DE SAÚDE;09;403.14;1280.00
02;1321010105;2022;154;Outras Transferências de Recursos do SUS;5;PREFEITURA MUNICIPAL DE UBERLÂNDIA;Rem de Dep Banc - Outras Transferências do SUS;SECRETARIA MUNICIPAL DE SAÚDE;09;511.17;1650.87
02;1321010105;2022;154;Outras Transferências de Recursos do SUS;6;PREFEITURA MUNICIPAL DE UBERLÂNDIA;Rem de Dep Banc - Outras Transferências do SUS;SECRETARIA MUNICIPAL DE SAÚDE;09;512.34;1903.88
02;1321010105;2022;154;Outras Transferências de Recursos do SUS;7;PREFEITURA MUNICIPAL DE UBERLÂNDIA;Rem de Dep Banc - Outras Transferências do SUS;SECRETARIA MUNICIPAL DE SAÚDE;09;530.42;886.18
02;1321010105;2022;154;Outras Transferências de Recursos do SUS;8;PREFEITURA MUNICIPAL DE UBERLÂNDIA;Rem de Dep Banc - Outras Transferências do SUS;SECRETARIA MUNICIPAL DE SAÚDE;09;609.56;1008.84
02;1321010105;2022;154;Outras Transferências de Recursos do SUS;9;PREFEITURA MUNICIPAL DE UBERLÂNDIA;Rem de Dep Banc - Outras Transferências do SUS;SECRETARIA MUNICIPAL DE SAÚDE;09;566.12;1006.60
02;1321010105;2022;154;Outras Transferências de Recursos do SUS;10;PREFEITURA MUNICIPAL DE UBERLÂNDIA;Rem de Dep Banc - Outras Transferências do SUS;SECRETARIA MUNICIPAL DE SAÚDE;09;544.02;1227.69
02;1321010105;2022;154;Outras Transferências de Recursos do SUS;11;PREFEITURA MUNICIPAL DE UBERLÂNDIA;Rem de Dep Banc - Outras Transferências do SUS;SECRETARIA MUNICIPAL DE SAÚDE;09;549.24;1024.53
02;1321010105;2022;154;Outras Transferências de Recursos do SUS;12;PREFEITURA MUNICIPAL DE UBERLÂNDIA;Rem de Dep Banc - Outras Transferências do SUS;SECRETARIA MUNICIPAL DE SAÚDE;09;608.52;841.65
02;1321010106;2022;155;Transferências de Recursos do Fundo Estadual de Saúde;1;PREFEITURA MUNICIPAL DE UBERLÂNDIA;Rem de Dep Banc - Transf do Estado para o SUS;SECRETARIA MUNICIPAL DE SAÚDE;09;279504.17;14386.71
02;1321010106;2022;155;Transferências de Recursos do Fundo Estadual de Saúde;2;PREFEITURA MUNICIPAL DE UBERLÂNDIA;Rem de Dep Banc - Transf do Estado para o SUS;SECRETARIA MUNICIPAL DE SAÚDE;09;275969.29;13070.74
02;1321010106;2022;155;Transferências de Recursos do Fundo Estadual de Saúde;3;PREFEITURA MUNICIPAL DE UBERLÂNDIA;Rem de Dep Banc - Transf do Estado para o SUS;SECRETARIA MUNICIPAL DE SAÚDE;09;916282.22;18174.40
02;1321010106;2022;155;Transferências de Recursos do Fundo Estadual de Saúde;4;PREFEITURA MUNICIPAL DE UBERLÂNDIA;Rem de Dep Banc - Transf do Estado para o SUS;SECRETARIA MUNICIPAL DE SAÚDE;09;1975084.48;22826.16
02;1321010106;2022;155;Transferências de Recursos do Fundo Estadual de Saúde;5;PREFEITURA MUNICIPAL DE UBERLÂNDIA;Rem de Dep Banc - Transf do Estado para o SUS;SECRETARIA MUNICIPAL DE SAÚDE;09;774292.54;26201.91
02;1321010106;2022;155;Transferências de Recursos do Fundo Estadual de Saúde;6;PREFEITURA MUNICIPAL DE UBERLÂNDIA;Rem de Dep Banc - Transf do Estado para o SUS;SECRETARIA MUNICIPAL DE SAÚDE;09;793929.82;37263.35
02;1321010106;2022;155;Transferências de Recursos do Fundo Estadual de Saúde;7;PREFEITURA MUNICIPAL DE UBERLÂNDIA;Rem de Dep Banc - Transf do Estado para o SUS;SECRETARIA MUNICIPAL DE SAÚDE;09;789724.19;13028.88
02;1321010106;2022;155;Transferências de Recursos do Fundo Estadual de Saúde;8;PREFEITURA MUNICIPAL DE UBERLÂNDIA;Rem de Dep Banc - Transf do Estado para o SUS;SECRETARIA MUNICIPAL DE SAÚDE;09;944701.82;11564.41
02;1321010106;2022;155;Transferências de Recursos do Fundo Estadual de Saúde;9;PREFEITURA MUNICIPAL DE UBERLÂNDIA;Rem de Dep Banc - Transf do Estado para o SUS;SECRETARIA MUNICIPAL DE SAÚDE;09;819114.16;8638.29
02;1321010106;2022;155;Transferências de Recursos do Fundo Estadual de Saúde;10;PREFEITURA MUNICIPAL DE UBERLÂNDIA;Rem de Dep Banc - Transf do Estado para o SUS;SECRETARIA MUNICIPAL DE SAÚDE;09;770150.74;12523.70
02;1321010106;2022;155;Transferências de Recursos do Fundo Estadual de Saúde;11;PREFEITURA MUNICIPAL DE UBERLÂNDIA;Rem de Dep Banc - Transf do Estado para o SUS;SECRETARIA MUNICIPAL DE SAÚDE;09;766137.27;11742.86
02;1321010106;2022;155;Transferências de Recursos do Fundo Estadual de Saúde;12;PREFEITURA MUNICIPAL DE UBERLÂNDIA;Rem de Dep Banc - Transf do Estado para o SUS;SECRETARIA MUNICIPAL DE SAÚDE;09;945800.11;10578.59
02;1321010107;2022;116;Contribuição de Intervenção do Domínio Econômico (CIDE);1;PREFEITURA MUNICIPAL DE UBERLÂNDIA;Rem de Dep Banc -  CIDE - Trânsito;SECRETARIA MUNICIPAL DE TRÂNSITO E TRANSPORTES;15;5043.72;2433.37
02;1321010107;2022;116;Contribuição de Intervenção do Domínio Econômico (CIDE);2;PREFEITURA MUNICIPAL DE UBERLÂNDIA;Rem de Dep Banc -  CIDE - Trânsito;SECRETARIA MUNICIPAL DE TRÂNSITO E TRANSPORTES;15;5601.29;2058.13
02;1321010107;2022;116;Contribuição de Intervenção do Domínio Econômico (CIDE);3;PREFEITURA MUNICIPAL DE UBERLÂNDIA;Rem de Dep Banc -  CIDE - Trânsito;SECRETARIA MUNICIPAL DE TRÂNSITO E TRANSPORTES;15;7008.89;2234.22
02;1321010107;2022;116;Contribuição de Intervenção do Domínio Econômico (CIDE);4;PREFEITURA MUNICIPAL DE UBERLÂNDIA;Rem de Dep Banc -  CIDE - Trânsito;SECRETARIA MUNICIPAL DE TRÂNSITO E TRANSPORTES;15;6469.76;2222.36
02;1321010107;2022;116;Contribuição de Intervenção do Domínio Econômico (CIDE);5;PREFEITURA MUNICIPAL DE UBERLÂNDIA;Rem de Dep Banc -  CIDE - Trânsito;SECRETARIA MUNICIPAL DE TRÂNSITO E TRANSPORTES;15;8624.84;2308.20
02;1321010107;2022;116;Contribuição de Intervenção do Domínio Econômico (CIDE);6;PREFEITURA MUNICIPAL DE UBERLÂNDIA;Rem de Dep Banc -  CIDE - Trânsito;SECRETARIA MUNICIPAL DE TRÂNSITO E TRANSPORTES;15;8604.60;2268.15
02;1321010107;2022;116;Contribuição de Intervenção do Domínio Econômico (CIDE);7;PREFEITURA MUNICIPAL DE UBERLÂNDIA;Rem de Dep Banc -  CIDE - Trânsito;SECRETARIA MUNICIPAL DE TRÂNSITO E TRANSPORTES;15;9418.53;2129.02
02;1321010107;2022;116;Contribuição de Intervenção do Domínio Econômico (CIDE);8;PREFEITURA MUNICIPAL DE UBERLÂNDIA;Rem de Dep Banc -  CIDE - Trânsito;SECRETARIA MUNICIPAL DE TRÂNSITO E TRANSPORTES;15;7668.04;1937.87
02;1321010107;2022;116;Contribuição de Intervenção do Domínio Econômico (CIDE);9;PREFEITURA MUNICIPAL DE UBERLÂNDIA;Rem de Dep Banc -  CIDE - Trânsito;SECRETARIA MUNICIPAL DE TRÂNSITO E TRANSPORTES;15;6506.73;1570.46
02;1321010107;2022;116;Contribuição de Intervenção do Domínio Econômico (CIDE);10;PREFEITURA MUNICIPAL DE UBERLÂNDIA;Rem de Dep Banc -  CIDE - Trânsito;SECRETARIA MUNICIPAL DE TRÂNSITO E TRANSPORTES;15;6370.56;1997.77
02;1321010107;2022;116;Contribuição de Intervenção do Domínio Econômico (CIDE);11;PREFEITURA MUNICIPAL DE UBERLÂNDIA;Rem de Dep Banc -  CIDE - Trânsito;SECRETARIA MUNICIPAL DE TRÂNSITO E TRANSPORTES;15;6489.29;1537.35
02;1321010107;2022;116;Contribuição de Intervenção do Domínio Econômico (CIDE);12;PREFEITURA MUNICIPAL DE UBERLÂNDIA;Rem de Dep Banc -  CIDE - Trânsito;SECRETARIA MUNICIPAL DE TRÂNSITO E TRANSPORTES;15;7194.13;1303.10
02;1321010108;2022;129;Transferências de Recursos do Fundo Nacional de Assistência Social (FNAS);1;PREFEITURA MUNICIPAL DE UBERLÂNDIA;Rem de Dep Banc -  FN de Assistência Social;SECRETARIA MUNICIPAL DE DESENVOLVIMENTO SOCIAL E T;10;47701.83;3183.55
02;1321010108;2022;129;Transferências de Recursos do Fundo Nacional de Assistência Social (FNAS);2;PREFEITURA MUNICIPAL DE UBERLÂNDIA;Rem de Dep Banc -  FN de Assistência Social;SECRETARIA MUNICIPAL DE DESENVOLVIMENTO SOCIAL E T;10;50068.35;2549.00
02;1321010108;2022;129;Transferências de Recursos do Fundo Nacional de Assistência Social (FNAS);3;PREFEITURA MUNICIPAL DE UBERLÂNDIA;Rem de Dep Banc -  FN de Assistência Social;SECRETARIA MUNICIPAL DE DESENVOLVIMENTO SOCIAL E T;10;63868.59;2958.78
02;1321010108;2022;129;Transferências de Recursos do Fundo Nacional de Assistência Social (FNAS);4;PREFEITURA MUNICIPAL DE UBERLÂNDIA;Rem de Dep Banc -  FN de Assistência Social;SECRETARIA MUNICIPAL DE DESENVOLVIMENTO SOCIAL E T;10;55242.40;3074.82
02;1321010108;2022;129;Transferências de Recursos do Fundo Nacional de Assistência Social (FNAS);5;PREFEITURA MUNICIPAL DE UBERLÂNDIA;Rem de Dep Banc -  FN de Assistência Social;SECRETARIA MUNICIPAL DE DESENVOLVIMENTO SOCIAL E T;10;72472.71;3560.42
02;1321010108;2022;129;Transferências de Recursos do Fundo Nacional de Assistência Social (FNAS);6;PREFEITURA MUNICIPAL DE UBERLÂNDIA;Rem de Dep Banc -  FN de Assistência Social;SECRETARIA MUNICIPAL DE DESENVOLVIMENTO SOCIAL E T;10;70812.27;3763.16
02;1321010108;2022;129;Transferências de Recursos do Fundo Nacional de Assistência Social (FNAS);7;PREFEITURA MUNICIPAL DE UBERLÂNDIA;Rem de Dep Banc -  FN de Assistência Social;SECRETARIA MUNICIPAL DE DESENVOLVIMENTO SOCIAL E T;10;70838.02;2467.75
02;1321010108;2022;129;Transferências de Recursos do Fundo Nacional de Assistência Social (FNAS);8;PREFEITURA MUNICIPAL DE UBERLÂNDIA;Rem de Dep Banc -  FN de Assistência Social;SECRETARIA MUNICIPAL DE DESENVOLVIMENTO SOCIAL E T;10;80821.65;2029.81
02;1321010108;2022;129;Transferências de Recursos do Fundo Nacional de Assistência Social (FNAS);9;PREFEITURA MUNICIPAL DE UBERLÂNDIA;Rem de Dep Banc -  FN de Assistência Social;SECRETARIA MUNICIPAL DE DESENVOLVIMENTO SOCIAL E T;10;73468.69;1619.12
02;1321010108;2022;129;Transferências de Recursos do Fundo Nacional de Assistência Social (FNAS);10;PREFEITURA MUNICIPAL DE UBERLÂNDIA;Rem de Dep Banc -  FN de Assistência Social;SECRETARIA MUNICIPAL DE DESENVOLVIMENTO SOCIAL E T;10;71300.77;1914.25
02;1321010108;2022;129;Transferências de Recursos do Fundo Nacional de Assistência Social (FNAS);11;PREFEITURA MUNICIPAL DE UBERLÂNDIA;Rem de Dep Banc -  FN de Assistência Social;SECRETARIA MUNICIPAL DE DESENVOLVIMENTO SOCIAL E T;10;67066.52;1473.36
02;1321010108;2022;129;Transferências de Recursos do Fundo Nacional de Assistência Social (FNAS);12;PREFEITURA MUNICIPAL DE UBERLÂNDIA;Rem de Dep Banc -  FN de Assistência Social;SECRETARIA MUNICIPAL DE DESENVOLVIMENTO SOCIAL E T;10;72452.75;1405.98
02;1321010109;2022;142;Transferências de Convênios Vinculados à Assistência Social;1;PREFEITURA MUNICIPAL DE UBERLÂNDIA;Rem de Dep Banc - Convênios Desenvolvimento Social;SECRETARIA MUNICIPAL DE DESENVOLVIMENTO SOCIAL E T;10;1308.37;592.18
02;1321010109;2022;142;Transferências de Convênios Vinculados à Assistência Social;2;PREFEITURA MUNICIPAL DE UBERLÂNDIA;Rem de Dep Banc - Convênios Desenvolvimento Social;SECRETARIA MUNICIPAL DE DESENVOLVIMENTO SOCIAL E T;10;699.12;572.86
02;1321010109;2022;142;Transferências de Convênios Vinculados à Assistência Social;3;PREFEITURA MUNICIPAL DE UBERLÂNDIA;Rem de Dep Banc - Convênios Desenvolvimento Social;SECRETARIA MUNICIPAL DE DESENVOLVIMENTO SOCIAL E T;10;2047.05;575.28
02;1321010109;2022;142;Transferências de Convênios Vinculados à Assistência Social;4;PREFEITURA MUNICIPAL DE UBERLÂNDIA;Rem de Dep Banc - Convênios Desenvolvimento Social;SECRETARIA MUNICIPAL DE DESENVOLVIMENTO SOCIAL E T;10;1358.37;555.54
02;1321010109;2022;142;Transferências de Convênios Vinculados à Assistência Social;5;PREFEITURA MUNICIPAL DE UBERLÂNDIA;Rem de Dep Banc - Convênios Desenvolvimento Social;SECRETARIA MUNICIPAL DE DESENVOLVIMENTO SOCIAL E T;10;1684.23;397.11
02;1321010109;2022;142;Transferências de Convênios Vinculados à Assistência Social;6;PREFEITURA MUNICIPAL DE UBERLÂNDIA;Rem de Dep Banc - Convênios Desenvolvimento Social;SECRETARIA MUNICIPAL DE DESENVOLVIMENTO SOCIAL E T;10;970.06;360.61
02;1321010109;2022;142;Transferências de Convênios Vinculados à Assistência Social;7;PREFEITURA MUNICIPAL DE UBERLÂNDIA;Rem de Dep Banc - Convênios Desenvolvimento Social;SECRETARIA MUNICIPAL DE DESENVOLVIMENTO SOCIAL E T;10;2447.81;320.64
02;1321010109;2022;142;Transferências de Convênios Vinculados à Assistência Social;8;PREFEITURA MUNICIPAL DE UBERLÂNDIA;Rem de Dep Banc - Convênios Desenvolvimento Social;SECRETARIA MUNICIPAL DE DESENVOLVIMENTO SOCIAL E T;10;1974.46;321.73
02;1321010109;2022;142;Transferências de Convênios Vinculados à Assistência Social;9;PREFEITURA MUNICIPAL DE UBERLÂNDIA;Rem de Dep Banc - Convênios Desenvolvimento Social;SECRETARIA MUNICIPAL DE DESENVOLVIMENTO SOCIAL E T;10;1805.53;291.89
02;1321010109;2022;142;Transferências de Convênios Vinculados à Assistência Social;10;PREFEITURA MUNICIPAL DE UBERLÂNDIA;Rem de Dep Banc - Convênios Desenvolvimento Social;SECRETARIA MUNICIPAL DE DESENVOLVIMENTO SOCIAL E T;10;1045.10;279.15
02;1321010109;2022;142;Transferências de Convênios Vinculados à Assistência Social;11;PREFEITURA MUNICIPAL DE UBERLÂNDIA;Rem de Dep Banc - Convênios Desenvolvimento Social;SECRETARIA MUNICIPAL DE DESENVOLVIMENTO SOCIAL E T;10;1053.13;327.17
02;1321010109;2022;142;Transferências de Convênios Vinculados à Assistência Social;12;PREFEITURA MUNICIPAL DE UBERLÂNDIA;Rem de Dep Banc - Convênios Desenvolvimento Social;SECRETARIA MUNICIPAL DE DESENVOLVIMENTO SOCIAL E T;10;1162.30;405.84
02;1321010110;2022;170;Outros Recursos Não Vinculados;1;PREFEITURA MUNICIPAL DE UBERLÂNDIA;Remuneração de Depósito Bancários - FMTT;SECRETARIA MUNICIPAL DE TRÂNSITO E TRANSPORTES;15;503.96;2411.71
02;1321010110;2022;170;Outros Recursos Não Vinculados;2;PREFEITURA MUNICIPAL DE UBERLÂNDIA;Remuneração de Depósito Bancários - FMTT;SECRETARIA MUNICIPAL DE TRÂNSITO E TRANSPORTES;15;403.85;2150.34
02;1321010110;2022;170;Outros Recursos Não Vinculados;3;PREFEITURA MUNICIPAL DE UBERLÂNDIA;Remuneração de Depósito Bancários - FMTT;SECRETARIA MUNICIPAL DE TRÂNSITO E TRANSPORTES;15;777.48;2634.11
02;1321010110;2022;170;Outros Recursos Não Vinculados;4;PREFEITURA MUNICIPAL DE UBERLÂNDIA;Remuneração de Depósito Bancários - FMTT;SECRETARIA MUNICIPAL DE TRÂNSITO E TRANSPORTES;15;1990.41;2473.46
02;1321010110;2022;170;Outros Recursos Não Vinculados;5;PREFEITURA MUNICIPAL DE UBERLÂNDIA;Remuneração de Depósito Bancários - FMTT;SECRETARIA MUNICIPAL DE TRÂNSITO E TRANSPORTES;15;3595.16;3839.75
02;1321010110;2022;170;Outros Recursos Não Vinculados;6;PREFEITURA MUNICIPAL DE UBERLÂNDIA;Remuneração de Depósito Bancários - FMTT;SECRETARIA MUNICIPAL DE TRÂNSITO E TRANSPORTES;15;4344.76;3661.41
02;1321010110;2022;170;Outros Recursos Não Vinculados;7;PREFEITURA MUNICIPAL DE UBERLÂNDIA;Remuneração de Depósito Bancários - FMTT;SECRETARIA MUNICIPAL DE TRÂNSITO E TRANSPORTES;15;4316.96;2911.06
02;1321010110;2022;170;Outros Recursos Não Vinculados;8;PREFEITURA MUNICIPAL DE UBERLÂNDIA;Remuneração de Depósito Bancários - FMTT;SECRETARIA MUNICIPAL DE TRÂNSITO E TRANSPORTES;15;5314.48;2206.86
02;1321010110;2022;170;Outros Recursos Não Vinculados;9;PREFEITURA MUNICIPAL DE UBERLÂNDIA;Remuneração de Depósito Bancários - FMTT;SECRETARIA MUNICIPAL DE TRÂNSITO E TRANSPORTES;15;5046.46;1640.34
02;1321010110;2022;170;Outros Recursos Não Vinculados;10;PREFEITURA MUNICIPAL DE UBERLÂNDIA;Remuneração de Depósito Bancários - FMTT;SECRETARIA MUNICIPAL DE TRÂNSITO E TRANSPORTES;15;4688.01;1671.91
02;1321010110;2022;170;Outros Recursos Não Vinculados;11;PREFEITURA MUNICIPAL DE UBERLÂNDIA;Remuneração de Depósito Bancários - FMTT;SECRETARIA MUNICIPAL DE TRÂNSITO E TRANSPORTES;15;2621.97;1420.13
02;1321010110;2022;170;Outros Recursos Não Vinculados;12;PREFEITURA MUNICIPAL DE UBERLÂNDIA;Remuneração de Depósito Bancários - FMTT;SECRETARIA MUNICIPAL DE TRÂNSITO E TRANSPORTES;15;4381.63;978.92
02;1321010111;2022;192;Alienação de Bens;1;PREFEITURA MUNICIPAL DE UBERLÂNDIA;Remuneração de Depósito Bancários - FUMHIS;SECRETARIA MUNICIPAL DE DESENVOLVIMENTO SOCIAL E T;10;21561.65;58312.74
02;1321010111;2022;192;Alienação de Bens;2;PREFEITURA MUNICIPAL DE UBERLÂNDIA;Remuneração de Depósito Bancários - FUMHIS;SECRETARIA MUNICIPAL DE DESENVOLVIMENTO SOCIAL E T;10;23181.37;49056.64
02;1321010111;2022;192;Alienação de Bens;3;PREFEITURA MUNICIPAL DE UBERLÂNDIA;Remuneração de Depósito Bancários - FUMHIS;SECRETARIA MUNICIPAL DE DESENVOLVIMENTO SOCIAL E T;10;26975.86;49049.34
02;1321010111;2022;192;Alienação de Bens;4;PREFEITURA MUNICIPAL DE UBERLÂNDIA;Remuneração de Depósito Bancários - FUMHIS;SECRETARIA MUNICIPAL DE DESENVOLVIMENTO SOCIAL E T;10;28560.53;47987.64
02;1321010111;2022;192;Alienação de Bens;5;PREFEITURA MUNICIPAL DE UBERLÂNDIA;Remuneração de Depósito Bancários - FUMHIS;SECRETARIA MUNICIPAL DE DESENVOLVIMENTO SOCIAL E T;10;36316.30;45617.52
02;1321010111;2022;192;Alienação de Bens;6;PREFEITURA MUNICIPAL DE UBERLÂNDIA;Remuneração de Depósito Bancários - FUMHIS;SECRETARIA MUNICIPAL DE DESENVOLVIMENTO SOCIAL E T;10;38293.08;40376.24
02;1321010111;2022;192;Alienação de Bens;7;PREFEITURA MUNICIPAL DE UBERLÂNDIA;Remuneração de Depósito Bancários - FUMHIS;SECRETARIA MUNICIPAL DE DESENVOLVIMENTO SOCIAL E T;10;42063.82;39363.06
02;1321010111;2022;192;Alienação de Bens;8;PREFEITURA MUNICIPAL DE UBERLÂNDIA;Remuneração de Depósito Bancários - FUMHIS;SECRETARIA MUNICIPAL DE DESENVOLVIMENTO SOCIAL E T;10;49321.33;37676.88
02;1321010111;2022;192;Alienação de Bens;9;PREFEITURA MUNICIPAL DE UBERLÂNDIA;Remuneração de Depósito Bancários - FUMHIS;SECRETARIA MUNICIPAL DE DESENVOLVIMENTO SOCIAL E T;10;49282.96;35175.98
02;1321010111;2022;192;Alienação de Bens;10;PREFEITURA MUNICIPAL DE UBERLÂNDIA;Remuneração de Depósito Bancários - FUMHIS;SECRETARIA MUNICIPAL DE DESENVOLVIMENTO SOCIAL E T;10;48952.56;35691.90
02;1321010111;2022;192;Alienação de Bens;11;PREFEITURA MUNICIPAL DE UBERLÂNDIA;Remuneração de Depósito Bancários - FUMHIS;SECRETARIA MUNICIPAL DE DESENVOLVIMENTO SOCIAL E T;10;50098.36;34352.46
02;1321010111;2022;192;Alienação de Bens;12;PREFEITURA MUNICIPAL DE UBERLÂNDIA;Remuneração de Depósito Bancários - FUMHIS;SECRETARIA MUNICIPAL DE DESENVOLVIMENTO SOCIAL E T;10;57921.20;27339.60
02;1321010112;2022;117;Contribuição para Custeio dos Serviços de Iluminação Pública (COSIP);1;PREFEITURA MUNICIPAL DE UBERLÂNDIA;Remuneração de Depósito Bancários - Iluminação Púb;SECRETARIA MUNICIPAL DE MEIO AMBIENTE;03;150610.93;7228.20
02;1321010112;2022;117;Contribuição para Custeio dos Serviços de Iluminação Pública (COSIP);2;PREFEITURA MUNICIPAL DE UBERLÂNDIA;Remuneração de Depósito Bancários - Iluminação Púb;SECRETARIA MUNICIPAL DE MEIO AMBIENTE;03;182609.41;8550.80
02;1321010112;2022;117;Contribuição para Custeio dos Serviços de Iluminação Pública (COSIP);3;PREFEITURA MUNICIPAL DE UBERLÂNDIA;Remuneração de Depósito Bancários - Iluminação Púb;SECRETARIA MUNICIPAL DE MEIO AMBIENTE;03;250256.38;12786.76
02;1321010112;2022;117;Contribuição para Custeio dos Serviços de Iluminação Pública (COSIP);4;PREFEITURA MUNICIPAL DE UBERLÂNDIA;Remuneração de Depósito Bancários - Iluminação Púb;SECRETARIA MUNICIPAL DE MEIO AMBIENTE;03;248447.90;15529.96
02;1321010112;2022;117;Contribuição para Custeio dos Serviços de Iluminação Pública (COSIP);5;PREFEITURA MUNICIPAL DE UBERLÂNDIA;Remuneração de Depósito Bancários - Iluminação Púb;SECRETARIA MUNICIPAL DE MEIO AMBIENTE;03;350413.14;21702.28
02;1321010112;2022;117;Contribuição para Custeio dos Serviços de Iluminação Pública (COSIP);6;PREFEITURA MUNICIPAL DE UBERLÂNDIA;Remuneração de Depósito Bancários - Iluminação Púb;SECRETARIA MUNICIPAL DE MEIO AMBIENTE;03;375658.59;26452.72
02;1321010112;2022;117;Contribuição para Custeio dos Serviços de Iluminação Pública (COSIP);7;PREFEITURA MUNICIPAL DE UBERLÂNDIA;Remuneração de Depósito Bancários - Iluminação Púb;SECRETARIA MUNICIPAL DE MEIO AMBIENTE;03;375857.71;14185.27
02;1321010112;2022;117;Contribuição para Custeio dos Serviços de Iluminação Pública (COSIP);8;PREFEITURA MUNICIPAL DE UBERLÂNDIA;Remuneração de Depósito Bancários - Iluminação Púb;SECRETARIA MUNICIPAL DE MEIO AMBIENTE;03;365973.58;12296.85
02;1321010112;2022;117;Contribuição para Custeio dos Serviços de Iluminação Pública (COSIP);9;PREFEITURA MUNICIPAL DE UBERLÂNDIA;Remuneração de Depósito Bancários - Iluminação Púb;SECRETARIA MUNICIPAL DE MEIO AMBIENTE;03;356901.31;12437.41
02;1321010112;2022;117;Contribuição para Custeio dos Serviços de Iluminação Pública (COSIP);10;PREFEITURA MUNICIPAL DE UBERLÂNDIA;Remuneração de Depósito Bancários - Iluminação Púb;SECRETARIA MUNICIPAL DE MEIO AMBIENTE;03;351107.40;14339.29
02;1321010112;2022;117;Contribuição para Custeio dos Serviços de Iluminação Pública (COSIP);11;PREFEITURA MUNICIPAL DE UBERLÂNDIA;Remuneração de Depósito Bancários - Iluminação Púb;SECRETARIA MUNICIPAL DE MEIO AMBIENTE;03;379634.18;12110.58
02;1321010112;2022;117;Contribuição para Custeio dos Serviços de Iluminação Pública (COSIP);12;PREFEITURA MUNICIPAL DE UBERLÂNDIA;Remuneração de Depósito Bancários - Iluminação Púb;SECRETARIA MUNICIPAL DE MEIO AMBIENTE;03;377553.75;10379.88
02;1321010113;2022;170;Outros Recursos Não Vinculados;1;PREFEITURA MUNICIPAL DE UBERLÂNDIA;Rem de Dep Banc - Fundo Segurança Pública;SECRETARIA MUN PREV ÀS DROGAS, DEF SOC E DEF CIVIL;35;9.01;293.36
02;1321010113;2022;170;Outros Recursos Não Vinculados;2;PREFEITURA MUNICIPAL DE UBERLÂNDIA;Rem de Dep Banc - Fundo Segurança Pública;SECRETARIA MUN PREV ÀS DROGAS, DEF SOC E DEF CIVIL;35;20.17;294.83
02;1321010113;2022;170;Outros Recursos Não Vinculados;3;PREFEITURA MUNICIPAL DE UBERLÂNDIA;Rem de Dep Banc - Fundo Segurança Pública;SECRETARIA MUN PREV ÀS DROGAS, DEF SOC E DEF CIVIL;35;25.25;296.30
02;1321010113;2022;170;Outros Recursos Não Vinculados;4;PREFEITURA MUNICIPAL DE UBERLÂNDIA;Rem de Dep Banc - Fundo Segurança Pública;SECRETARIA MUN PREV ÀS DROGAS, DEF SOC E DEF CIVIL;35;21.37;297.76
02;1321010113;2022;170;Outros Recursos Não Vinculados;5;PREFEITURA MUNICIPAL DE UBERLÂNDIA;Rem de Dep Banc - Fundo Segurança Pública;SECRETARIA MUN PREV ÀS DROGAS, DEF SOC E DEF CIVIL;35;27.42;299.23
02;1321010113;2022;170;Outros Recursos Não Vinculados;6;PREFEITURA MUNICIPAL DE UBERLÂNDIA;Rem de Dep Banc - Fundo Segurança Pública;SECRETARIA MUN PREV ÀS DROGAS, DEF SOC E DEF CIVIL;35;27.35;300.70
02;1321010113;2022;170;Outros Recursos Não Vinculados;7;PREFEITURA MUNICIPAL DE UBERLÂNDIA;Rem de Dep Banc - Fundo Segurança Pública;SECRETARIA MUN PREV ÀS DROGAS, DEF SOC E DEF CIVIL;35;28.31;302.16
02;1321010113;2022;170;Outros Recursos Não Vinculados;8;PREFEITURA MUNICIPAL DE UBERLÂNDIA;Rem de Dep Banc - Fundo Segurança Pública;SECRETARIA MUN PREV ÀS DROGAS, DEF SOC E DEF CIVIL;35;32.55;303.63
02;1321010113;2022;170;Outros Recursos Não Vinculados;9;PREFEITURA MUNICIPAL DE UBERLÂNDIA;Rem de Dep Banc - Fundo Segurança Pública;SECRETARIA MUN PREV ÀS DROGAS, DEF SOC E DEF CIVIL;35;30.23;305.28
02;1321010113;2022;170;Outros Recursos Não Vinculados;10;PREFEITURA MUNICIPAL DE UBERLÂNDIA;Rem de Dep Banc - Fundo Segurança Pública;SECRETARIA MUN PREV ÀS DROGAS, DEF SOC E DEF CIVIL;35;29.07;306.75
02;1321010113;2022;170;Outros Recursos Não Vinculados;11;PREFEITURA MUNICIPAL DE UBERLÂNDIA;Rem de Dep Banc - Fundo Segurança Pública;SECRETARIA MUN PREV ÀS DROGAS, DEF SOC E DEF CIVIL;35;29.35;0.00
02;1321010113;2022;170;Outros Recursos Não Vinculados;12;PREFEITURA MUNICIPAL DE UBERLÂNDIA;Rem de Dep Banc - Fundo Segurança Pública;SECRETARIA MUN PREV ÀS DROGAS, DEF SOC E DEF CIVIL;35;32.54;0.00
02;1321010114;2022;170;Outros Recursos Não Vinculados;1;PREFEITURA MUNICIPAL DE UBERLÂNDIA;Rem de Dep Banc -  Fundo Meio Ambiente;SECRETARIA MUNICIPAL DE MEIO AMBIENTE;03;1210.92;5026.80
02;1321010114;2022;170;Outros Recursos Não Vinculados;2;PREFEITURA MUNICIPAL DE UBERLÂNDIA;Rem de Dep Banc -  Fundo Meio Ambiente;SECRETARIA MUNICIPAL DE MEIO AMBIENTE;03;1463.93;3845.97
02;1321010114;2022;170;Outros Recursos Não Vinculados;3;PREFEITURA MUNICIPAL DE UBERLÂNDIA;Rem de Dep Banc -  Fundo Meio Ambiente;SECRETARIA MUNICIPAL DE MEIO AMBIENTE;03;2207.88;3879.41
02;1321010114;2022;170;Outros Recursos Não Vinculados;4;PREFEITURA MUNICIPAL DE UBERLÂNDIA;Rem de Dep Banc -  Fundo Meio Ambiente;SECRETARIA MUNICIPAL DE MEIO AMBIENTE;03;2188.75;3767.59
02;1321010114;2022;170;Outros Recursos Não Vinculados;5;PREFEITURA MUNICIPAL DE UBERLÂNDIA;Rem de Dep Banc -  Fundo Meio Ambiente;SECRETARIA MUNICIPAL DE MEIO AMBIENTE;03;2920.91;4517.71
02;1321010114;2022;170;Outros Recursos Não Vinculados;6;PREFEITURA MUNICIPAL DE UBERLÂNDIA;Rem de Dep Banc -  Fundo Meio Ambiente;SECRETARIA MUNICIPAL DE MEIO AMBIENTE;03;3089.02;4619.05
02;1321010114;2022;170;Outros Recursos Não Vinculados;7;PREFEITURA MUNICIPAL DE UBERLÂNDIA;Rem de Dep Banc -  Fundo Meio Ambiente;SECRETARIA MUNICIPAL DE MEIO AMBIENTE;03;3387.03;4221.21
02;1321010114;2022;170;Outros Recursos Não Vinculados;8;PREFEITURA MUNICIPAL DE UBERLÂNDIA;Rem de Dep Banc -  Fundo Meio Ambiente;SECRETARIA MUNICIPAL DE MEIO AMBIENTE;03;3969.82;3423.77
02;1321010114;2022;170;Outros Recursos Não Vinculados;9;PREFEITURA MUNICIPAL DE UBERLÂNDIA;Rem de Dep Banc -  Fundo Meio Ambiente;SECRETARIA MUNICIPAL DE MEIO AMBIENTE;03;3707.73;2693.28
02;1321010114;2022;170;Outros Recursos Não Vinculados;10;PREFEITURA MUNICIPAL DE UBERLÂNDIA;Rem de Dep Banc -  Fundo Meio Ambiente;SECRETARIA MUNICIPAL DE MEIO AMBIENTE;03;3619.63;3528.69
02;1321010114;2022;170;Outros Recursos Não Vinculados;11;PREFEITURA MUNICIPAL DE UBERLÂNDIA;Rem de Dep Banc -  Fundo Meio Ambiente;SECRETARIA MUNICIPAL DE MEIO AMBIENTE;03;3712.50;3543.94
02;1321010114;2022;170;Outros Recursos Não Vinculados;12;PREFEITURA MUNICIPAL DE UBERLÂNDIA;Rem de Dep Banc -  Fundo Meio Ambiente;SECRETARIA MUNICIPAL DE MEIO AMBIENTE;03;4303.63;2932.58
02;1321010115;2022;170;Outros Recursos Não Vinculados;1;PREFEITURA MUNICIPAL DE UBERLÂNDIA;Remuneração de Depósito Bancários - FMDCA;SECRETARIA MUNICIPAL DE DESENVOLVIMENTO SOCIAL E T;10;16056.33;4924.66
02;1321010115;2022;170;Outros Recursos Não Vinculados;2;PREFEITURA MUNICIPAL DE UBERLÂNDIA;Remuneração de Depósito Bancários - FMDCA;SECRETARIA MUNICIPAL DE DESENVOLVIMENTO SOCIAL E T;10;17267.24;3996.51
02;1321010115;2022;170;Outros Recursos Não Vinculados;3;PREFEITURA MUNICIPAL DE UBERLÂNDIA;Remuneração de Depósito Bancários - FMDCA;SECRETARIA MUNICIPAL DE DESENVOLVIMENTO SOCIAL E T;10;21756.85;4543.59
02;1321010115;2022;170;Outros Recursos Não Vinculados;4;PREFEITURA MUNICIPAL DE UBERLÂNDIA;Remuneração de Depósito Bancários - FMDCA;SECRETARIA MUNICIPAL DE DESENVOLVIMENTO SOCIAL E T;10;17609.39;4569.08
02;1321010115;2022;170;Outros Recursos Não Vinculados;5;PREFEITURA MUNICIPAL DE UBERLÂNDIA;Remuneração de Depósito Bancários - FMDCA;SECRETARIA MUNICIPAL DE DESENVOLVIMENTO SOCIAL E T;10;20784.96;5371.74
02;1321010115;2022;170;Outros Recursos Não Vinculados;6;PREFEITURA MUNICIPAL DE UBERLÂNDIA;Remuneração de Depósito Bancários - FMDCA;SECRETARIA MUNICIPAL DE DESENVOLVIMENTO SOCIAL E T;10;20650.55;5579.32
02;1321010115;2022;170;Outros Recursos Não Vinculados;7;PREFEITURA MUNICIPAL DE UBERLÂNDIA;Remuneração de Depósito Bancários - FMDCA;SECRETARIA MUNICIPAL DE DESENVOLVIMENTO SOCIAL E T;10;21548.75;4050.75
02;1321010115;2022;170;Outros Recursos Não Vinculados;8;PREFEITURA MUNICIPAL DE UBERLÂNDIA;Remuneração de Depósito Bancários - FMDCA;SECRETARIA MUNICIPAL DE DESENVOLVIMENTO SOCIAL E T;10;28006.76;3550.53
02;1321010115;2022;170;Outros Recursos Não Vinculados;9;PREFEITURA MUNICIPAL DE UBERLÂNDIA;Remuneração de Depósito Bancários - FMDCA;SECRETARIA MUNICIPAL DE DESENVOLVIMENTO SOCIAL E T;10;26855.57;3087.07
02;1321010115;2022;170;Outros Recursos Não Vinculados;10;PREFEITURA MUNICIPAL DE UBERLÂNDIA;Remuneração de Depósito Bancários - FMDCA;SECRETARIA MUNICIPAL DE DESENVOLVIMENTO SOCIAL E T;10;25906.91;4067.35
02;1321010115;2022;170;Outros Recursos Não Vinculados;11;PREFEITURA MUNICIPAL DE UBERLÂNDIA;Remuneração de Depósito Bancários - FMDCA;SECRETARIA MUNICIPAL DE DESENVOLVIMENTO SOCIAL E T;10;26249.36;3183.69
02;1321010115;2022;170;Outros Recursos Não Vinculados;12;PREFEITURA MUNICIPAL DE UBERLÂNDIA;Remuneração de Depósito Bancários - FMDCA;SECRETARIA MUNICIPAL DE DESENVOLVIMENTO SOCIAL E T;10;29278.43;3075.71
02;1321010116;2022;170;Outros Recursos Não Vinculados;1;PREFEITURA MUNICIPAL DE UBERLÂNDIA;Remuneração de Depósito Bancários - PROCON;PROCURADORIA GERAL DO MUNICIPIO;04;22312.32;23354.04
02;1321010116;2022;170;Outros Recursos Não Vinculados;2;PREFEITURA MUNICIPAL DE UBERLÂNDIA;Remuneração de Depósito Bancários - PROCON;PROCURADORIA GERAL DO MUNICIPIO;04;24466.76;18318.68
02;1321010116;2022;170;Outros Recursos Não Vinculados;3;PREFEITURA MUNICIPAL DE UBERLÂNDIA;Remuneração de Depósito Bancários - PROCON;PROCURADORIA GERAL DO MUNICIPIO;04;30791.00;20816.52
02;1321010116;2022;170;Outros Recursos Não Vinculados;4;PREFEITURA MUNICIPAL DE UBERLÂNDIA;Remuneração de Depósito Bancários - PROCON;PROCURADORIA GERAL DO MUNICIPIO;04;28346.02;23037.05
02;1321010116;2022;170;Outros Recursos Não Vinculados;5;PREFEITURA MUNICIPAL DE UBERLÂNDIA;Remuneração de Depósito Bancários - PROCON;PROCURADORIA GERAL DO MUNICIPIO;04;36510.02;27913.59
02;1321010116;2022;170;Outros Recursos Não Vinculados;6;PREFEITURA MUNICIPAL DE UBERLÂNDIA;Remuneração de Depósito Bancários - PROCON;PROCURADORIA GERAL DO MUNICIPIO;04;43058.71;28782.23
02;1321010116;2022;170;Outros Recursos Não Vinculados;7;PREFEITURA MUNICIPAL DE UBERLÂNDIA;Remuneração de Depósito Bancários - PROCON;PROCURADORIA GERAL DO MUNICIPIO;04;44820.27;18935.59
02;1321010116;2022;170;Outros Recursos Não Vinculados;8;PREFEITURA MUNICIPAL DE UBERLÂNDIA;Remuneração de Depósito Bancários - PROCON;PROCURADORIA GERAL DO MUNICIPIO;04;54709.86;15041.16
02;1321010116;2022;170;Outros Recursos Não Vinculados;9;PREFEITURA MUNICIPAL DE UBERLÂNDIA;Remuneração de Depósito Bancários - PROCON;PROCURADORIA GERAL DO MUNICIPIO;04;52388.59;12152.94
02;1321010116;2022;170;Outros Recursos Não Vinculados;10;PREFEITURA MUNICIPAL DE UBERLÂNDIA;Remuneração de Depósito Bancários - PROCON;PROCURADORIA GERAL DO MUNICIPIO;04;50132.33;14251.96
02;1321010116;2022;170;Outros Recursos Não Vinculados;11;PREFEITURA MUNICIPAL DE UBERLÂNDIA;Remuneração de Depósito Bancários - PROCON;PROCURADORIA GERAL DO MUNICIPIO;04;50014.31;14789.94
02;1321010116;2022;170;Outros Recursos Não Vinculados;12;PREFEITURA MUNICIPAL DE UBERLÂNDIA;Remuneração de Depósito Bancários - PROCON;PROCURADORIA GERAL DO MUNICIPIO;04;55311.93;13606.30
02;1321010117;2022;181;Outras Transferências de Convênios ou Contratos de Repasse dos Estados;1;PREFEITURA MUNICIPAL DE UBERLÂNDIA;Rem de Dep Banc - Convênios Obras;SECRETARIA MUNICIPAL DE OBRAS;13;11246.20;394.25
02;1321010117;2022;181;Outras Transferências de Convênios ou Contratos de Repasse dos Estados;2;PREFEITURA MUNICIPAL DE UBERLÂNDIA;Rem de Dep Banc - Convênios Obras;SECRETARIA MUNICIPAL DE OBRAS;13;12289.79;1562.02
02;1321010117;2022;181;Outras Transferências de Convênios ou Contratos de Repasse dos Estados;3;PREFEITURA MUNICIPAL DE UBERLÂNDIA;Rem de Dep Banc - Convênios Obras;SECRETARIA MUNICIPAL DE OBRAS;13;14727.17;330.13
02;1321010117;2022;181;Outras Transferências de Convênios ou Contratos de Repasse dos Estados;4;PREFEITURA MUNICIPAL DE UBERLÂNDIA;Rem de Dep Banc - Convênios Obras;SECRETARIA MUNICIPAL DE OBRAS;13;13816.96;327.49
02;1321010117;2022;181;Outras Transferências de Convênios ou Contratos de Repasse dos Estados;5;PREFEITURA MUNICIPAL DE UBERLÂNDIA;Rem de Dep Banc - Convênios Obras;SECRETARIA MUNICIPAL DE OBRAS;13;17032.42;248.36
02;1321010117;2022;181;Outras Transferências de Convênios ou Contratos de Repasse dos Estados;6;PREFEITURA MUNICIPAL DE UBERLÂNDIA;Rem de Dep Banc - Convênios Obras;SECRETARIA MUNICIPAL DE OBRAS;13;16832.62;393.40
02;1321010117;2022;181;Outras Transferências de Convênios ou Contratos de Repasse dos Estados;7;PREFEITURA MUNICIPAL DE UBERLÂNDIA;Rem de Dep Banc - Convênios Obras;SECRETARIA MUNICIPAL DE OBRAS;13;17263.94;335.28
02;1321010117;2022;181;Outras Transferências de Convênios ou Contratos de Repasse dos Estados;8;PREFEITURA MUNICIPAL DE UBERLÂNDIA;Rem de Dep Banc - Convênios Obras;SECRETARIA MUNICIPAL DE OBRAS;13;19655.88;324.74
02;1321010117;2022;181;Outras Transferências de Convênios ou Contratos de Repasse dos Estados;9;PREFEITURA MUNICIPAL DE UBERLÂNDIA;Rem de Dep Banc - Convênios Obras;SECRETARIA MUNICIPAL DE OBRAS;13;18245.46;293.45
02;1321010117;2022;181;Outras Transferências de Convênios ou Contratos de Repasse dos Estados;10;PREFEITURA MUNICIPAL DE UBERLÂNDIA;Rem de Dep Banc - Convênios Obras;SECRETARIA MUNICIPAL DE OBRAS;13;12733.27;299.00
02;1321010117;2022;181;Outras Transferências de Convênios ou Contratos de Repasse dos Estados;11;PREFEITURA MUNICIPAL DE UBERLÂNDIA;Rem de Dep Banc - Convênios Obras;SECRETARIA MUNICIPAL DE OBRAS;13;6696.65;252.67
02;1321010117;2022;181;Outras Transferências de Convênios ou Contratos de Repasse dos Estados;12;PREFEITURA MUNICIPAL DE UBERLÂNDIA;Rem de Dep Banc - Convênios Obras;SECRETARIA MUNICIPAL DE OBRAS;13;4799.54;239.21
02;1321010118;2022;170;Outros Recursos Não Vinculados;1;PREFEITURA MUNICIPAL DE UBERLÂNDIA;Remuneração de Depósito Bancários - FUTEL - PMU;SECRETARIA MUNICIPAL DE FINANÇAS;06;0.00;83.33
02;1321010118;2022;170;Outros Recursos Não Vinculados;2;PREFEITURA MUNICIPAL DE UBERLÂNDIA;Remuneração de Depósito Bancários - FUTEL - PMU;SECRETARIA MUNICIPAL DE FINANÇAS;06;0.00;83.33
02;1321010118;2022;170;Outros Recursos Não Vinculados;3;PREFEITURA MUNICIPAL DE UBERLÂNDIA;Remuneração de Depósito Bancários - FUTEL - PMU;SECRETARIA MUNICIPAL DE FINANÇAS;06;0.00;83.33
02;1321010118;2022;170;Outros Recursos Não Vinculados;4;PREFEITURA MUNICIPAL DE UBERLÂNDIA;Remuneração de Depósito Bancários - FUTEL - PMU;SECRETARIA MUNICIPAL DE FINANÇAS;06;0.00;83.33
02;1321010118;2022;170;Outros Recursos Não Vinculados;5;PREFEITURA MUNICIPAL DE UBERLÂNDIA;Remuneração de Depósito Bancários - FUTEL - PMU;SECRETARIA MUNICIPAL DE FINANÇAS;06;0.00;83.33
02;1321010118;2022;170;Outros Recursos Não Vinculados;6;PREFEITURA MUNICIPAL DE UBERLÂNDIA;Remuneração de Depósito Bancários - FUTEL - PMU;SECRETARIA MUNICIPAL DE FINANÇAS;06;0.00;83.33
02;1321010118;2022;170;Outros Recursos Não Vinculados;7;PREFEITURA MUNICIPAL DE UBERLÂNDIA;Remuneração de Depósito Bancários - FUTEL - PMU;SECRETARIA MUNICIPAL DE FINANÇAS;06;0.00;83.33
02;1321010118;2022;170;Outros Recursos Não Vinculados;8;PREFEITURA MUNICIPAL DE UBERLÂNDIA;Remuneração de Depósito Bancários - FUTEL - PMU;SECRETARIA MUNICIPAL DE FINANÇAS;06;0.00;83.33
02;1321010118;2022;170;Outros Recursos Não Vinculados;9;PREFEITURA MUNICIPAL DE UBERLÂNDIA;Remuneração de Depósito Bancários - FUTEL - PMU;SECRETARIA MUNICIPAL DE FINANÇAS;06;0.00;83.33
02;1321010118;2022;170;Outros Recursos Não Vinculados;10;PREFEITURA MUNICIPAL DE UBERLÂNDIA;Remuneração de Depósito Bancários - FUTEL - PMU;SECRETARIA MUNICIPAL DE FINANÇAS;06;0.00;83.33
02;1321010118;2022;170;Outros Recursos Não Vinculados;11;PREFEITURA MUNICIPAL DE UBERLÂNDIA;Remuneração de Depósito Bancários - FUTEL - PMU;SECRETARIA MUNICIPAL DE FINANÇAS;06;0.00;83.33
02;1321010118;2022;170;Outros Recursos Não Vinculados;12;PREFEITURA MUNICIPAL DE UBERLÂNDIA;Remuneração de Depósito Bancários - FUTEL - PMU;SECRETARIA MUNICIPAL DE FINANÇAS;06;0.00;83.37
06;1321010119;2022;170;Outros Recursos Não Vinculados;1;Fundação de Excelência Rural de Uberlândia;Remuneração de Depósito Bancários - FERUB;FUNDAÇÃO EXCELÊNCIA RURAL DE UBERLÂNDIA-FERUB;20;0.00;250.00
06;1321010119;2022;170;Outros Recursos Não Vinculados;2;Fundação de Excelência Rural de Uberlândia;Remuneração de Depósito Bancários - FERUB;FUNDAÇÃO EXCELÊNCIA RURAL DE UBERLÂNDIA-FERUB;20;0.00;250.00
06;1321010119;2022;170;Outros Recursos Não Vinculados;3;Fundação de Excelência Rural de Uberlândia;Remuneração de Depósito Bancários - FERUB;FUNDAÇÃO EXCELÊNCIA RURAL DE UBERLÂNDIA-FERUB;20;0.00;250.00
06;1321010119;2022;170;Outros Recursos Não Vinculados;4;Fundação de Excelência Rural de Uberlândia;Remuneração de Depósito Bancários - FERUB;FUNDAÇÃO EXCELÊNCIA RURAL DE UBERLÂNDIA-FERUB;20;0.00;250.00
06;1321010119;2022;170;Outros Recursos Não Vinculados;5;Fundação de Excelência Rural de Uberlândia;Remuneração de Depósito Bancários - FERUB;FUNDAÇÃO EXCELÊNCIA RURAL DE UBERLÂNDIA-FERUB;20;0.00;250.00
06;1321010119;2022;170;Outros Recursos Não Vinculados;6;Fundação de Excelência Rural de Uberlândia;Remuneração de Depósito Bancários - FERUB;FUNDAÇÃO EXCELÊNCIA RURAL DE UBERLÂNDIA-FERUB;20;0.00;250.00
06;1321010119;2022;170;Outros Recursos Não Vinculados;7;Fundação de Excelência Rural de Uberlândia;Remuneração de Depósito Bancários - FERUB;FUNDAÇÃO EXCELÊNCIA RURAL DE UBERLÂNDIA-FERUB;20;0.00;250.00
06;1321010119;2022;170;Outros Recursos Não Vinculados;8;Fundação de Excelência Rural de Uberlândia;Remuneração de Depósito Bancários - FERUB;FUNDAÇÃO EXCELÊNCIA RURAL DE UBERLÂNDIA-FERUB;20;0.00;250.00
06;1321010119;2022;170;Outros Recursos Não Vinculados;9;Fundação de Excelência Rural de Uberlândia;Remuneração de Depósito Bancários - FERUB;FUNDAÇÃO EXCELÊNCIA RURAL DE UBERLÂNDIA-FERUB;20;0.00;250.00
06;1321010119;2022;170;Outros Recursos Não Vinculados;10;Fundação de Excelência Rural de Uberlândia;Remuneração de Depósito Bancários - FERUB;FUNDAÇÃO EXCELÊNCIA RURAL DE UBERLÂNDIA-FERUB;20;0.00;250.00
06;1321010119;2022;170;Outros Recursos Não Vinculados;11;Fundação de Excelência Rural de Uberlândia;Remuneração de Depósito Bancários - FERUB;FUNDAÇÃO EXCELÊNCIA RURAL DE UBERLÂNDIA-FERUB;20;0.00;250.00
06;1321010119;2022;170;Outros Recursos Não Vinculados;12;Fundação de Excelência Rural de Uberlândia;Remuneração de Depósito Bancários - FERUB;FUNDAÇÃO EXCELÊNCIA RURAL DE UBERLÂNDIA-FERUB;20;0.00;250.00
04;1321010120;2022;170;Outros Recursos Não Vinculados;1;Fundação Uberlandense Turismo Esporte Lazer;Remuneração de Depósito Bancários - FUTEL;FUNDAÇÃO UBERLANDENSE DE TURISMO, ESPORTE E LAZER-;19;15391.33;166.67
04;1321010120;2022;170;Outros Recursos Não Vinculados;2;Fundação Uberlandense Turismo Esporte Lazer;Remuneração de Depósito Bancários - FUTEL;FUNDAÇÃO UBERLANDENSE DE TURISMO, ESPORTE E LAZER-;19;18238.59;166.67
04;1321010120;2022;170;Outros Recursos Não Vinculados;3;Fundação Uberlandense Turismo Esporte Lazer;Remuneração de Depósito Bancários - FUTEL;FUNDAÇÃO UBERLANDENSE DE TURISMO, ESPORTE E LAZER-;19;23780.57;166.67
04;1321010120;2022;170;Outros Recursos Não Vinculados;4;Fundação Uberlandense Turismo Esporte Lazer;Remuneração de Depósito Bancários - FUTEL;FUNDAÇÃO UBERLANDENSE DE TURISMO, ESPORTE E LAZER-;19;23297.81;166.67
04;1321010120;2022;170;Outros Recursos Não Vinculados;5;Fundação Uberlandense Turismo Esporte Lazer;Remuneração de Depósito Bancários - FUTEL;FUNDAÇÃO UBERLANDENSE DE TURISMO, ESPORTE E LAZER-;19;26484.27;166.67
04;1321010120;2022;170;Outros Recursos Não Vinculados;6;Fundação Uberlandense Turismo Esporte Lazer;Remuneração de Depósito Bancários - FUTEL;FUNDAÇÃO UBERLANDENSE DE TURISMO, ESPORTE E LAZER-;19;24432.72;166.67
04;1321010120;2022;170;Outros Recursos Não Vinculados;7;Fundação Uberlandense Turismo Esporte Lazer;Remuneração de Depósito Bancários - FUTEL;FUNDAÇÃO UBERLANDENSE DE TURISMO, ESPORTE E LAZER-;19;56041.04;166.67
04;1321010120;2022;170;Outros Recursos Não Vinculados;8;Fundação Uberlandense Turismo Esporte Lazer;Remuneração de Depósito Bancários - FUTEL;FUNDAÇÃO UBERLANDENSE DE TURISMO, ESPORTE E LAZER-;19;22802.52;166.67
04;1321010120;2022;170;Outros Recursos Não Vinculados;9;Fundação Uberlandense Turismo Esporte Lazer;Remuneração de Depósito Bancários - FUTEL;FUNDAÇÃO UBERLANDENSE DE TURISMO, ESPORTE E LAZER-;19;21448.27;166.67
04;1321010120;2022;170;Outros Recursos Não Vinculados;10;Fundação Uberlandense Turismo Esporte Lazer;Remuneração de Depósito Bancários - FUTEL;FUNDAÇÃO UBERLANDENSE DE TURISMO, ESPORTE E LAZER-;19;18503.12;166.67
04;1321010120;2022;170;Outros Recursos Não Vinculados;11;Fundação Uberlandense Turismo Esporte Lazer;Remuneração de Depósito Bancários - FUTEL;FUNDAÇÃO UBERLANDENSE DE TURISMO, ESPORTE E LAZER-;19;18780.06;166.67
04;1321010120;2022;170;Outros Recursos Não Vinculados;12;Fundação Uberlandense Turismo Esporte Lazer;Remuneração de Depósito Bancários - FUTEL;FUNDAÇÃO UBERLANDENSE DE TURISMO, ESPORTE E LAZER-;19;22289.87;166.63
02;1321010121;2022;170;Outros Recursos Não Vinculados;1;PREFEITURA MUNICIPAL DE UBERLÂNDIA;Remuneração de Depósito Bancários - FMSAN;SECRETARIA MUNICIPAL DE AGROPECUÁRIA E ABASTECIMEN;12;3767.16;208.09
02;1321010121;2022;170;Outros Recursos Não Vinculados;2;PREFEITURA MUNICIPAL DE UBERLÂNDIA;Remuneração de Depósito Bancários - FMSAN;SECRETARIA MUNICIPAL DE AGROPECUÁRIA E ABASTECIMEN;12;4368.11;159.69
02;1321010121;2022;170;Outros Recursos Não Vinculados;3;PREFEITURA MUNICIPAL DE UBERLÂNDIA;Remuneração de Depósito Bancários - FMSAN;SECRETARIA MUNICIPAL DE AGROPECUÁRIA E ABASTECIMEN;12;6118.69;164.92
02;1321010121;2022;170;Outros Recursos Não Vinculados;4;PREFEITURA MUNICIPAL DE UBERLÂNDIA;Remuneração de Depósito Bancários - FMSAN;SECRETARIA MUNICIPAL DE AGROPECUÁRIA E ABASTECIMEN;12;5686.52;171.32
02;1321010121;2022;170;Outros Recursos Não Vinculados;5;PREFEITURA MUNICIPAL DE UBERLÂNDIA;Remuneração de Depósito Bancários - FMSAN;SECRETARIA MUNICIPAL DE AGROPECUÁRIA E ABASTECIMEN;12;7568.31;204.46
02;1321010121;2022;170;Outros Recursos Não Vinculados;6;PREFEITURA MUNICIPAL DE UBERLÂNDIA;Remuneração de Depósito Bancários - FMSAN;SECRETARIA MUNICIPAL DE AGROPECUÁRIA E ABASTECIMEN;12;7700.59;213.12
02;1321010121;2022;170;Outros Recursos Não Vinculados;7;PREFEITURA MUNICIPAL DE UBERLÂNDIA;Remuneração de Depósito Bancários - FMSAN;SECRETARIA MUNICIPAL DE AGROPECUÁRIA E ABASTECIMEN;12;8138.77;187.60
02;1321010121;2022;170;Outros Recursos Não Vinculados;8;PREFEITURA MUNICIPAL DE UBERLÂNDIA;Remuneração de Depósito Bancários - FMSAN;SECRETARIA MUNICIPAL DE AGROPECUÁRIA E ABASTECIMEN;12;9402.54;145.65
02;1321010121;2022;170;Outros Recursos Não Vinculados;9;PREFEITURA MUNICIPAL DE UBERLÂNDIA;Remuneração de Depósito Bancários - FMSAN;SECRETARIA MUNICIPAL DE AGROPECUÁRIA E ABASTECIMEN;12;8911.49;114.65
02;1321010121;2022;170;Outros Recursos Não Vinculados;10;PREFEITURA MUNICIPAL DE UBERLÂNDIA;Remuneração de Depósito Bancários - FMSAN;SECRETARIA MUNICIPAL DE AGROPECUÁRIA E ABASTECIMEN;12;9173.44;150.31
02;1321010121;2022;170;Outros Recursos Não Vinculados;11;PREFEITURA MUNICIPAL DE UBERLÂNDIA;Remuneração de Depósito Bancários - FMSAN;SECRETARIA MUNICIPAL DE AGROPECUÁRIA E ABASTECIMEN;12;9751.45;148.07
02;1321010121;2022;170;Outros Recursos Não Vinculados;12;PREFEITURA MUNICIPAL DE UBERLÂNDIA;Remuneração de Depósito Bancários - FMSAN;SECRETARIA MUNICIPAL DE AGROPECUÁRIA E ABASTECIMEN;12;10208.28;132.12
02;1321010122;2022;156;Transferências de Recursos do Fundo Estadual de Assistência Social (FEAS);1;PREFEITURA MUNICIPAL DE UBERLÂNDIA;Remuneração de Depósito Bancários - FEAS;SECRETARIA MUNICIPAL DE DESENVOLVIMENTO SOCIAL E T;10;11316.59;1003.40
02;1321010122;2022;156;Transferências de Recursos do Fundo Estadual de Assistência Social (FEAS);2;PREFEITURA MUNICIPAL DE UBERLÂNDIA;Remuneração de Depósito Bancários - FEAS;SECRETARIA MUNICIPAL DE DESENVOLVIMENTO SOCIAL E T;10;12878.53;805.22
02;1321010122;2022;156;Transferências de Recursos do Fundo Estadual de Assistência Social (FEAS);3;PREFEITURA MUNICIPAL DE UBERLÂNDIA;Remuneração de Depósito Bancários - FEAS;SECRETARIA MUNICIPAL DE DESENVOLVIMENTO SOCIAL E T;10;18905.23;1080.29
02;1321010122;2022;156;Transferências de Recursos do Fundo Estadual de Assistência Social (FEAS);4;PREFEITURA MUNICIPAL DE UBERLÂNDIA;Remuneração de Depósito Bancários - FEAS;SECRETARIA MUNICIPAL DE DESENVOLVIMENTO SOCIAL E T;10;16690.84;1218.59
02;1321010122;2022;156;Transferências de Recursos do Fundo Estadual de Assistência Social (FEAS);5;PREFEITURA MUNICIPAL DE UBERLÂNDIA;Remuneração de Depósito Bancários - FEAS;SECRETARIA MUNICIPAL DE DESENVOLVIMENTO SOCIAL E T;10;22082.28;1778.66
02;1321010122;2022;156;Transferências de Recursos do Fundo Estadual de Assistência Social (FEAS);6;PREFEITURA MUNICIPAL DE UBERLÂNDIA;Remuneração de Depósito Bancários - FEAS;SECRETARIA MUNICIPAL DE DESENVOLVIMENTO SOCIAL E T;10;22568.99;2402.78
02;1321010122;2022;156;Transferências de Recursos do Fundo Estadual de Assistência Social (FEAS);7;PREFEITURA MUNICIPAL DE UBERLÂNDIA;Remuneração de Depósito Bancários - FEAS;SECRETARIA MUNICIPAL DE DESENVOLVIMENTO SOCIAL E T;10;23923.87;732.28
02;1321010122;2022;156;Transferências de Recursos do Fundo Estadual de Assistência Social (FEAS);8;PREFEITURA MUNICIPAL DE UBERLÂNDIA;Remuneração de Depósito Bancários - FEAS;SECRETARIA MUNICIPAL DE DESENVOLVIMENTO SOCIAL E T;10;28741.30;642.98
02;1321010122;2022;156;Transferências de Recursos do Fundo Estadual de Assistência Social (FEAS);9;PREFEITURA MUNICIPAL DE UBERLÂNDIA;Remuneração de Depósito Bancários - FEAS;SECRETARIA MUNICIPAL DE DESENVOLVIMENTO SOCIAL E T;10;28416.62;531.12
02;1321010122;2022;156;Transferências de Recursos do Fundo Estadual de Assistência Social (FEAS);10;PREFEITURA MUNICIPAL DE UBERLÂNDIA;Remuneração de Depósito Bancários - FEAS;SECRETARIA MUNICIPAL DE DESENVOLVIMENTO SOCIAL E T;10;27243.54;693.50
02;1321010122;2022;156;Transferências de Recursos do Fundo Estadual de Assistência Social (FEAS);11;PREFEITURA MUNICIPAL DE UBERLÂNDIA;Remuneração de Depósito Bancários - FEAS;SECRETARIA MUNICIPAL DE DESENVOLVIMENTO SOCIAL E T;10;31565.00;558.62
02;1321010122;2022;156;Transferências de Recursos do Fundo Estadual de Assistência Social (FEAS);12;PREFEITURA MUNICIPAL DE UBERLÂNDIA;Remuneração de Depósito Bancários - FEAS;SECRETARIA MUNICIPAL DE DESENVOLVIMENTO SOCIAL E T;10;39655.58;552.56
02;1321010123;2022;170;Outros Recursos Não Vinculados;1;PREFEITURA MUNICIPAL DE UBERLÂNDIA;Rem de Dep Banc -  Fundo Cultura;SECRETARIA MUNICIPAL DE CULTURA;08;9469.33;148.99
02;1321010123;2022;170;Outros Recursos Não Vinculados;2;PREFEITURA MUNICIPAL DE UBERLÂNDIA;Rem de Dep Banc -  Fundo Cultura;SECRETARIA MUNICIPAL DE CULTURA;08;10651.96;123.02
02;1321010123;2022;170;Outros Recursos Não Vinculados;3;PREFEITURA MUNICIPAL DE UBERLÂNDIA;Rem de Dep Banc -  Fundo Cultura;SECRETARIA MUNICIPAL DE CULTURA;08;15673.41;170.70
02;1321010123;2022;170;Outros Recursos Não Vinculados;4;PREFEITURA MUNICIPAL DE UBERLÂNDIA;Rem de Dep Banc -  Fundo Cultura;SECRETARIA MUNICIPAL DE CULTURA;08;14350.96;208.31
02;1321010123;2022;170;Outros Recursos Não Vinculados;5;PREFEITURA MUNICIPAL DE UBERLÂNDIA;Rem de Dep Banc -  Fundo Cultura;SECRETARIA MUNICIPAL DE CULTURA;08;17497.56;300.43
02;1321010123;2022;170;Outros Recursos Não Vinculados;6;PREFEITURA MUNICIPAL DE UBERLÂNDIA;Rem de Dep Banc -  Fundo Cultura;SECRETARIA MUNICIPAL DE CULTURA;08;16340.75;349.98
02;1321010123;2022;170;Outros Recursos Não Vinculados;7;PREFEITURA MUNICIPAL DE UBERLÂNDIA;Rem de Dep Banc -  Fundo Cultura;SECRETARIA MUNICIPAL DE CULTURA;08;18155.91;134.79
02;1321010123;2022;170;Outros Recursos Não Vinculados;8;PREFEITURA MUNICIPAL DE UBERLÂNDIA;Rem de Dep Banc -  Fundo Cultura;SECRETARIA MUNICIPAL DE CULTURA;08;22421.84;115.93
02;1321010123;2022;170;Outros Recursos Não Vinculados;9;PREFEITURA MUNICIPAL DE UBERLÂNDIA;Rem de Dep Banc -  Fundo Cultura;SECRETARIA MUNICIPAL DE CULTURA;08;18344.59;96.57
02;1321010123;2022;170;Outros Recursos Não Vinculados;10;PREFEITURA MUNICIPAL DE UBERLÂNDIA;Rem de Dep Banc -  Fundo Cultura;SECRETARIA MUNICIPAL DE CULTURA;08;17540.38;124.13
02;1321010123;2022;170;Outros Recursos Não Vinculados;11;PREFEITURA MUNICIPAL DE UBERLÂNDIA;Rem de Dep Banc -  Fundo Cultura;SECRETARIA MUNICIPAL DE CULTURA;08;19145.38;123.66
02;1321010123;2022;170;Outros Recursos Não Vinculados;12;PREFEITURA MUNICIPAL DE UBERLÂNDIA;Rem de Dep Banc -  Fundo Cultura;SECRETARIA MUNICIPAL DE CULTURA;08;20504.21;103.49
02;1321010124;2022;147;Transferência do Salário-Educação;1;PREFEITURA MUNICIPAL DE UBERLÂNDIA;Rem de Dep Banc - Transferencia Salário-Educação;SECRETARIA MUNICIPAL DE EDUCAÇÃO;07;38769.83;37392.04
02;1321010124;2022;147;Transferência do Salário-Educação;2;PREFEITURA MUNICIPAL DE UBERLÂNDIA;Rem de Dep Banc - Transferencia Salário-Educação;SECRETARIA MUNICIPAL DE EDUCAÇÃO;07;46979.18;33667.68
02;1321010124;2022;147;Transferência do Salário-Educação;3;PREFEITURA MUNICIPAL DE UBERLÂNDIA;Rem de Dep Banc - Transferencia Salário-Educação;SECRETARIA MUNICIPAL DE EDUCAÇÃO;07;63039.38;39206.71
02;1321010124;2022;147;Transferência do Salário-Educação;4;PREFEITURA MUNICIPAL DE UBERLÂNDIA;Rem de Dep Banc - Transferencia Salário-Educação;SECRETARIA MUNICIPAL DE EDUCAÇÃO;07;35313.81;44367.30
02;1321010124;2022;147;Transferência do Salário-Educação;5;PREFEITURA MUNICIPAL DE UBERLÂNDIA;Rem de Dep Banc - Transferencia Salário-Educação;SECRETARIA MUNICIPAL DE EDUCAÇÃO;07;30803.44;45070.57
02;1321010124;2022;147;Transferência do Salário-Educação;6;PREFEITURA MUNICIPAL DE UBERLÂNDIA;Rem de Dep Banc - Transferencia Salário-Educação;SECRETARIA MUNICIPAL DE EDUCAÇÃO;07;21925.70;48283.10
02;1321010124;2022;147;Transferência do Salário-Educação;7;PREFEITURA MUNICIPAL DE UBERLÂNDIA;Rem de Dep Banc - Transferencia Salário-Educação;SECRETARIA MUNICIPAL DE EDUCAÇÃO;07;37992.46;22137.47
02;1321010124;2022;147;Transferência do Salário-Educação;8;PREFEITURA MUNICIPAL DE UBERLÂNDIA;Rem de Dep Banc - Transferencia Salário-Educação;SECRETARIA MUNICIPAL DE EDUCAÇÃO;07;44909.48;21113.12
02;1321010124;2022;147;Transferência do Salário-Educação;9;PREFEITURA MUNICIPAL DE UBERLÂNDIA;Rem de Dep Banc - Transferencia Salário-Educação;SECRETARIA MUNICIPAL DE EDUCAÇÃO;07;46840.33;20476.69
02;1321010124;2022;147;Transferência do Salário-Educação;10;PREFEITURA MUNICIPAL DE UBERLÂNDIA;Rem de Dep Banc - Transferencia Salário-Educação;SECRETARIA MUNICIPAL DE EDUCAÇÃO;07;52547.49;14818.58
02;1321010124;2022;147;Transferência do Salário-Educação;11;PREFEITURA MUNICIPAL DE UBERLÂNDIA;Rem de Dep Banc - Transferencia Salário-Educação;SECRETARIA MUNICIPAL DE EDUCAÇÃO;07;55093.02;12268.54
02;1321010124;2022;147;Transferência do Salário-Educação;12;PREFEITURA MUNICIPAL DE UBERLÂNDIA;Rem de Dep Banc - Transferencia Salário-Educação;SECRETARIA MUNICIPAL DE EDUCAÇÃO;07;64073.45;11198.20
02;1321010125;2022;170;Outros Recursos Não Vinculados;1;PREFEITURA MUNICIPAL DE UBERLÂNDIA;Rem de Dep Banc -  Receita Própria - Saúde;SECRETARIA MUNICIPAL DE SAÚDE;09;5396.83;18033.76
02;1321010125;2022;170;Outros Recursos Não Vinculados;2;PREFEITURA MUNICIPAL DE UBERLÂNDIA;Rem de Dep Banc -  Receita Própria - Saúde;SECRETARIA MUNICIPAL DE SAÚDE;09;5103.25;14857.80
02;1321010125;2022;170;Outros Recursos Não Vinculados;3;PREFEITURA MUNICIPAL DE UBERLÂNDIA;Rem de Dep Banc -  Receita Própria - Saúde;SECRETARIA MUNICIPAL DE SAÚDE;09;0.00;18340.36
02;1321010125;2022;170;Outros Recursos Não Vinculados;4;PREFEITURA MUNICIPAL DE UBERLÂNDIA;Rem de Dep Banc -  Receita Própria - Saúde;SECRETARIA MUNICIPAL DE SAÚDE;09;0.00;32431.93
02;1321010125;2022;170;Outros Recursos Não Vinculados;5;PREFEITURA MUNICIPAL DE UBERLÂNDIA;Rem de Dep Banc -  Receita Própria - Saúde;SECRETARIA MUNICIPAL DE SAÚDE;09;0.00;34227.89
02;1321010125;2022;170;Outros Recursos Não Vinculados;6;PREFEITURA MUNICIPAL DE UBERLÂNDIA;Rem de Dep Banc -  Receita Própria - Saúde;SECRETARIA MUNICIPAL DE SAÚDE;09;17840.95;37663.36
02;1321010125;2022;170;Outros Recursos Não Vinculados;7;PREFEITURA MUNICIPAL DE UBERLÂNDIA;Rem de Dep Banc -  Receita Própria - Saúde;SECRETARIA MUNICIPAL DE SAÚDE;09;5978.00;27920.61
02;1321010125;2022;170;Outros Recursos Não Vinculados;8;PREFEITURA MUNICIPAL DE UBERLÂNDIA;Rem de Dep Banc -  Receita Própria - Saúde;SECRETARIA MUNICIPAL DE SAÚDE;09;4691.15;26639.51
02;1321010125;2022;170;Outros Recursos Não Vinculados;9;PREFEITURA MUNICIPAL DE UBERLÂNDIA;Rem de Dep Banc -  Receita Própria - Saúde;SECRETARIA MUNICIPAL DE SAÚDE;09;4343.18;25824.78
02;1321010125;2022;170;Outros Recursos Não Vinculados;10;PREFEITURA MUNICIPAL DE UBERLÂNDIA;Rem de Dep Banc -  Receita Própria - Saúde;SECRETARIA MUNICIPAL DE SAÚDE;09;4156.49;23816.32
02;1321010125;2022;170;Outros Recursos Não Vinculados;11;PREFEITURA MUNICIPAL DE UBERLÂNDIA;Rem de Dep Banc -  Receita Própria - Saúde;SECRETARIA MUNICIPAL DE SAÚDE;09;4173.91;22234.57
02;1321010125;2022;170;Outros Recursos Não Vinculados;12;PREFEITURA MUNICIPAL DE UBERLÂNDIA;Rem de Dep Banc -  Receita Própria - Saúde;SECRETARIA MUNICIPAL DE SAÚDE;09;4582.13;18009.11
02;1321010126;2022;170;Outros Recursos Não Vinculados;1;PREFEITURA MUNICIPAL DE UBERLÂNDIA;Remuneração de Depósito Bancários - FMPPD - Saúde;SECRETARIA MUNICIPAL DE SAÚDE;09;2.15;603.74
02;1321010126;2022;170;Outros Recursos Não Vinculados;2;PREFEITURA MUNICIPAL DE UBERLÂNDIA;Remuneração de Depósito Bancários - FMPPD - Saúde;SECRETARIA MUNICIPAL DE SAÚDE;09;2.28;464.88
02;1321010126;2022;170;Outros Recursos Não Vinculados;3;PREFEITURA MUNICIPAL DE UBERLÂNDIA;Remuneração de Depósito Bancários - FMPPD - Saúde;SECRETARIA MUNICIPAL DE SAÚDE;09;2.87;469.81
02;1321010126;2022;170;Outros Recursos Não Vinculados;4;PREFEITURA MUNICIPAL DE UBERLÂNDIA;Remuneração de Depósito Bancários - FMPPD - Saúde;SECRETARIA MUNICIPAL DE SAÚDE;09;2.66;448.01
02;1321010126;2022;170;Outros Recursos Não Vinculados;5;PREFEITURA MUNICIPAL DE UBERLÂNDIA;Remuneração de Depósito Bancários - FMPPD - Saúde;SECRETARIA MUNICIPAL DE SAÚDE;09;3.32;462.25
02;1321010126;2022;170;Outros Recursos Não Vinculados;6;PREFEITURA MUNICIPAL DE UBERLÂNDIA;Remuneração de Depósito Bancários - FMPPD - Saúde;SECRETARIA MUNICIPAL DE SAÚDE;09;3.32;435.53
02;1321010126;2022;170;Outros Recursos Não Vinculados;7;PREFEITURA MUNICIPAL DE UBERLÂNDIA;Remuneração de Depósito Bancários - FMPPD - Saúde;SECRETARIA MUNICIPAL DE SAÚDE;09;3.46;476.27
02;1321010126;2022;170;Outros Recursos Não Vinculados;8;PREFEITURA MUNICIPAL DE UBERLÂNDIA;Remuneração de Depósito Bancários - FMPPD - Saúde;SECRETARIA MUNICIPAL DE SAÚDE;09;3.94;384.72
02;1321010126;2022;170;Outros Recursos Não Vinculados;9;PREFEITURA MUNICIPAL DE UBERLÂNDIA;Remuneração de Depósito Bancários - FMPPD - Saúde;SECRETARIA MUNICIPAL DE SAÚDE;09;3.65;291.41
02;1321010126;2022;170;Outros Recursos Não Vinculados;10;PREFEITURA MUNICIPAL DE UBERLÂNDIA;Remuneração de Depósito Bancários - FMPPD - Saúde;SECRETARIA MUNICIPAL DE SAÚDE;09;3.50;343.98
02;1321010126;2022;170;Outros Recursos Não Vinculados;11;PREFEITURA MUNICIPAL DE UBERLÂNDIA;Remuneração de Depósito Bancários - FMPPD - Saúde;SECRETARIA MUNICIPAL DE SAÚDE;09;3.51;329.52
02;1321010126;2022;170;Outros Recursos Não Vinculados;12;PREFEITURA MUNICIPAL DE UBERLÂNDIA;Remuneração de Depósito Bancários - FMPPD - Saúde;SECRETARIA MUNICIPAL DE SAÚDE;09;3.86;289.88
02;1321010127;2022;124;Outras Transferências de Convênios/ Outras Transferências de Convênios ou Repasses da União/ Transferências de Convênios Não Relacionados à Educação, à Saúde nem à Assistência Social;1;PREFEITURA MUNICIPAL DE UBERLÂNDIA;Rem de Dep Banc - Convênios Cultura;SECRETARIA MUNICIPAL DE CULTURA;08;613.84;125.71
02;1321010127;2022;124;Outras Transferências de Convênios/ Outras Transferências de Convênios ou Repasses da União/ Transferências de Convênios Não Relacionados à Educação, à Saúde nem à Assistência Social;2;PREFEITURA MUNICIPAL DE UBERLÂNDIA;Rem de Dep Banc - Convênios Cultura;SECRETARIA MUNICIPAL DE CULTURA;08;855.45;110.45
02;1321010127;2022;124;Outras Transferências de Convênios/ Outras Transferências de Convênios ou Repasses da União/ Transferências de Convênios Não Relacionados à Educação, à Saúde nem à Assistência Social;3;PREFEITURA MUNICIPAL DE UBERLÂNDIA;Rem de Dep Banc - Convênios Cultura;SECRETARIA MUNICIPAL DE CULTURA;08;993.44;85.15
02;1321010127;2022;124;Outras Transferências de Convênios/ Outras Transferências de Convênios ou Repasses da União/ Transferências de Convênios Não Relacionados à Educação, à Saúde nem à Assistência Social;4;PREFEITURA MUNICIPAL DE UBERLÂNDIA;Rem de Dep Banc - Convênios Cultura;SECRETARIA MUNICIPAL DE CULTURA;08;975.57;105.45
02;1321010127;2022;124;Outras Transferências de Convênios/ Outras Transferências de Convênios ou Repasses da União/ Transferências de Convênios Não Relacionados à Educação, à Saúde nem à Assistência Social;5;PREFEITURA MUNICIPAL DE UBERLÂNDIA;Rem de Dep Banc - Convênios Cultura;SECRETARIA MUNICIPAL DE CULTURA;08;889.68;120.81
02;1321010127;2022;124;Outras Transferências de Convênios/ Outras Transferências de Convênios ou Repasses da União/ Transferências de Convênios Não Relacionados à Educação, à Saúde nem à Assistência Social;6;PREFEITURA MUNICIPAL DE UBERLÂNDIA;Rem de Dep Banc - Convênios Cultura;SECRETARIA MUNICIPAL DE CULTURA;08;902.49;130.80
02;1321010127;2022;124;Outras Transferências de Convênios/ Outras Transferências de Convênios ou Repasses da União/ Transferências de Convênios Não Relacionados à Educação, à Saúde nem à Assistência Social;7;PREFEITURA MUNICIPAL DE UBERLÂNDIA;Rem de Dep Banc - Convênios Cultura;SECRETARIA MUNICIPAL DE CULTURA;08;658.34;58.33
02;1321010127;2022;124;Outras Transferências de Convênios/ Outras Transferências de Convênios ou Repasses da União/ Transferências de Convênios Não Relacionados à Educação, à Saúde nem à Assistência Social;8;PREFEITURA MUNICIPAL DE UBERLÂNDIA;Rem de Dep Banc - Convênios Cultura;SECRETARIA MUNICIPAL DE CULTURA;08;681.30;56.22
02;1321010127;2022;124;Outras Transferências de Convênios/ Outras Transferências de Convênios ou Repasses da União/ Transferências de Convênios Não Relacionados à Educação, à Saúde nem à Assistência Social;9;PREFEITURA MUNICIPAL DE UBERLÂNDIA;Rem de Dep Banc - Convênios Cultura;SECRETARIA MUNICIPAL DE CULTURA;08;467.00;53.51
02;1321010127;2022;124;Outras Transferências de Convênios/ Outras Transferências de Convênios ou Repasses da União/ Transferências de Convênios Não Relacionados à Educação, à Saúde nem à Assistência Social;10;PREFEITURA MUNICIPAL DE UBERLÂNDIA;Rem de Dep Banc - Convênios Cultura;SECRETARIA MUNICIPAL DE CULTURA;08;222.00;75.86
02;1321010127;2022;124;Outras Transferências de Convênios/ Outras Transferências de Convênios ou Repasses da União/ Transferências de Convênios Não Relacionados à Educação, à Saúde nem à Assistência Social;11;PREFEITURA MUNICIPAL DE UBERLÂNDIA;Rem de Dep Banc - Convênios Cultura;SECRETARIA MUNICIPAL DE CULTURA;08;135.91;28.59
02;1321010127;2022;124;Outras Transferências de Convênios/ Outras Transferências de Convênios ou Repasses da União/ Transferências de Convênios Não Relacionados à Educação, à Saúde nem à Assistência Social;12;PREFEITURA MUNICIPAL DE UBERLÂNDIA;Rem de Dep Banc - Convênios Cultura;SECRETARIA MUNICIPAL DE CULTURA;08;124.30;49.12
02;1321010128;2022;146;Outras Transferências de Recursos do FNDE;1;PREFEITURA MUNICIPAL DE UBERLÂNDIA;Rem de Dep Banc - Outras Transferencias do FNDE;SECRETARIA MUNICIPAL DE EDUCAÇÃO;07;1840.88;129854.82
02;1321010128;2022;146;Outras Transferências de Recursos do FNDE;2;PREFEITURA MUNICIPAL DE UBERLÂNDIA;Rem de Dep Banc - Outras Transferencias do FNDE;SECRETARIA MUNICIPAL DE EDUCAÇÃO;07;1972.89;86391.59
02;1321010128;2022;146;Outras Transferências de Recursos do FNDE;3;PREFEITURA MUNICIPAL DE UBERLÂNDIA;Rem de Dep Banc - Outras Transferencias do FNDE;SECRETARIA MUNICIPAL DE EDUCAÇÃO;07;3415.50;90909.01
02;1321010128;2022;146;Outras Transferências de Recursos do FNDE;4;PREFEITURA MUNICIPAL DE UBERLÂNDIA;Rem de Dep Banc - Outras Transferencias do FNDE;SECRETARIA MUNICIPAL DE EDUCAÇÃO;07;2856.50;87578.71
02;1321010128;2022;146;Outras Transferências de Recursos do FNDE;5;PREFEITURA MUNICIPAL DE UBERLÂNDIA;Rem de Dep Banc - Outras Transferencias do FNDE;SECRETARIA MUNICIPAL DE EDUCAÇÃO;07;3665.14;86163.65
02;1321010128;2022;146;Outras Transferências de Recursos do FNDE;6;PREFEITURA MUNICIPAL DE UBERLÂNDIA;Rem de Dep Banc - Outras Transferencias do FNDE;SECRETARIA MUNICIPAL DE EDUCAÇÃO;07;3656.54;78127.09
02;1321010128;2022;146;Outras Transferências de Recursos do FNDE;7;PREFEITURA MUNICIPAL DE UBERLÂNDIA;Rem de Dep Banc - Outras Transferencias do FNDE;SECRETARIA MUNICIPAL DE EDUCAÇÃO;07;3783.97;82718.00
02;1321010128;2022;146;Outras Transferências de Recursos do FNDE;8;PREFEITURA MUNICIPAL DE UBERLÂNDIA;Rem de Dep Banc - Outras Transferencias do FNDE;SECRETARIA MUNICIPAL DE EDUCAÇÃO;07;4350.75;74106.10
02;1321010128;2022;146;Outras Transferências de Recursos do FNDE;9;PREFEITURA MUNICIPAL DE UBERLÂNDIA;Rem de Dep Banc - Outras Transferencias do FNDE;SECRETARIA MUNICIPAL DE EDUCAÇÃO;07;4041.65;70320.04
02;1321010128;2022;146;Outras Transferências de Recursos do FNDE;10;PREFEITURA MUNICIPAL DE UBERLÂNDIA;Rem de Dep Banc - Outras Transferencias do FNDE;SECRETARIA MUNICIPAL DE EDUCAÇÃO;07;3884.80;69957.48
02;1321010128;2022;146;Outras Transferências de Recursos do FNDE;11;PREFEITURA MUNICIPAL DE UBERLÂNDIA;Rem de Dep Banc - Outras Transferencias do FNDE;SECRETARIA MUNICIPAL DE EDUCAÇÃO;07;3923.61;61383.15
02;1321010128;2022;146;Outras Transferências de Recursos do FNDE;12;PREFEITURA MUNICIPAL DE UBERLÂNDIA;Rem de Dep Banc - Outras Transferencias do FNDE;SECRETARIA MUNICIPAL DE EDUCAÇÃO;07;4349.74;32490.36
02;1321010129;2022;190;Operações de Crédito Internas;1;PREFEITURA MUNICIPAL DE UBERLÂNDIA;Rem de Dep Banc - Operação de Crédito - Obras/Trân;SECRETARIA MUNICIPAL DE OBRAS;13;5162.22;8917.05
02;1321010129;2022;190;Operações de Crédito Internas;2;PREFEITURA MUNICIPAL DE UBERLÂNDIA;Rem de Dep Banc - Operação de Crédito - Obras/Trân;SECRETARIA MUNICIPAL DE OBRAS;13;10315.11;4278.11
02;1321010129;2022;190;Operações de Crédito Internas;3;PREFEITURA MUNICIPAL DE UBERLÂNDIA;Rem de Dep Banc - Operação de Crédito - Obras/Trân;SECRETARIA MUNICIPAL DE OBRAS;13;17045.42;7446.46
02;1321010129;2022;190;Operações de Crédito Internas;4;PREFEITURA MUNICIPAL DE UBERLÂNDIA;Rem de Dep Banc - Operação de Crédito - Obras/Trân;SECRETARIA MUNICIPAL DE OBRAS;13;11204.97;11997.92
02;1321010129;2022;190;Operações de Crédito Internas;5;PREFEITURA MUNICIPAL DE UBERLÂNDIA;Rem de Dep Banc - Operação de Crédito - Obras/Trân;SECRETARIA MUNICIPAL DE OBRAS;13;4937.53;15019.25
02;1321010129;2022;190;Operações de Crédito Internas;6;PREFEITURA MUNICIPAL DE UBERLÂNDIA;Rem de Dep Banc - Operação de Crédito - Obras/Trân;SECRETARIA MUNICIPAL DE OBRAS;13;3590.68;11427.33
02;1321010129;2022;190;Operações de Crédito Internas;7;PREFEITURA MUNICIPAL DE UBERLÂNDIA;Rem de Dep Banc - Operação de Crédito - Obras/Trân;SECRETARIA MUNICIPAL DE OBRAS;13;2280.60;6321.00
02;1321010129;2022;190;Operações de Crédito Internas;8;PREFEITURA MUNICIPAL DE UBERLÂNDIA;Rem de Dep Banc - Operação de Crédito - Obras/Trân;SECRETARIA MUNICIPAL DE OBRAS;13;3750.34;9508.77
02;1321010129;2022;190;Operações de Crédito Internas;9;PREFEITURA MUNICIPAL DE UBERLÂNDIA;Rem de Dep Banc - Operação de Crédito - Obras/Trân;SECRETARIA MUNICIPAL DE OBRAS;13;9744.45;4422.21
02;1321010129;2022;190;Operações de Crédito Internas;10;PREFEITURA MUNICIPAL DE UBERLÂNDIA;Rem de Dep Banc - Operação de Crédito - Obras/Trân;SECRETARIA MUNICIPAL DE OBRAS;13;114082.88;4750.70
02;1321010129;2022;190;Operações de Crédito Internas;11;PREFEITURA MUNICIPAL DE UBERLÂNDIA;Rem de Dep Banc - Operação de Crédito - Obras/Trân;SECRETARIA MUNICIPAL DE OBRAS;13;130000.47;9478.01
02;1321010129;2022;190;Operações de Crédito Internas;12;PREFEITURA MUNICIPAL DE UBERLÂNDIA;Rem de Dep Banc - Operação de Crédito - Obras/Trân;SECRETARIA MUNICIPAL DE OBRAS;13;133847.65;6433.19
02;1321010129;2022;190;Operações de Crédito Internas;1;PREFEITURA MUNICIPAL DE UBERLÂNDIA;Rem de Dep Banc - Operação de Crédito - Obras/Trân;SECRETARIA MUNICIPAL DE TRÂNSITO E TRANSPORTES;15;0.00;1337.56
02;1321010129;2022;190;Operações de Crédito Internas;2;PREFEITURA MUNICIPAL DE UBERLÂNDIA;Rem de Dep Banc - Operação de Crédito - Obras/Trân;SECRETARIA MUNICIPAL DE TRÂNSITO E TRANSPORTES;15;0.00;641.72
02;1321010129;2022;190;Operações de Crédito Internas;3;PREFEITURA MUNICIPAL DE UBERLÂNDIA;Rem de Dep Banc - Operação de Crédito - Obras/Trân;SECRETARIA MUNICIPAL DE TRÂNSITO E TRANSPORTES;15;44085.66;1116.97
02;1321010129;2022;190;Operações de Crédito Internas;4;PREFEITURA MUNICIPAL DE UBERLÂNDIA;Rem de Dep Banc - Operação de Crédito - Obras/Trân;SECRETARIA MUNICIPAL DE TRÂNSITO E TRANSPORTES;15;60617.26;1799.69
02;1321010129;2022;190;Operações de Crédito Internas;5;PREFEITURA MUNICIPAL DE UBERLÂNDIA;Rem de Dep Banc - Operação de Crédito - Obras/Trân;SECRETARIA MUNICIPAL DE TRÂNSITO E TRANSPORTES;15;71627.91;2252.89
02;1321010129;2022;190;Operações de Crédito Internas;6;PREFEITURA MUNICIPAL DE UBERLÂNDIA;Rem de Dep Banc - Operação de Crédito - Obras/Trân;SECRETARIA MUNICIPAL DE TRÂNSITO E TRANSPORTES;15;57448.99;1714.10
02;1321010129;2022;190;Operações de Crédito Internas;7;PREFEITURA MUNICIPAL DE UBERLÂNDIA;Rem de Dep Banc - Operação de Crédito - Obras/Trân;SECRETARIA MUNICIPAL DE TRÂNSITO E TRANSPORTES;15;41803.58;948.15
02;1321010129;2022;190;Operações de Crédito Internas;8;PREFEITURA MUNICIPAL DE UBERLÂNDIA;Rem de Dep Banc - Operação de Crédito - Obras/Trân;SECRETARIA MUNICIPAL DE TRÂNSITO E TRANSPORTES;15;138387.82;1426.32
02;1321010129;2022;190;Operações de Crédito Internas;9;PREFEITURA MUNICIPAL DE UBERLÂNDIA;Rem de Dep Banc - Operação de Crédito - Obras/Trân;SECRETARIA MUNICIPAL DE TRÂNSITO E TRANSPORTES;15;116709.30;663.33
02;1321010129;2022;190;Operações de Crédito Internas;10;PREFEITURA MUNICIPAL DE UBERLÂNDIA;Rem de Dep Banc - Operação de Crédito - Obras/Trân;SECRETARIA MUNICIPAL DE TRÂNSITO E TRANSPORTES;15;95809.14;712.61
02;1321010129;2022;190;Operações de Crédito Internas;11;PREFEITURA MUNICIPAL DE UBERLÂNDIA;Rem de Dep Banc - Operação de Crédito - Obras/Trân;SECRETARIA MUNICIPAL DE TRÂNSITO E TRANSPORTES;15;88565.79;1421.70
02;1321010129;2022;190;Operações de Crédito Internas;12;PREFEITURA MUNICIPAL DE UBERLÂNDIA;Rem de Dep Banc - Operação de Crédito - Obras/Trân;SECRETARIA MUNICIPAL DE TRÂNSITO E TRANSPORTES;15;91911.08;964.96
02;1321010130;2022;171;Transferências do Estado referentes a Convênios ou de Contratos de Repasse vinculados à Educação;1;PREFEITURA MUNICIPAL DE UBERLÂNDIA;Rem de Dep Banc - Convênios Educação;SECRETARIA MUNICIPAL DE EDUCAÇÃO;07;11.03;717.96
02;1321010130;2022;171;Transferências do Estado referentes a Convênios ou de Contratos de Repasse vinculados à Educação;2;PREFEITURA MUNICIPAL DE UBERLÂNDIA;Rem de Dep Banc - Convênios Educação;SECRETARIA MUNICIPAL DE EDUCAÇÃO;07;11.78;608.82
02;1321010130;2022;171;Transferências do Estado referentes a Convênios ou de Contratos de Repasse vinculados à Educação;3;PREFEITURA MUNICIPAL DE UBERLÂNDIA;Rem de Dep Banc - Convênios Educação;SECRETARIA MUNICIPAL DE EDUCAÇÃO;07;10115.22;605.37
02;1321010130;2022;171;Transferências do Estado referentes a Convênios ou de Contratos de Repasse vinculados à Educação;4;PREFEITURA MUNICIPAL DE UBERLÂNDIA;Rem de Dep Banc - Convênios Educação;SECRETARIA MUNICIPAL DE EDUCAÇÃO;07;7579.74;454.80
02;1321010130;2022;171;Transferências do Estado referentes a Convênios ou de Contratos de Repasse vinculados à Educação;5;PREFEITURA MUNICIPAL DE UBERLÂNDIA;Rem de Dep Banc - Convênios Educação;SECRETARIA MUNICIPAL DE EDUCAÇÃO;07;9725.12;341.23
02;1321010130;2022;171;Transferências do Estado referentes a Convênios ou de Contratos de Repasse vinculados à Educação;6;PREFEITURA MUNICIPAL DE UBERLÂNDIA;Rem de Dep Banc - Convênios Educação;SECRETARIA MUNICIPAL DE EDUCAÇÃO;07;12322.86;342.41
02;1321010130;2022;171;Transferências do Estado referentes a Convênios ou de Contratos de Repasse vinculados à Educação;7;PREFEITURA MUNICIPAL DE UBERLÂNDIA;Rem de Dep Banc - Convênios Educação;SECRETARIA MUNICIPAL DE EDUCAÇÃO;07;14878.52;343.96
02;1321010130;2022;171;Transferências do Estado referentes a Convênios ou de Contratos de Repasse vinculados à Educação;8;PREFEITURA MUNICIPAL DE UBERLÂNDIA;Rem de Dep Banc - Convênios Educação;SECRETARIA MUNICIPAL DE EDUCAÇÃO;07;17338.68;353.85
02;1321010130;2022;171;Transferências do Estado referentes a Convênios ou de Contratos de Repasse vinculados à Educação;9;PREFEITURA MUNICIPAL DE UBERLÂNDIA;Rem de Dep Banc - Convênios Educação;SECRETARIA MUNICIPAL DE EDUCAÇÃO;07;16246.16;295.13
02;1321010130;2022;171;Transferências do Estado referentes a Convênios ou de Contratos de Repasse vinculados à Educação;10;PREFEITURA MUNICIPAL DE UBERLÂNDIA;Rem de Dep Banc - Convênios Educação;SECRETARIA MUNICIPAL DE EDUCAÇÃO;07;14850.70;338.13
02;1321010130;2022;171;Transferências do Estado referentes a Convênios ou de Contratos de Repasse vinculados à Educação;11;PREFEITURA MUNICIPAL DE UBERLÂNDIA;Rem de Dep Banc - Convênios Educação;SECRETARIA MUNICIPAL DE EDUCAÇÃO;07;14818.73;298.79
02;1321010130;2022;171;Transferências do Estado referentes a Convênios ou de Contratos de Repasse vinculados à Educação;12;PREFEITURA MUNICIPAL DE UBERLÂNDIA;Rem de Dep Banc - Convênios Educação;SECRETARIA MUNICIPAL DE EDUCAÇÃO;07;14773.96;299.55
02;1321010131;2022;145;Transferências de Recursos do FNDE Referentes ao Programa Nacional de Apoio ao Transporte Escolar (PNATE);1;PREFEITURA MUNICIPAL DE UBERLÂNDIA;Rem de Dep Banc - PNATE - Educação;SECRETARIA MUNICIPAL DE EDUCAÇÃO;07;4879.76;2094.88
02;1321010131;2022;145;Transferências de Recursos do FNDE Referentes ao Programa Nacional de Apoio ao Transporte Escolar (PNATE);2;PREFEITURA MUNICIPAL DE UBERLÂNDIA;Rem de Dep Banc - PNATE - Educação;SECRETARIA MUNICIPAL DE EDUCAÇÃO;07;5226.53;1640.88
02;1321010131;2022;145;Transferências de Recursos do FNDE Referentes ao Programa Nacional de Apoio ao Transporte Escolar (PNATE);3;PREFEITURA MUNICIPAL DE UBERLÂNDIA;Rem de Dep Banc - PNATE - Educação;SECRETARIA MUNICIPAL DE EDUCAÇÃO;07;6543.98;3059.47
02;1321010131;2022;145;Transferências de Recursos do FNDE Referentes ao Programa Nacional de Apoio ao Transporte Escolar (PNATE);4;PREFEITURA MUNICIPAL DE UBERLÂNDIA;Rem de Dep Banc - PNATE - Educação;SECRETARIA MUNICIPAL DE EDUCAÇÃO;07;5189.66;5362.86
02;1321010131;2022;145;Transferências de Recursos do FNDE Referentes ao Programa Nacional de Apoio ao Transporte Escolar (PNATE);5;PREFEITURA MUNICIPAL DE UBERLÂNDIA;Rem de Dep Banc - PNATE - Educação;SECRETARIA MUNICIPAL DE EDUCAÇÃO;07;5798.98;9937.93
02;1321010131;2022;145;Transferências de Recursos do FNDE Referentes ao Programa Nacional de Apoio ao Transporte Escolar (PNATE);6;PREFEITURA MUNICIPAL DE UBERLÂNDIA;Rem de Dep Banc - PNATE - Educação;SECRETARIA MUNICIPAL DE EDUCAÇÃO;07;4650.04;12800.17
02;1321010131;2022;145;Transferências de Recursos do FNDE Referentes ao Programa Nacional de Apoio ao Transporte Escolar (PNATE);7;PREFEITURA MUNICIPAL DE UBERLÂNDIA;Rem de Dep Banc - PNATE - Educação;SECRETARIA MUNICIPAL DE EDUCAÇÃO;07;3506.79;6205.86
02;1321010131;2022;145;Transferências de Recursos do FNDE Referentes ao Programa Nacional de Apoio ao Transporte Escolar (PNATE);8;PREFEITURA MUNICIPAL DE UBERLÂNDIA;Rem de Dep Banc - PNATE - Educação;SECRETARIA MUNICIPAL DE EDUCAÇÃO;07;2786.18;6114.24
02;1321010131;2022;145;Transferências de Recursos do FNDE Referentes ao Programa Nacional de Apoio ao Transporte Escolar (PNATE);9;PREFEITURA MUNICIPAL DE UBERLÂNDIA;Rem de Dep Banc - PNATE - Educação;SECRETARIA MUNICIPAL DE EDUCAÇÃO;07;1655.56;5039.78
02;1321010131;2022;145;Transferências de Recursos do FNDE Referentes ao Programa Nacional de Apoio ao Transporte Escolar (PNATE);10;PREFEITURA MUNICIPAL DE UBERLÂNDIA;Rem de Dep Banc - PNATE - Educação;SECRETARIA MUNICIPAL DE EDUCAÇÃO;07;607.78;6875.64
02;1321010131;2022;145;Transferências de Recursos do FNDE Referentes ao Programa Nacional de Apoio ao Transporte Escolar (PNATE);11;PREFEITURA MUNICIPAL DE UBERLÂNDIA;Rem de Dep Banc - PNATE - Educação;SECRETARIA MUNICIPAL DE EDUCAÇÃO;07;172.91;5893.82
02;1321010131;2022;145;Transferências de Recursos do FNDE Referentes ao Programa Nacional de Apoio ao Transporte Escolar (PNATE);12;PREFEITURA MUNICIPAL DE UBERLÂNDIA;Rem de Dep Banc - PNATE - Educação;SECRETARIA MUNICIPAL DE EDUCAÇÃO;07;497.26;4974.47
02;1321010132;2022;144;Transferências de Recursos do FNDE Referentes ao Programa Nacional de Alimentação Escolar (PNAE);1;PREFEITURA MUNICIPAL DE UBERLÂNDIA;Rem de Dep Banc -  PNAE - Educação;SECRETARIA MUNICIPAL DE EDUCAÇÃO;07;395.85;5484.75
02;1321010132;2022;144;Transferências de Recursos do FNDE Referentes ao Programa Nacional de Alimentação Escolar (PNAE);2;PREFEITURA MUNICIPAL DE UBERLÂNDIA;Rem de Dep Banc -  PNAE - Educação;SECRETARIA MUNICIPAL DE EDUCAÇÃO;07;1756.06;4593.25
02;1321010132;2022;144;Transferências de Recursos do FNDE Referentes ao Programa Nacional de Alimentação Escolar (PNAE);3;PREFEITURA MUNICIPAL DE UBERLÂNDIA;Rem de Dep Banc -  PNAE - Educação;SECRETARIA MUNICIPAL DE EDUCAÇÃO;07;6516.74;9100.75
02;1321010132;2022;144;Transferências de Recursos do FNDE Referentes ao Programa Nacional de Alimentação Escolar (PNAE);4;PREFEITURA MUNICIPAL DE UBERLÂNDIA;Rem de Dep Banc -  PNAE - Educação;SECRETARIA MUNICIPAL DE EDUCAÇÃO;07;4302.22;11999.53
02;1321010132;2022;144;Transferências de Recursos do FNDE Referentes ao Programa Nacional de Alimentação Escolar (PNAE);5;PREFEITURA MUNICIPAL DE UBERLÂNDIA;Rem de Dep Banc -  PNAE - Educação;SECRETARIA MUNICIPAL DE EDUCAÇÃO;07;5679.58;15645.65
02;1321010132;2022;144;Transferências de Recursos do FNDE Referentes ao Programa Nacional de Alimentação Escolar (PNAE);6;PREFEITURA MUNICIPAL DE UBERLÂNDIA;Rem de Dep Banc -  PNAE - Educação;SECRETARIA MUNICIPAL DE EDUCAÇÃO;07;5724.25;16844.09
02;1321010132;2022;144;Transferências de Recursos do FNDE Referentes ao Programa Nacional de Alimentação Escolar (PNAE);7;PREFEITURA MUNICIPAL DE UBERLÂNDIA;Rem de Dep Banc -  PNAE - Educação;SECRETARIA MUNICIPAL DE EDUCAÇÃO;07;2614.20;11880.77
02;1321010132;2022;144;Transferências de Recursos do FNDE Referentes ao Programa Nacional de Alimentação Escolar (PNAE);8;PREFEITURA MUNICIPAL DE UBERLÂNDIA;Rem de Dep Banc -  PNAE - Educação;SECRETARIA MUNICIPAL DE EDUCAÇÃO;07;3273.43;9378.82
02;1321010132;2022;144;Transferências de Recursos do FNDE Referentes ao Programa Nacional de Alimentação Escolar (PNAE);9;PREFEITURA MUNICIPAL DE UBERLÂNDIA;Rem de Dep Banc -  PNAE - Educação;SECRETARIA MUNICIPAL DE EDUCAÇÃO;07;2573.25;8669.30
02;1321010132;2022;144;Transferências de Recursos do FNDE Referentes ao Programa Nacional de Alimentação Escolar (PNAE);10;PREFEITURA MUNICIPAL DE UBERLÂNDIA;Rem de Dep Banc -  PNAE - Educação;SECRETARIA MUNICIPAL DE EDUCAÇÃO;07;3840.86;11213.38
02;1321010132;2022;144;Transferências de Recursos do FNDE Referentes ao Programa Nacional de Alimentação Escolar (PNAE);11;PREFEITURA MUNICIPAL DE UBERLÂNDIA;Rem de Dep Banc -  PNAE - Educação;SECRETARIA MUNICIPAL DE EDUCAÇÃO;07;7336.79;8208.04
02;1321010132;2022;144;Transferências de Recursos do FNDE Referentes ao Programa Nacional de Alimentação Escolar (PNAE);12;PREFEITURA MUNICIPAL DE UBERLÂNDIA;Rem de Dep Banc -  PNAE - Educação;SECRETARIA MUNICIPAL DE EDUCAÇÃO;07;5730.73;6981.67
02;1321010133;2022;157;Multas de Trânsito;1;PREFEITURA MUNICIPAL DE UBERLÂNDIA;Rem de Dep Banc -  Multas de Trânsito;SECRETARIA MUNICIPAL DE TRÂNSITO E TRANSPORTES;15;31067.21;15085.83
02;1321010133;2022;157;Multas de Trânsito;2;PREFEITURA MUNICIPAL DE UBERLÂNDIA;Rem de Dep Banc -  Multas de Trânsito;SECRETARIA MUNICIPAL DE TRÂNSITO E TRANSPORTES;15;43813.79;12980.38
02;1321010133;2022;157;Multas de Trânsito;3;PREFEITURA MUNICIPAL DE UBERLÂNDIA;Rem de Dep Banc -  Multas de Trânsito;SECRETARIA MUNICIPAL DE TRÂNSITO E TRANSPORTES;15;66297.06;15152.87
02;1321010133;2022;157;Multas de Trânsito;4;PREFEITURA MUNICIPAL DE UBERLÂNDIA;Rem de Dep Banc -  Multas de Trânsito;SECRETARIA MUNICIPAL DE TRÂNSITO E TRANSPORTES;15;70138.39;16244.46
02;1321010133;2022;157;Multas de Trânsito;5;PREFEITURA MUNICIPAL DE UBERLÂNDIA;Rem de Dep Banc -  Multas de Trânsito;SECRETARIA MUNICIPAL DE TRÂNSITO E TRANSPORTES;15;97101.85;20194.78
02;1321010133;2022;157;Multas de Trânsito;6;PREFEITURA MUNICIPAL DE UBERLÂNDIA;Rem de Dep Banc -  Multas de Trânsito;SECRETARIA MUNICIPAL DE TRÂNSITO E TRANSPORTES;15;105726.59;22816.90
02;1321010133;2022;157;Multas de Trânsito;7;PREFEITURA MUNICIPAL DE UBERLÂNDIA;Rem de Dep Banc -  Multas de Trânsito;SECRETARIA MUNICIPAL DE TRÂNSITO E TRANSPORTES;15;123968.88;21683.26
02;1321010133;2022;157;Multas de Trânsito;8;PREFEITURA MUNICIPAL DE UBERLÂNDIA;Rem de Dep Banc -  Multas de Trânsito;SECRETARIA MUNICIPAL DE TRÂNSITO E TRANSPORTES;15;168068.57;16638.84
02;1321010133;2022;157;Multas de Trânsito;9;PREFEITURA MUNICIPAL DE UBERLÂNDIA;Rem de Dep Banc -  Multas de Trânsito;SECRETARIA MUNICIPAL DE TRÂNSITO E TRANSPORTES;15;164808.23;13384.37
02;1321010133;2022;157;Multas de Trânsito;10;PREFEITURA MUNICIPAL DE UBERLÂNDIA;Rem de Dep Banc -  Multas de Trânsito;SECRETARIA MUNICIPAL DE TRÂNSITO E TRANSPORTES;15;172944.50;16699.05
02;1321010133;2022;157;Multas de Trânsito;11;PREFEITURA MUNICIPAL DE UBERLÂNDIA;Rem de Dep Banc -  Multas de Trânsito;SECRETARIA MUNICIPAL DE TRÂNSITO E TRANSPORTES;15;195608.69;16143.17
02;1321010133;2022;157;Multas de Trânsito;12;PREFEITURA MUNICIPAL DE UBERLÂNDIA;Rem de Dep Banc -  Multas de Trânsito;SECRETARIA MUNICIPAL DE TRÂNSITO E TRANSPORTES;15;206107.54;12976.09
02;1321010134;2022;170;Outros Recursos Não Vinculados;1;PREFEITURA MUNICIPAL DE UBERLÂNDIA;Rem de Dep Banc - Fundo da Pessoa com Deficiencia;SECRETARIA MUNICIPAL DE PLANEJAMENTO URBANO;34;2776.65;12637.01
02;1321010134;2022;170;Outros Recursos Não Vinculados;2;PREFEITURA MUNICIPAL DE UBERLÂNDIA;Rem de Dep Banc - Fundo da Pessoa com Deficiencia;SECRETARIA MUNICIPAL DE PLANEJAMENTO URBANO;34;2976.78;10289.43
02;1321010134;2022;170;Outros Recursos Não Vinculados;3;PREFEITURA MUNICIPAL DE UBERLÂNDIA;Rem de Dep Banc - Fundo da Pessoa com Deficiencia;SECRETARIA MUNICIPAL DE PLANEJAMENTO URBANO;34;3727.15;11418.30
02;1321010134;2022;170;Outros Recursos Não Vinculados;4;PREFEITURA MUNICIPAL DE UBERLÂNDIA;Rem de Dep Banc - Fundo da Pessoa com Deficiencia;SECRETARIA MUNICIPAL DE PLANEJAMENTO URBANO;34;3154.11;11415.58
02;1321010134;2022;170;Outros Recursos Não Vinculados;5;PREFEITURA MUNICIPAL DE UBERLÂNDIA;Rem de Dep Banc - Fundo da Pessoa com Deficiencia;SECRETARIA MUNICIPAL DE PLANEJAMENTO URBANO;34;4047.00;13109.72
02;1321010134;2022;170;Outros Recursos Não Vinculados;6;PREFEITURA MUNICIPAL DE UBERLÂNDIA;Rem de Dep Banc - Fundo da Pessoa com Deficiencia;SECRETARIA MUNICIPAL DE PLANEJAMENTO URBANO;34;4037.51;13362.45
02;1321010134;2022;170;Outros Recursos Não Vinculados;7;PREFEITURA MUNICIPAL DE UBERLÂNDIA;Rem de Dep Banc - Fundo da Pessoa com Deficiencia;SECRETARIA MUNICIPAL DE PLANEJAMENTO URBANO;34;4178.20;9980.06
02;1321010134;2022;170;Outros Recursos Não Vinculados;8;PREFEITURA MUNICIPAL DE UBERLÂNDIA;Rem de Dep Banc - Fundo da Pessoa com Deficiencia;SECRETARIA MUNICIPAL DE PLANEJAMENTO URBANO;34;4804.05;8465.76
02;1321010134;2022;170;Outros Recursos Não Vinculados;9;PREFEITURA MUNICIPAL DE UBERLÂNDIA;Rem de Dep Banc - Fundo da Pessoa com Deficiencia;SECRETARIA MUNICIPAL DE PLANEJAMENTO URBANO;34;4462.74;7388.03
02;1321010134;2022;170;Outros Recursos Não Vinculados;10;PREFEITURA MUNICIPAL DE UBERLÂNDIA;Rem de Dep Banc - Fundo da Pessoa com Deficiencia;SECRETARIA MUNICIPAL DE PLANEJAMENTO URBANO;34;4289.55;10159.35
02;1321010134;2022;170;Outros Recursos Não Vinculados;11;PREFEITURA MUNICIPAL DE UBERLÂNDIA;Rem de Dep Banc - Fundo da Pessoa com Deficiencia;SECRETARIA MUNICIPAL DE PLANEJAMENTO URBANO;34;4332.39;8529.86
02;1321010134;2022;170;Outros Recursos Não Vinculados;12;PREFEITURA MUNICIPAL DE UBERLÂNDIA;Rem de Dep Banc - Fundo da Pessoa com Deficiencia;SECRETARIA MUNICIPAL DE PLANEJAMENTO URBANO;34;4802.95;8244.45
02;1321010135;2022;181;Outras Transferências de Convênios ou Contratos de Repasse dos Estados;1;PREFEITURA MUNICIPAL DE UBERLÂNDIA;Rem de Dep Banc - Convênios Agropecuária;SECRETARIA MUNICIPAL DE AGROPECUÁRIA E ABASTECIMEN;12;3571.61;153.42
02;1321010135;2022;181;Outras Transferências de Convênios ou Contratos de Repasse dos Estados;2;PREFEITURA MUNICIPAL DE UBERLÂNDIA;Rem de Dep Banc - Convênios Agropecuária;SECRETARIA MUNICIPAL DE AGROPECUÁRIA E ABASTECIMEN;12;3900.63;92.11
02;1321010135;2022;181;Outras Transferências de Convênios ou Contratos de Repasse dos Estados;3;PREFEITURA MUNICIPAL DE UBERLÂNDIA;Rem de Dep Banc - Convênios Agropecuária;SECRETARIA MUNICIPAL DE AGROPECUÁRIA E ABASTECIMEN;12;4897.64;103.39
02;1321010135;2022;181;Outras Transferências de Convênios ou Contratos de Repasse dos Estados;4;PREFEITURA MUNICIPAL DE UBERLÂNDIA;Rem de Dep Banc - Convênios Agropecuária;SECRETARIA MUNICIPAL DE AGROPECUÁRIA E ABASTECIMEN;12;2902.83;83.37
02;1321010135;2022;181;Outras Transferências de Convênios ou Contratos de Repasse dos Estados;5;PREFEITURA MUNICIPAL DE UBERLÂNDIA;Rem de Dep Banc - Convênios Agropecuária;SECRETARIA MUNICIPAL DE AGROPECUÁRIA E ABASTECIMEN;12;3651.80;116.10
02;1321010135;2022;181;Outras Transferências de Convênios ou Contratos de Repasse dos Estados;6;PREFEITURA MUNICIPAL DE UBERLÂNDIA;Rem de Dep Banc - Convênios Agropecuária;SECRETARIA MUNICIPAL DE AGROPECUÁRIA E ABASTECIMEN;12;3512.55;152.23
02;1321010135;2022;181;Outras Transferências de Convênios ou Contratos de Repasse dos Estados;7;PREFEITURA MUNICIPAL DE UBERLÂNDIA;Rem de Dep Banc - Convênios Agropecuária;SECRETARIA MUNICIPAL DE AGROPECUÁRIA E ABASTECIMEN;12;3111.95;44.91
02;1321010135;2022;181;Outras Transferências de Convênios ou Contratos de Repasse dos Estados;8;PREFEITURA MUNICIPAL DE UBERLÂNDIA;Rem de Dep Banc - Convênios Agropecuária;SECRETARIA MUNICIPAL DE AGROPECUÁRIA E ABASTECIMEN;12;3465.21;36.97
02;1321010135;2022;181;Outras Transferências de Convênios ou Contratos de Repasse dos Estados;9;PREFEITURA MUNICIPAL DE UBERLÂNDIA;Rem de Dep Banc - Convênios Agropecuária;SECRETARIA MUNICIPAL DE AGROPECUÁRIA E ABASTECIMEN;12;2842.47;29.43
02;1321010135;2022;181;Outras Transferências de Convênios ou Contratos de Repasse dos Estados;10;PREFEITURA MUNICIPAL DE UBERLÂNDIA;Rem de Dep Banc - Convênios Agropecuária;SECRETARIA MUNICIPAL DE AGROPECUÁRIA E ABASTECIMEN;12;2720.30;71.40
02;1321010135;2022;181;Outras Transferências de Convênios ou Contratos de Repasse dos Estados;11;PREFEITURA MUNICIPAL DE UBERLÂNDIA;Rem de Dep Banc - Convênios Agropecuária;SECRETARIA MUNICIPAL DE AGROPECUÁRIA E ABASTECIMEN;12;2731.69;56.43
02;1321010135;2022;181;Outras Transferências de Convênios ou Contratos de Repasse dos Estados;12;PREFEITURA MUNICIPAL DE UBERLÂNDIA;Rem de Dep Banc - Convênios Agropecuária;SECRETARIA MUNICIPAL DE AGROPECUÁRIA E ABASTECIMEN;12;2998.88;60.24
02;1321010136;2022;170;Outros Recursos Não Vinculados;1;PREFEITURA MUNICIPAL DE UBERLÂNDIA;Rem de Dep Banc - Receita Própria - FUNTUR;SECRETARIA MUNICIPAL DE CULTURA;08;1.06;41.60
02;1321010136;2022;170;Outros Recursos Não Vinculados;2;PREFEITURA MUNICIPAL DE UBERLÂNDIA;Rem de Dep Banc - Receita Própria - FUNTUR;SECRETARIA MUNICIPAL DE CULTURA;08;12.04;515.13
02;1321010136;2022;170;Outros Recursos Não Vinculados;3;PREFEITURA MUNICIPAL DE UBERLÂNDIA;Rem de Dep Banc - Receita Própria - FUNTUR;SECRETARIA MUNICIPAL DE CULTURA;08;1.51;35.55
02;1321010136;2022;170;Outros Recursos Não Vinculados;4;PREFEITURA MUNICIPAL DE UBERLÂNDIA;Rem de Dep Banc - Receita Própria - FUNTUR;SECRETARIA MUNICIPAL DE CULTURA;08;1.39;39.33
02;1321010136;2022;170;Outros Recursos Não Vinculados;5;PREFEITURA MUNICIPAL DE UBERLÂNDIA;Rem de Dep Banc - Receita Própria - FUNTUR;SECRETARIA MUNICIPAL DE CULTURA;08;1.75;164.15
02;1321010136;2022;170;Outros Recursos Não Vinculados;6;PREFEITURA MUNICIPAL DE UBERLÂNDIA;Rem de Dep Banc - Receita Própria - FUNTUR;SECRETARIA MUNICIPAL DE CULTURA;08;1.74;53.71
02;1321010136;2022;170;Outros Recursos Não Vinculados;7;PREFEITURA MUNICIPAL DE UBERLÂNDIA;Rem de Dep Banc - Receita Própria - FUNTUR;SECRETARIA MUNICIPAL DE CULTURA;08;1.82;31.77
02;1321010136;2022;170;Outros Recursos Não Vinculados;8;PREFEITURA MUNICIPAL DE UBERLÂNDIA;Rem de Dep Banc - Receita Própria - FUNTUR;SECRETARIA MUNICIPAL DE CULTURA;08;18.04;24.21
02;1321010136;2022;170;Outros Recursos Não Vinculados;9;PREFEITURA MUNICIPAL DE UBERLÂNDIA;Rem de Dep Banc - Receita Própria - FUNTUR;SECRETARIA MUNICIPAL DE CULTURA;08;4.42;20.42
02;1321010136;2022;170;Outros Recursos Não Vinculados;10;PREFEITURA MUNICIPAL DE UBERLÂNDIA;Rem de Dep Banc - Receita Própria - FUNTUR;SECRETARIA MUNICIPAL DE CULTURA;08;7.22;24.96
02;1321010136;2022;170;Outros Recursos Não Vinculados;11;PREFEITURA MUNICIPAL DE UBERLÂNDIA;Rem de Dep Banc - Receita Própria - FUNTUR;SECRETARIA MUNICIPAL DE CULTURA;08;7.27;25.72
02;1321010136;2022;170;Outros Recursos Não Vinculados;12;PREFEITURA MUNICIPAL DE UBERLÂNDIA;Rem de Dep Banc - Receita Própria - FUNTUR;SECRETARIA MUNICIPAL DE CULTURA;08;7.96;23.45
04;1321010137;2022;192;Alienação de Bens;1;Fundação Uberlandense Turismo Esporte Lazer;Rem de Dep Banc - Alienação de Bens - FUTEL;FUNDAÇÃO UBERLANDENSE DE TURISMO, ESPORTE E LAZER-;19;0.00;166.67
04;1321010137;2022;192;Alienação de Bens;2;Fundação Uberlandense Turismo Esporte Lazer;Rem de Dep Banc - Alienação de Bens - FUTEL;FUNDAÇÃO UBERLANDENSE DE TURISMO, ESPORTE E LAZER-;19;0.00;166.67
04;1321010137;2022;192;Alienação de Bens;3;Fundação Uberlandense Turismo Esporte Lazer;Rem de Dep Banc - Alienação de Bens - FUTEL;FUNDAÇÃO UBERLANDENSE DE TURISMO, ESPORTE E LAZER-;19;0.00;166.67
04;1321010137;2022;192;Alienação de Bens;4;Fundação Uberlandense Turismo Esporte Lazer;Rem de Dep Banc - Alienação de Bens - FUTEL;FUNDAÇÃO UBERLANDENSE DE TURISMO, ESPORTE E LAZER-;19;0.00;166.67
04;1321010137;2022;192;Alienação de Bens;5;Fundação Uberlandense Turismo Esporte Lazer;Rem de Dep Banc - Alienação de Bens - FUTEL;FUNDAÇÃO UBERLANDENSE DE TURISMO, ESPORTE E LAZER-;19;0.00;166.67
04;1321010137;2022;192;Alienação de Bens;6;Fundação Uberlandense Turismo Esporte Lazer;Rem de Dep Banc - Alienação de Bens - FUTEL;FUNDAÇÃO UBERLANDENSE DE TURISMO, ESPORTE E LAZER-;19;0.00;166.67
04;1321010137;2022;192;Alienação de Bens;7;Fundação Uberlandense Turismo Esporte Lazer;Rem de Dep Banc - Alienação de Bens - FUTEL;FUNDAÇÃO UBERLANDENSE DE TURISMO, ESPORTE E LAZER-;19;0.00;166.67
04;1321010137;2022;192;Alienação de Bens;8;Fundação Uberlandense Turismo Esporte Lazer;Rem de Dep Banc - Alienação de Bens - FUTEL;FUNDAÇÃO UBERLANDENSE DE TURISMO, ESPORTE E LAZER-;19;0.00;166.67
04;1321010137;2022;192;Alienação de Bens;9;Fundação Uberlandense Turismo Esporte Lazer;Rem de Dep Banc - Alienação de Bens - FUTEL;FUNDAÇÃO UBERLANDENSE DE TURISMO, ESPORTE E LAZER-;19;0.00;166.67
04;1321010137;2022;192;Alienação de Bens;10;Fundação Uberlandense Turismo Esporte Lazer;Rem de Dep Banc - Alienação de Bens - FUTEL;FUNDAÇÃO UBERLANDENSE DE TURISMO, ESPORTE E LAZER-;19;0.00;166.67
04;1321010137;2022;192;Alienação de Bens;11;Fundação Uberlandense Turismo Esporte Lazer;Rem de Dep Banc - Alienação de Bens - FUTEL;FUNDAÇÃO UBERLANDENSE DE TURISMO, ESPORTE E LAZER-;19;0.00;166.67
04;1321010137;2022;192;Alienação de Bens;12;Fundação Uberlandense Turismo Esporte Lazer;Rem de Dep Banc - Alienação de Bens - FUTEL;FUNDAÇÃO UBERLANDENSE DE TURISMO, ESPORTE E LAZER-;19;0.00;166.63
08;1321010138;2022;192;Alienação de Bens;1;EMPRESA MUNICIPAL DE APOIO E MANUTENÇÃO;Rem de Dep Banc - Alienação - EMAM;EMPRESA MUNICIPAL DE APOIO E MANUTENÇÃO-EMAM;21;0.00;83.33
08;1321010138;2022;192;Alienação de Bens;2;EMPRESA MUNICIPAL DE APOIO E MANUTENÇÃO;Rem de Dep Banc - Alienação - EMAM;EMPRESA MUNICIPAL DE APOIO E MANUTENÇÃO-EMAM;21;0.00;83.33
08;1321010138;2022;192;Alienação de Bens;3;EMPRESA MUNICIPAL DE APOIO E MANUTENÇÃO;Rem de Dep Banc - Alienação - EMAM;EMPRESA MUNICIPAL DE APOIO E MANUTENÇÃO-EMAM;21;0.00;83.33
08;1321010138;2022;192;Alienação de Bens;4;EMPRESA MUNICIPAL DE APOIO E MANUTENÇÃO;Rem de Dep Banc - Alienação - EMAM;EMPRESA MUNICIPAL DE APOIO E MANUTENÇÃO-EMAM;21;0.00;83.33
08;1321010138;2022;192;Alienação de Bens;5;EMPRESA MUNICIPAL DE APOIO E MANUTENÇÃO;Rem de Dep Banc - Alienação - EMAM;EMPRESA MUNICIPAL DE APOIO E MANUTENÇÃO-EMAM;21;0.00;83.33
08;1321010138;2022;192;Alienação de Bens;6;EMPRESA MUNICIPAL DE APOIO E MANUTENÇÃO;Rem de Dep Banc - Alienação - EMAM;EMPRESA MUNICIPAL DE APOIO E MANUTENÇÃO-EMAM;21;0.00;83.33
08;1321010138;2022;192;Alienação de Bens;7;EMPRESA MUNICIPAL DE APOIO E MANUTENÇÃO;Rem de Dep Banc - Alienação - EMAM;EMPRESA MUNICIPAL DE APOIO E MANUTENÇÃO-EMAM;21;0.00;83.33
08;1321010138;2022;192;Alienação de Bens;8;EMPRESA MUNICIPAL DE APOIO E MANUTENÇÃO;Rem de Dep Banc - Alienação - EMAM;EMPRESA MUNICIPAL DE APOIO E MANUTENÇÃO-EMAM;21;0.00;83.33
08;1321010138;2022;192;Alienação de Bens;9;EMPRESA MUNICIPAL DE APOIO E MANUTENÇÃO;Rem de Dep Banc - Alienação - EMAM;EMPRESA MUNICIPAL DE APOIO E MANUTENÇÃO-EMAM;21;0.00;83.33
08;1321010138;2022;192;Alienação de Bens;10;EMPRESA MUNICIPAL DE APOIO E MANUTENÇÃO;Rem de Dep Banc - Alienação - EMAM;EMPRESA MUNICIPAL DE APOIO E MANUTENÇÃO-EMAM;21;0.00;83.33
08;1321010138;2022;192;Alienação de Bens;11;EMPRESA MUNICIPAL DE APOIO E MANUTENÇÃO;Rem de Dep Banc - Alienação - EMAM;EMPRESA MUNICIPAL DE APOIO E MANUTENÇÃO-EMAM;21;0.00;83.33
08;1321010138;2022;192;Alienação de Bens;12;EMPRESA MUNICIPAL DE APOIO E MANUTENÇÃO;Rem de Dep Banc - Alienação - EMAM;EMPRESA MUNICIPAL DE APOIO E MANUTENÇÃO-EMAM;21;0.00;83.37
08;1321010139;2022;170;Outros Recursos Não Vinculados;1;EMPRESA MUNICIPAL DE APOIO E MANUTENÇÃO;Rem de Dep Banc -  Receita Própria - EMAM;EMPRESA MUNICIPAL DE APOIO E MANUTENÇÃO-EMAM;21;0.00;83.33
08;1321010139;2022;170;Outros Recursos Não Vinculados;2;EMPRESA MUNICIPAL DE APOIO E MANUTENÇÃO;Rem de Dep Banc -  Receita Própria - EMAM;EMPRESA MUNICIPAL DE APOIO E MANUTENÇÃO-EMAM;21;0.00;83.33
08;1321010139;2022;170;Outros Recursos Não Vinculados;3;EMPRESA MUNICIPAL DE APOIO E MANUTENÇÃO;Rem de Dep Banc -  Receita Própria - EMAM;EMPRESA MUNICIPAL DE APOIO E MANUTENÇÃO-EMAM;21;0.00;83.33
08;1321010139;2022;170;Outros Recursos Não Vinculados;4;EMPRESA MUNICIPAL DE APOIO E MANUTENÇÃO;Rem de Dep Banc -  Receita Própria - EMAM;EMPRESA MUNICIPAL DE APOIO E MANUTENÇÃO-EMAM;21;0.00;83.33
08;1321010139;2022;170;Outros Recursos Não Vinculados;5;EMPRESA MUNICIPAL DE APOIO E MANUTENÇÃO;Rem de Dep Banc -  Receita Própria - EMAM;EMPRESA MUNICIPAL DE APOIO E MANUTENÇÃO-EMAM;21;0.00;83.33
08;1321010139;2022;170;Outros Recursos Não Vinculados;6;EMPRESA MUNICIPAL DE APOIO E MANUTENÇÃO;Rem de Dep Banc -  Receita Própria - EMAM;EMPRESA MUNICIPAL DE APOIO E MANUTENÇÃO-EMAM;21;0.00;83.33
08;1321010139;2022;170;Outros Recursos Não Vinculados;7;EMPRESA MUNICIPAL DE APOIO E MANUTENÇÃO;Rem de Dep Banc -  Receita Própria - EMAM;EMPRESA MUNICIPAL DE APOIO E MANUTENÇÃO-EMAM;21;0.00;83.33
08;1321010139;2022;170;Outros Recursos Não Vinculados;8;EMPRESA MUNICIPAL DE APOIO E MANUTENÇÃO;Rem de Dep Banc -  Receita Própria - EMAM;EMPRESA MUNICIPAL DE APOIO E MANUTENÇÃO-EMAM;21;0.00;83.33
08;1321010139;2022;170;Outros Recursos Não Vinculados;9;EMPRESA MUNICIPAL DE APOIO E MANUTENÇÃO;Rem de Dep Banc -  Receita Própria - EMAM;EMPRESA MUNICIPAL DE APOIO E MANUTENÇÃO-EMAM;21;0.00;83.33
08;1321010139;2022;170;Outros Recursos Não Vinculados;10;EMPRESA MUNICIPAL DE APOIO E MANUTENÇÃO;Rem de Dep Banc -  Receita Própria - EMAM;EMPRESA MUNICIPAL DE APOIO E MANUTENÇÃO-EMAM;21;0.00;83.33
08;1321010139;2022;170;Outros Recursos Não Vinculados;11;EMPRESA MUNICIPAL DE APOIO E MANUTENÇÃO;Rem de Dep Banc -  Receita Própria - EMAM;EMPRESA MUNICIPAL DE APOIO E MANUTENÇÃO-EMAM;21;0.00;83.33
08;1321010139;2022;170;Outros Recursos Não Vinculados;12;EMPRESA MUNICIPAL DE APOIO E MANUTENÇÃO;Rem de Dep Banc -  Receita Própria - EMAM;EMPRESA MUNICIPAL DE APOIO E MANUTENÇÃO-EMAM;21;0.00;83.37
02;1321010140;2022;190;Operações de Crédito Internas;1;PREFEITURA MUNICIPAL DE UBERLÂNDIA;Rem de Dep Banc - Operação de Crédito - FINANÇAS;SECRETARIA MUNICIPAL DE FINANÇAS;06;19087.19;12762.38
02;1321010140;2022;190;Operações de Crédito Internas;2;PREFEITURA MUNICIPAL DE UBERLÂNDIA;Rem de Dep Banc - Operação de Crédito - FINANÇAS;SECRETARIA MUNICIPAL DE FINANÇAS;06;25060.84;11179.28
02;1321010140;2022;190;Operações de Crédito Internas;3;PREFEITURA MUNICIPAL DE UBERLÂNDIA;Rem de Dep Banc - Operação de Crédito - FINANÇAS;SECRETARIA MUNICIPAL DE FINANÇAS;06;36216.69;12418.32
02;1321010140;2022;190;Operações de Crédito Internas;4;PREFEITURA MUNICIPAL DE UBERLÂNDIA;Rem de Dep Banc - Operação de Crédito - FINANÇAS;SECRETARIA MUNICIPAL DE FINANÇAS;06;6271.58;11215.28
02;1321010140;2022;190;Operações de Crédito Internas;5;PREFEITURA MUNICIPAL DE UBERLÂNDIA;Rem de Dep Banc - Operação de Crédito - FINANÇAS;SECRETARIA MUNICIPAL DE FINANÇAS;06;5134.51;8322.75
02;1321010140;2022;190;Operações de Crédito Internas;6;PREFEITURA MUNICIPAL DE UBERLÂNDIA;Rem de Dep Banc - Operação de Crédito - FINANÇAS;SECRETARIA MUNICIPAL DE FINANÇAS;06;26122.64;6062.83
02;1321010140;2022;190;Operações de Crédito Internas;7;PREFEITURA MUNICIPAL DE UBERLÂNDIA;Rem de Dep Banc - Operação de Crédito - FINANÇAS;SECRETARIA MUNICIPAL DE FINANÇAS;06;57857.62;4478.97
02;1321010140;2022;190;Operações de Crédito Internas;8;PREFEITURA MUNICIPAL DE UBERLÂNDIA;Rem de Dep Banc - Operação de Crédito - FINANÇAS;SECRETARIA MUNICIPAL DE FINANÇAS;06;65593.99;2650.92
02;1321010140;2022;190;Operações de Crédito Internas;9;PREFEITURA MUNICIPAL DE UBERLÂNDIA;Rem de Dep Banc - Operação de Crédito - FINANÇAS;SECRETARIA MUNICIPAL DE FINANÇAS;06;60311.10;1875.69
02;1321010140;2022;190;Operações de Crédito Internas;10;PREFEITURA MUNICIPAL DE UBERLÂNDIA;Rem de Dep Banc - Operação de Crédito - FINANÇAS;SECRETARIA MUNICIPAL DE FINANÇAS;06;57434.40;6245.79
02;1321010140;2022;190;Operações de Crédito Internas;11;PREFEITURA MUNICIPAL DE UBERLÂNDIA;Rem de Dep Banc - Operação de Crédito - FINANÇAS;SECRETARIA MUNICIPAL DE FINANÇAS;06;45681.01;11898.10
02;1321010140;2022;190;Operações de Crédito Internas;12;PREFEITURA MUNICIPAL DE UBERLÂNDIA;Rem de Dep Banc - Operação de Crédito - FINANÇAS;SECRETARIA MUNICIPAL DE FINANÇAS;06;43953.87;10889.69
02;1321010141;2022;170;Outros Recursos Não Vinculados;1;PREFEITURA MUNICIPAL DE UBERLÂNDIA;Remuneração de Depósito Bancários - Fundo Idoso;SECRETARIA MUNICIPAL DE DESENVOLVIMENTO SOCIAL E T;10;9986.88;221.75
02;1321010141;2022;170;Outros Recursos Não Vinculados;2;PREFEITURA MUNICIPAL DE UBERLÂNDIA;Remuneração de Depósito Bancários - Fundo Idoso;SECRETARIA MUNICIPAL DE DESENVOLVIMENTO SOCIAL E T;10;10673.60;174.24
02;1321010141;2022;170;Outros Recursos Não Vinculados;3;PREFEITURA MUNICIPAL DE UBERLÂNDIA;Remuneração de Depósito Bancários - Fundo Idoso;SECRETARIA MUNICIPAL DE DESENVOLVIMENTO SOCIAL E T;10;13709.14;262.33
02;1321010141;2022;170;Outros Recursos Não Vinculados;4;PREFEITURA MUNICIPAL DE UBERLÂNDIA;Remuneração de Depósito Bancários - Fundo Idoso;SECRETARIA MUNICIPAL DE DESENVOLVIMENTO SOCIAL E T;10;13133.12;351.73
02;1321010141;2022;170;Outros Recursos Não Vinculados;5;PREFEITURA MUNICIPAL DE UBERLÂNDIA;Remuneração de Depósito Bancários - Fundo Idoso;SECRETARIA MUNICIPAL DE DESENVOLVIMENTO SOCIAL E T;10;17337.53;535.36
02;1321010141;2022;170;Outros Recursos Não Vinculados;6;PREFEITURA MUNICIPAL DE UBERLÂNDIA;Remuneração de Depósito Bancários - Fundo Idoso;SECRETARIA MUNICIPAL DE DESENVOLVIMENTO SOCIAL E T;10;17341.98;681.94
02;1321010141;2022;170;Outros Recursos Não Vinculados;7;PREFEITURA MUNICIPAL DE UBERLÂNDIA;Remuneração de Depósito Bancários - Fundo Idoso;SECRETARIA MUNICIPAL DE DESENVOLVIMENTO SOCIAL E T;10;19898.45;145.17
02;1321010141;2022;170;Outros Recursos Não Vinculados;8;PREFEITURA MUNICIPAL DE UBERLÂNDIA;Remuneração de Depósito Bancários - Fundo Idoso;SECRETARIA MUNICIPAL DE DESENVOLVIMENTO SOCIAL E T;10;28091.43;129.36
02;1321010141;2022;170;Outros Recursos Não Vinculados;9;PREFEITURA MUNICIPAL DE UBERLÂNDIA;Remuneração de Depósito Bancários - Fundo Idoso;SECRETARIA MUNICIPAL DE DESENVOLVIMENTO SOCIAL E T;10;27383.68;98.64
02;1321010141;2022;170;Outros Recursos Não Vinculados;10;PREFEITURA MUNICIPAL DE UBERLÂNDIA;Remuneração de Depósito Bancários - Fundo Idoso;SECRETARIA MUNICIPAL DE DESENVOLVIMENTO SOCIAL E T;10;26787.10;135.16
02;1321010141;2022;170;Outros Recursos Não Vinculados;11;PREFEITURA MUNICIPAL DE UBERLÂNDIA;Remuneração de Depósito Bancários - Fundo Idoso;SECRETARIA MUNICIPAL DE DESENVOLVIMENTO SOCIAL E T;10;27264.76;136.67
02;1321010141;2022;170;Outros Recursos Não Vinculados;12;PREFEITURA MUNICIPAL DE UBERLÂNDIA;Remuneração de Depósito Bancários - Fundo Idoso;SECRETARIA MUNICIPAL DE DESENVOLVIMENTO SOCIAL E T;10;31329.28;127.65
02;1321010142;2022;192;Alienação de Bens;1;PREFEITURA MUNICIPAL DE UBERLÂNDIA;Rem de Dep Banc - Alienação - Finanças;SECRETARIA MUNICIPAL DE FINANÇAS;06;68522.86;14088.47
02;1321010142;2022;192;Alienação de Bens;2;PREFEITURA MUNICIPAL DE UBERLÂNDIA;Rem de Dep Banc - Alienação - Finanças;SECRETARIA MUNICIPAL DE FINANÇAS;06;73821.39;12528.00
02;1321010142;2022;192;Alienação de Bens;3;PREFEITURA MUNICIPAL DE UBERLÂNDIA;Rem de Dep Banc - Alienação - Finanças;SECRETARIA MUNICIPAL DE FINANÇAS;06;93309.83;18558.98
02;1321010142;2022;192;Alienação de Bens;4;PREFEITURA MUNICIPAL DE UBERLÂNDIA;Rem de Dep Banc - Alienação - Finanças;SECRETARIA MUNICIPAL DE FINANÇAS;06;86320.09;19914.58
02;1321010142;2022;192;Alienação de Bens;5;PREFEITURA MUNICIPAL DE UBERLÂNDIA;Rem de Dep Banc - Alienação - Finanças;SECRETARIA MUNICIPAL DE FINANÇAS;06;109293.43;25839.22
02;1321010142;2022;192;Alienação de Bens;6;PREFEITURA MUNICIPAL DE UBERLÂNDIA;Rem de Dep Banc - Alienação - Finanças;SECRETARIA MUNICIPAL DE FINANÇAS;06;109564.62;32565.27
02;1321010142;2022;192;Alienação de Bens;7;PREFEITURA MUNICIPAL DE UBERLÂNDIA;Rem de Dep Banc - Alienação - Finanças;SECRETARIA MUNICIPAL DE FINANÇAS;06;114719.67;10049.17
02;1321010142;2022;192;Alienação de Bens;8;PREFEITURA MUNICIPAL DE UBERLÂNDIA;Rem de Dep Banc - Alienação - Finanças;SECRETARIA MUNICIPAL DE FINANÇAS;06;130276.49;13514.09
02;1321010142;2022;192;Alienação de Bens;9;PREFEITURA MUNICIPAL DE UBERLÂNDIA;Rem de Dep Banc - Alienação - Finanças;SECRETARIA MUNICIPAL DE FINANÇAS;06;120954.27;12848.70
02;1321010142;2022;192;Alienação de Bens;10;PREFEITURA MUNICIPAL DE UBERLÂNDIA;Rem de Dep Banc - Alienação - Finanças;SECRETARIA MUNICIPAL DE FINANÇAS;06;116240.51;13084.61
02;1321010142;2022;192;Alienação de Bens;11;PREFEITURA MUNICIPAL DE UBERLÂNDIA;Rem de Dep Banc - Alienação - Finanças;SECRETARIA MUNICIPAL DE FINANÇAS;06;115803.24;12590.69
02;1321010142;2022;192;Alienação de Bens;12;PREFEITURA MUNICIPAL DE UBERLÂNDIA;Rem de Dep Banc - Alienação - Finanças;SECRETARIA MUNICIPAL DE FINANÇAS;06;117751.14;14418.22
02;1321010143;2022;170;Outros Recursos Não Vinculados;1;PREFEITURA MUNICIPAL DE UBERLÂNDIA;Rem Depos Banc - MPT Educação;SECRETARIA MUNICIPAL DE EDUCAÇÃO;07;475.10;10428.57
02;1321010143;2022;170;Outros Recursos Não Vinculados;2;PREFEITURA MUNICIPAL DE UBERLÂNDIA;Rem Depos Banc - MPT Educação;SECRETARIA MUNICIPAL DE EDUCAÇÃO;07;509.34;8779.00
02;1321010143;2022;170;Outros Recursos Não Vinculados;3;PREFEITURA MUNICIPAL DE UBERLÂNDIA;Rem Depos Banc - MPT Educação;SECRETARIA MUNICIPAL DE EDUCAÇÃO;07;637.72;9651.71
02;1321010143;2022;170;Outros Recursos Não Vinculados;4;PREFEITURA MUNICIPAL DE UBERLÂNDIA;Rem Depos Banc - MPT Educação;SECRETARIA MUNICIPAL DE EDUCAÇÃO;07;539.69;10112.13
02;1321010143;2022;170;Outros Recursos Não Vinculados;5;PREFEITURA MUNICIPAL DE UBERLÂNDIA;Rem Depos Banc - MPT Educação;SECRETARIA MUNICIPAL DE EDUCAÇÃO;07;692.45;12299.56
02;1321010143;2022;170;Outros Recursos Não Vinculados;6;PREFEITURA MUNICIPAL DE UBERLÂNDIA;Rem Depos Banc - MPT Educação;SECRETARIA MUNICIPAL DE EDUCAÇÃO;07;690.84;12592.14
02;1321010143;2022;170;Outros Recursos Não Vinculados;7;PREFEITURA MUNICIPAL DE UBERLÂNDIA;Rem Depos Banc - MPT Educação;SECRETARIA MUNICIPAL DE EDUCAÇÃO;07;714.91;7975.35
02;1321010143;2022;170;Outros Recursos Não Vinculados;8;PREFEITURA MUNICIPAL DE UBERLÂNDIA;Rem Depos Banc - MPT Educação;SECRETARIA MUNICIPAL DE EDUCAÇÃO;07;821.99;5636.41
02;1321010143;2022;170;Outros Recursos Não Vinculados;9;PREFEITURA MUNICIPAL DE UBERLÂNDIA;Rem Depos Banc - MPT Educação;SECRETARIA MUNICIPAL DE EDUCAÇÃO;07;763.59;5132.87
02;1321010143;2022;170;Outros Recursos Não Vinculados;10;PREFEITURA MUNICIPAL DE UBERLÂNDIA;Rem Depos Banc - MPT Educação;SECRETARIA MUNICIPAL DE EDUCAÇÃO;07;733.96;7486.89
02;1321010143;2022;170;Outros Recursos Não Vinculados;11;PREFEITURA MUNICIPAL DE UBERLÂNDIA;Rem Depos Banc - MPT Educação;SECRETARIA MUNICIPAL DE EDUCAÇÃO;07;741.29;5177.24
02;1321010143;2022;170;Outros Recursos Não Vinculados;12;PREFEITURA MUNICIPAL DE UBERLÂNDIA;Rem Depos Banc - MPT Educação;SECRETARIA MUNICIPAL DE EDUCAÇÃO;07;821.80;4728.13
02;1321010144;2022;170;Outros Recursos Não Vinculados;1;PREFEITURA MUNICIPAL DE UBERLÂNDIA;Rem Depos Banc - Fundo Urbanismo;SECRETARIA MUNICIPAL DE PLANEJAMENTO URBANO;34;4293.86;16754.71
02;1321010144;2022;170;Outros Recursos Não Vinculados;2;PREFEITURA MUNICIPAL DE UBERLÂNDIA;Rem Depos Banc - Fundo Urbanismo;SECRETARIA MUNICIPAL DE PLANEJAMENTO URBANO;34;4903.32;8717.02
02;1321010144;2022;170;Outros Recursos Não Vinculados;3;PREFEITURA MUNICIPAL DE UBERLÂNDIA;Rem Depos Banc - Fundo Urbanismo;SECRETARIA MUNICIPAL DE PLANEJAMENTO URBANO;34;6677.31;8964.57
02;1321010144;2022;170;Outros Recursos Não Vinculados;4;PREFEITURA MUNICIPAL DE UBERLÂNDIA;Rem Depos Banc - Fundo Urbanismo;SECRETARIA MUNICIPAL DE PLANEJAMENTO URBANO;34;6409.62;10615.59
02;1321010144;2022;170;Outros Recursos Não Vinculados;5;PREFEITURA MUNICIPAL DE UBERLÂNDIA;Rem Depos Banc - Fundo Urbanismo;SECRETARIA MUNICIPAL DE PLANEJAMENTO URBANO;34;8462.46;13574.50
02;1321010144;2022;170;Outros Recursos Não Vinculados;6;PREFEITURA MUNICIPAL DE UBERLÂNDIA;Rem Depos Banc - Fundo Urbanismo;SECRETARIA MUNICIPAL DE PLANEJAMENTO URBANO;34;9355.81;14740.62
02;1321010144;2022;170;Outros Recursos Não Vinculados;7;PREFEITURA MUNICIPAL DE UBERLÂNDIA;Rem Depos Banc - Fundo Urbanismo;SECRETARIA MUNICIPAL DE PLANEJAMENTO URBANO;34;10365.46;9918.24
02;1321010144;2022;170;Outros Recursos Não Vinculados;8;PREFEITURA MUNICIPAL DE UBERLÂNDIA;Rem Depos Banc - Fundo Urbanismo;SECRETARIA MUNICIPAL DE PLANEJAMENTO URBANO;34;12438.36;5991.19
02;1321010144;2022;170;Outros Recursos Não Vinculados;9;PREFEITURA MUNICIPAL DE UBERLÂNDIA;Rem Depos Banc - Fundo Urbanismo;SECRETARIA MUNICIPAL DE PLANEJAMENTO URBANO;34;12194.96;4324.12
02;1321010144;2022;170;Outros Recursos Não Vinculados;10;PREFEITURA MUNICIPAL DE UBERLÂNDIA;Rem Depos Banc - Fundo Urbanismo;SECRETARIA MUNICIPAL DE PLANEJAMENTO URBANO;34;12683.38;6088.36
02;1321010144;2022;170;Outros Recursos Não Vinculados;11;PREFEITURA MUNICIPAL DE UBERLÂNDIA;Rem Depos Banc - Fundo Urbanismo;SECRETARIA MUNICIPAL DE PLANEJAMENTO URBANO;34;13985.57;4766.56
02;1321010144;2022;170;Outros Recursos Não Vinculados;12;PREFEITURA MUNICIPAL DE UBERLÂNDIA;Rem Depos Banc - Fundo Urbanismo;SECRETARIA MUNICIPAL DE PLANEJAMENTO URBANO;34;16222.36;544.52
02;1321010145;2022;170;Outros Recursos Não Vinculados;1;PREFEITURA MUNICIPAL DE UBERLÂNDIA;Rem Depos Banc - Desenv. Social;SECRETARIA MUNICIPAL DE DESENVOLVIMENTO SOCIAL E T;10;52.40;596.86
02;1321010145;2022;170;Outros Recursos Não Vinculados;2;PREFEITURA MUNICIPAL DE UBERLÂNDIA;Rem Depos Banc - Desenv. Social;SECRETARIA MUNICIPAL DE DESENVOLVIMENTO SOCIAL E T;10;56.02;474.76
02;1321010145;2022;170;Outros Recursos Não Vinculados;3;PREFEITURA MUNICIPAL DE UBERLÂNDIA;Rem Depos Banc - Desenv. Social;SECRETARIA MUNICIPAL DE DESENVOLVIMENTO SOCIAL E T;10;70.43;475.08
02;1321010145;2022;170;Outros Recursos Não Vinculados;4;PREFEITURA MUNICIPAL DE UBERLÂNDIA;Rem Depos Banc - Desenv. Social;SECRETARIA MUNICIPAL DE DESENVOLVIMENTO SOCIAL E T;10;64.64;510.49
02;1321010145;2022;170;Outros Recursos Não Vinculados;5;PREFEITURA MUNICIPAL DE UBERLÂNDIA;Rem Depos Banc - Desenv. Social;SECRETARIA MUNICIPAL DE DESENVOLVIMENTO SOCIAL E T;10;81.38;571.92
02;1321010145;2022;170;Outros Recursos Não Vinculados;6;PREFEITURA MUNICIPAL DE UBERLÂNDIA;Rem Depos Banc - Desenv. Social;SECRETARIA MUNICIPAL DE DESENVOLVIMENTO SOCIAL E T;10;81.13;557.68
02;1321010145;2022;170;Outros Recursos Não Vinculados;7;PREFEITURA MUNICIPAL DE UBERLÂNDIA;Rem Depos Banc - Desenv. Social;SECRETARIA MUNICIPAL DE DESENVOLVIMENTO SOCIAL E T;10;84.54;490.24
02;1321010145;2022;170;Outros Recursos Não Vinculados;8;PREFEITURA MUNICIPAL DE UBERLÂNDIA;Rem Depos Banc - Desenv. Social;SECRETARIA MUNICIPAL DE DESENVOLVIMENTO SOCIAL E T;10;96.44;294.60
02;1321010145;2022;170;Outros Recursos Não Vinculados;9;PREFEITURA MUNICIPAL DE UBERLÂNDIA;Rem Depos Banc - Desenv. Social;SECRETARIA MUNICIPAL DE DESENVOLVIMENTO SOCIAL E T;10;89.30;207.78
02;1321010145;2022;170;Outros Recursos Não Vinculados;10;PREFEITURA MUNICIPAL DE UBERLÂNDIA;Rem Depos Banc - Desenv. Social;SECRETARIA MUNICIPAL DE DESENVOLVIMENTO SOCIAL E T;10;85.47;282.67
02;1321010145;2022;170;Outros Recursos Não Vinculados;11;PREFEITURA MUNICIPAL DE UBERLÂNDIA;Rem Depos Banc - Desenv. Social;SECRETARIA MUNICIPAL DE DESENVOLVIMENTO SOCIAL E T;10;85.84;308.06
02;1321010145;2022;170;Outros Recursos Não Vinculados;12;PREFEITURA MUNICIPAL DE UBERLÂNDIA;Rem Depos Banc - Desenv. Social;SECRETARIA MUNICIPAL DE DESENVOLVIMENTO SOCIAL E T;10;94.28;229.86
02;1321010146;2022;100;Recursos Não Vinculados de Impostos/ Recursos Ordinários;1;PREFEITURA MUNICIPAL DE UBERLÂNDIA;Remuneração de Depósitos Bancários - Não Vinculado;SECRETARIA MUNICIPAL DE FINANÇAS;06;1826869.95;200688.63
02;1321010146;2022;100;Recursos Não Vinculados de Impostos/ Recursos Ordinários;2;PREFEITURA MUNICIPAL DE UBERLÂNDIA;Remuneração de Depósitos Bancários - Não Vinculado;SECRETARIA MUNICIPAL DE FINANÇAS;06;2126657.20;184873.87
02;1321010146;2022;100;Recursos Não Vinculados de Impostos/ Recursos Ordinários;3;PREFEITURA MUNICIPAL DE UBERLÂNDIA;Remuneração de Depósitos Bancários - Não Vinculado;SECRETARIA MUNICIPAL DE FINANÇAS;06;2829402.77;449588.31
02;1321010146;2022;100;Recursos Não Vinculados de Impostos/ Recursos Ordinários;4;PREFEITURA MUNICIPAL DE UBERLÂNDIA;Remuneração de Depósitos Bancários - Não Vinculado;SECRETARIA MUNICIPAL DE FINANÇAS;06;2779118.25;606585.88
02;1321010146;2022;100;Recursos Não Vinculados de Impostos/ Recursos Ordinários;5;PREFEITURA MUNICIPAL DE UBERLÂNDIA;Remuneração de Depósitos Bancários - Não Vinculado;SECRETARIA MUNICIPAL DE FINANÇAS;06;3224680.54;924199.83
02;1321010146;2022;100;Recursos Não Vinculados de Impostos/ Recursos Ordinários;6;PREFEITURA MUNICIPAL DE UBERLÂNDIA;Remuneração de Depósitos Bancários - Não Vinculado;SECRETARIA MUNICIPAL DE FINANÇAS;06;3181065.65;1080376.37
02;1321010146;2022;100;Recursos Não Vinculados de Impostos/ Recursos Ordinários;7;PREFEITURA MUNICIPAL DE UBERLÂNDIA;Remuneração de Depósitos Bancários - Não Vinculado;SECRETARIA MUNICIPAL DE FINANÇAS;06;3392283.38;287138.63
02;1321010146;2022;100;Recursos Não Vinculados de Impostos/ Recursos Ordinários;8;PREFEITURA MUNICIPAL DE UBERLÂNDIA;Remuneração de Depósitos Bancários - Não Vinculado;SECRETARIA MUNICIPAL DE FINANÇAS;06;3866150.67;227052.69
02;1321010146;2022;100;Recursos Não Vinculados de Impostos/ Recursos Ordinários;9;PREFEITURA MUNICIPAL DE UBERLÂNDIA;Remuneração de Depósitos Bancários - Não Vinculado;SECRETARIA MUNICIPAL DE FINANÇAS;06;3598607.10;133968.76
02;1321010146;2022;100;Recursos Não Vinculados de Impostos/ Recursos Ordinários;10;PREFEITURA MUNICIPAL DE UBERLÂNDIA;Remuneração de Depósitos Bancários - Não Vinculado;SECRETARIA MUNICIPAL DE FINANÇAS;06;3192558.39;242092.26
02;1321010146;2022;100;Recursos Não Vinculados de Impostos/ Recursos Ordinários;11;PREFEITURA MUNICIPAL DE UBERLÂNDIA;Remuneração de Depósitos Bancários - Não Vinculado;SECRETARIA MUNICIPAL DE FINANÇAS;06;3239820.02;192515.72
02;1321010146;2022;100;Recursos Não Vinculados de Impostos/ Recursos Ordinários;12;PREFEITURA MUNICIPAL DE UBERLÂNDIA;Remuneração de Depósitos Bancários - Não Vinculado;SECRETARIA MUNICIPAL DE FINANÇAS;06;4034288.79;152077.05
04;1321010147;2022;181;Outras Transferências de Convênios ou Contratos de Repasse dos Estados;1;Fundação Uberlandense Turismo Esporte Lazer;Rem Depos Banc - Convênio - FUTEL;FUNDAÇÃO UBERLANDENSE DE TURISMO, ESPORTE E LAZER-;19;1041.08;166.67
04;1321010147;2022;181;Outras Transferências de Convênios ou Contratos de Repasse dos Estados;2;Fundação Uberlandense Turismo Esporte Lazer;Rem Depos Banc - Convênio - FUTEL;FUNDAÇÃO UBERLANDENSE DE TURISMO, ESPORTE E LAZER-;19;1221.30;166.67
04;1321010147;2022;181;Outras Transferências de Convênios ou Contratos de Repasse dos Estados;3;Fundação Uberlandense Turismo Esporte Lazer;Rem Depos Banc - Convênio - FUTEL;FUNDAÇÃO UBERLANDENSE DE TURISMO, ESPORTE E LAZER-;19;1535.87;166.67
04;1321010147;2022;181;Outras Transferências de Convênios ou Contratos de Repasse dos Estados;4;Fundação Uberlandense Turismo Esporte Lazer;Rem Depos Banc - Convênio - FUTEL;FUNDAÇÃO UBERLANDENSE DE TURISMO, ESPORTE E LAZER-;19;1413.43;166.67
04;1321010147;2022;181;Outras Transferências de Convênios ou Contratos de Repasse dos Estados;5;Fundação Uberlandense Turismo Esporte Lazer;Rem Depos Banc - Convênio - FUTEL;FUNDAÇÃO UBERLANDENSE DE TURISMO, ESPORTE E LAZER-;19;1778.20;166.67
04;1321010147;2022;181;Outras Transferências de Convênios ou Contratos de Repasse dos Estados;6;Fundação Uberlandense Turismo Esporte Lazer;Rem Depos Banc - Convênio - FUTEL;FUNDAÇÃO UBERLANDENSE DE TURISMO, ESPORTE E LAZER-;19;1773.16;166.67
04;1321010147;2022;181;Outras Transferências de Convênios ou Contratos de Repasse dos Estados;7;Fundação Uberlandense Turismo Esporte Lazer;Rem Depos Banc - Convênio - FUTEL;FUNDAÇÃO UBERLANDENSE DE TURISMO, ESPORTE E LAZER-;19;1826.72;166.67
04;1321010147;2022;181;Outras Transferências de Convênios ou Contratos de Repasse dos Estados;8;Fundação Uberlandense Turismo Esporte Lazer;Rem Depos Banc - Convênio - FUTEL;FUNDAÇÃO UBERLANDENSE DE TURISMO, ESPORTE E LAZER-;19;2083.36;166.67
04;1321010147;2022;181;Outras Transferências de Convênios ou Contratos de Repasse dos Estados;9;Fundação Uberlandense Turismo Esporte Lazer;Rem Depos Banc - Convênio - FUTEL;FUNDAÇÃO UBERLANDENSE DE TURISMO, ESPORTE E LAZER-;19;1915.21;166.67
04;1321010147;2022;181;Outras Transferências de Convênios ou Contratos de Repasse dos Estados;10;Fundação Uberlandense Turismo Esporte Lazer;Rem Depos Banc - Convênio - FUTEL;FUNDAÇÃO UBERLANDENSE DE TURISMO, ESPORTE E LAZER-;19;1806.61;166.67
04;1321010147;2022;181;Outras Transferências de Convênios ou Contratos de Repasse dos Estados;11;Fundação Uberlandense Turismo Esporte Lazer;Rem Depos Banc - Convênio - FUTEL;FUNDAÇÃO UBERLANDENSE DE TURISMO, ESPORTE E LAZER-;19;1796.92;166.67
04;1321010147;2022;181;Outras Transferências de Convênios ou Contratos de Repasse dos Estados;12;Fundação Uberlandense Turismo Esporte Lazer;Rem Depos Banc - Convênio - FUTEL;FUNDAÇÃO UBERLANDENSE DE TURISMO, ESPORTE E LAZER-;19;1850.47;166.63
02;1321010148;2022;106;Transferências de Recursos para o Programa Estadual de Transporte Escolar (PTE);1;PREFEITURA MUNICIPAL DE UBERLÂNDIA;Rem Depos Banc PTE Educação;SECRETARIA MUNICIPAL DE EDUCAÇÃO;07;2247.32;2721.00
02;1321010148;2022;106;Transferências de Recursos para o Programa Estadual de Transporte Escolar (PTE);2;PREFEITURA MUNICIPAL DE UBERLÂNDIA;Rem Depos Banc PTE Educação;SECRETARIA MUNICIPAL DE EDUCAÇÃO;07;2408.25;2354.41
02;1321010148;2022;106;Transferências de Recursos para o Programa Estadual de Transporte Escolar (PTE);3;PREFEITURA MUNICIPAL DE UBERLÂNDIA;Rem Depos Banc PTE Educação;SECRETARIA MUNICIPAL DE EDUCAÇÃO;07;3325.46;4537.18
02;1321010148;2022;106;Transferências de Recursos para o Programa Estadual de Transporte Escolar (PTE);4;PREFEITURA MUNICIPAL DE UBERLÂNDIA;Rem Depos Banc PTE Educação;SECRETARIA MUNICIPAL DE EDUCAÇÃO;07;2470.93;6084.38
02;1321010148;2022;106;Transferências de Recursos para o Programa Estadual de Transporte Escolar (PTE);5;PREFEITURA MUNICIPAL DE UBERLÂNDIA;Rem Depos Banc PTE Educação;SECRETARIA MUNICIPAL DE EDUCAÇÃO;07;2768.06;6754.19
02;1321010148;2022;106;Transferências de Recursos para o Programa Estadual de Transporte Escolar (PTE);6;PREFEITURA MUNICIPAL DE UBERLÂNDIA;Rem Depos Banc PTE Educação;SECRETARIA MUNICIPAL DE EDUCAÇÃO;07;2499.97;9589.29
02;1321010148;2022;106;Transferências de Recursos para o Programa Estadual de Transporte Escolar (PTE);7;PREFEITURA MUNICIPAL DE UBERLÂNDIA;Rem Depos Banc PTE Educação;SECRETARIA MUNICIPAL DE EDUCAÇÃO;07;2034.57;2797.72
02;1321010148;2022;106;Transferências de Recursos para o Programa Estadual de Transporte Escolar (PTE);8;PREFEITURA MUNICIPAL DE UBERLÂNDIA;Rem Depos Banc PTE Educação;SECRETARIA MUNICIPAL DE EDUCAÇÃO;07;1699.80;1249.55
02;1321010148;2022;106;Transferências de Recursos para o Programa Estadual de Transporte Escolar (PTE);9;PREFEITURA MUNICIPAL DE UBERLÂNDIA;Rem Depos Banc PTE Educação;SECRETARIA MUNICIPAL DE EDUCAÇÃO;07;1015.12;834.90
02;1321010148;2022;106;Transferências de Recursos para o Programa Estadual de Transporte Escolar (PTE);10;PREFEITURA MUNICIPAL DE UBERLÂNDIA;Rem Depos Banc PTE Educação;SECRETARIA MUNICIPAL DE EDUCAÇÃO;07;363.42;1018.92
02;1321010148;2022;106;Transferências de Recursos para o Programa Estadual de Transporte Escolar (PTE);11;PREFEITURA MUNICIPAL DE UBERLÂNDIA;Rem Depos Banc PTE Educação;SECRETARIA MUNICIPAL DE EDUCAÇÃO;07;549.90;1009.45
02;1321010148;2022;106;Transferências de Recursos para o Programa Estadual de Transporte Escolar (PTE);12;PREFEITURA MUNICIPAL DE UBERLÂNDIA;Rem Depos Banc PTE Educação;SECRETARIA MUNICIPAL DE EDUCAÇÃO;07;705.92;1049.01
02;1321010149;2022;192;Alienação de Bens;1;PREFEITURA MUNICIPAL DE UBERLÂNDIA;Rem Depos Banc - Alienação de Bens - FMU;SECRETARIA MUNICIPAL DE PLANEJAMENTO URBANO;34;7436.86;2552.88
02;1321010149;2022;192;Alienação de Bens;2;PREFEITURA MUNICIPAL DE UBERLÂNDIA;Rem Depos Banc - Alienação de Bens - FMU;SECRETARIA MUNICIPAL DE PLANEJAMENTO URBANO;34;7948.01;4311.29
02;1321010149;2022;192;Alienação de Bens;3;PREFEITURA MUNICIPAL DE UBERLÂNDIA;Rem Depos Banc - Alienação de Bens - FMU;SECRETARIA MUNICIPAL DE PLANEJAMENTO URBANO;34;9995.12;10067.25
02;1321010149;2022;192;Alienação de Bens;4;PREFEITURA MUNICIPAL DE UBERLÂNDIA;Rem Depos Banc - Alienação de Bens - FMU;SECRETARIA MUNICIPAL DE PLANEJAMENTO URBANO;34;11209.00;14907.02
02;1321010149;2022;192;Alienação de Bens;5;PREFEITURA MUNICIPAL DE UBERLÂNDIA;Rem Depos Banc - Alienação de Bens - FMU;SECRETARIA MUNICIPAL DE PLANEJAMENTO URBANO;34;16848.33;26090.53
02;1321010149;2022;192;Alienação de Bens;6;PREFEITURA MUNICIPAL DE UBERLÂNDIA;Rem Depos Banc - Alienação de Bens - FMU;SECRETARIA MUNICIPAL DE PLANEJAMENTO URBANO;34;20235.01;35197.74
02;1321010149;2022;192;Alienação de Bens;7;PREFEITURA MUNICIPAL DE UBERLÂNDIA;Rem Depos Banc - Alienação de Bens - FMU;SECRETARIA MUNICIPAL DE PLANEJAMENTO URBANO;34;23235.41;1896.21
02;1321010149;2022;192;Alienação de Bens;8;PREFEITURA MUNICIPAL DE UBERLÂNDIA;Rem Depos Banc - Alienação de Bens - FMU;SECRETARIA MUNICIPAL DE PLANEJAMENTO URBANO;34;28859.90;1444.02
02;1321010149;2022;192;Alienação de Bens;9;PREFEITURA MUNICIPAL DE UBERLÂNDIA;Rem Depos Banc - Alienação de Bens - FMU;SECRETARIA MUNICIPAL DE PLANEJAMENTO URBANO;34;26710.98;877.65
02;1321010149;2022;192;Alienação de Bens;10;PREFEITURA MUNICIPAL DE UBERLÂNDIA;Rem Depos Banc - Alienação de Bens - FMU;SECRETARIA MUNICIPAL DE PLANEJAMENTO URBANO;34;26050.86;2338.53
02;1321010149;2022;192;Alienação de Bens;11;PREFEITURA MUNICIPAL DE UBERLÂNDIA;Rem Depos Banc - Alienação de Bens - FMU;SECRETARIA MUNICIPAL DE PLANEJAMENTO URBANO;34;27627.59;2549.51
02;1321010149;2022;192;Alienação de Bens;12;PREFEITURA MUNICIPAL DE UBERLÂNDIA;Rem Depos Banc - Alienação de Bens - FMU;SECRETARIA MUNICIPAL DE PLANEJAMENTO URBANO;34;30462.12;2767.37
02;1321010150;2022;181;Outras Transferências de Convênios ou Contratos de Repasse dos Estados;1;PREFEITURA MUNICIPAL DE UBERLÂNDIA;Rem Depos Banc - Convênio - Meio Ambiente;SECRETARIA MUNICIPAL DE MEIO AMBIENTE;03;4.99;23.62
02;1321010150;2022;181;Outras Transferências de Convênios ou Contratos de Repasse dos Estados;2;PREFEITURA MUNICIPAL DE UBERLÂNDIA;Rem Depos Banc - Convênio - Meio Ambiente;SECRETARIA MUNICIPAL DE MEIO AMBIENTE;03;5.33;90.65
02;1321010150;2022;181;Outras Transferências de Convênios ou Contratos de Repasse dos Estados;3;PREFEITURA MUNICIPAL DE UBERLÂNDIA;Rem Depos Banc - Convênio - Meio Ambiente;SECRETARIA MUNICIPAL DE MEIO AMBIENTE;03;6.71;94.05
02;1321010150;2022;181;Outras Transferências de Convênios ou Contratos de Repasse dos Estados;4;PREFEITURA MUNICIPAL DE UBERLÂNDIA;Rem Depos Banc - Convênio - Meio Ambiente;SECRETARIA MUNICIPAL DE MEIO AMBIENTE;03;47.21;138.35
02;1321010150;2022;181;Outras Transferências de Convênios ou Contratos de Repasse dos Estados;5;PREFEITURA MUNICIPAL DE UBERLÂNDIA;Rem Depos Banc - Convênio - Meio Ambiente;SECRETARIA MUNICIPAL DE MEIO AMBIENTE;03;494.65;242.15
02;1321010150;2022;181;Outras Transferências de Convênios ou Contratos de Repasse dos Estados;6;PREFEITURA MUNICIPAL DE UBERLÂNDIA;Rem Depos Banc - Convênio - Meio Ambiente;SECRETARIA MUNICIPAL DE MEIO AMBIENTE;03;501.70;320.26
02;1321010150;2022;181;Outras Transferências de Convênios ou Contratos de Repasse dos Estados;7;PREFEITURA MUNICIPAL DE UBERLÂNDIA;Rem Depos Banc - Convênio - Meio Ambiente;SECRETARIA MUNICIPAL DE MEIO AMBIENTE;03;603.47;13.41
02;1321010150;2022;181;Outras Transferências de Convênios ou Contratos de Repasse dos Estados;8;PREFEITURA MUNICIPAL DE UBERLÂNDIA;Rem Depos Banc - Convênio - Meio Ambiente;SECRETARIA MUNICIPAL DE MEIO AMBIENTE;03;688.37;10.25
02;1321010150;2022;181;Outras Transferências de Convênios ou Contratos de Repasse dos Estados;9;PREFEITURA MUNICIPAL DE UBERLÂNDIA;Rem Depos Banc - Convênio - Meio Ambiente;SECRETARIA MUNICIPAL DE MEIO AMBIENTE;03;637.29;6.21
02;1321010150;2022;181;Outras Transferências de Convênios ou Contratos de Repasse dos Estados;10;PREFEITURA MUNICIPAL DE UBERLÂNDIA;Rem Depos Banc - Convênio - Meio Ambiente;SECRETARIA MUNICIPAL DE MEIO AMBIENTE;03;609.92;16.53
02;1321010150;2022;181;Outras Transferências de Convênios ou Contratos de Repasse dos Estados;11;PREFEITURA MUNICIPAL DE UBERLÂNDIA;Rem Depos Banc - Convênio - Meio Ambiente;SECRETARIA MUNICIPAL DE MEIO AMBIENTE;03;612.46;18.89
02;1321010150;2022;181;Outras Transferências de Convênios ou Contratos de Repasse dos Estados;12;PREFEITURA MUNICIPAL DE UBERLÂNDIA;Rem Depos Banc - Convênio - Meio Ambiente;SECRETARIA MUNICIPAL DE MEIO AMBIENTE;03;672.36;25.63
03;1321010151;2022;170;Outros Recursos Não Vinculados;1;Departamento Municipal de Agua e Esgoto;Rem Depos Banc -DMAE;DEPARTAMENTO MUNICIPAL DE AGUA E ESGOTO - DMAE;17;163971.40;365000.00
03;1321010151;2022;170;Outros Recursos Não Vinculados;2;Departamento Municipal de Agua e Esgoto;Rem Depos Banc -DMAE;DEPARTAMENTO MUNICIPAL DE AGUA E ESGOTO - DMAE;17;157256.37;278000.00
03;1321010151;2022;170;Outros Recursos Não Vinculados;3;Departamento Municipal de Agua e Esgoto;Rem Depos Banc -DMAE;DEPARTAMENTO MUNICIPAL DE AGUA E ESGOTO - DMAE;17;183485.63;113000.00
03;1321010151;2022;170;Outros Recursos Não Vinculados;4;Departamento Municipal de Agua e Esgoto;Rem Depos Banc -DMAE;DEPARTAMENTO MUNICIPAL DE AGUA E ESGOTO - DMAE;17;188726.07;3000.00
03;1321010151;2022;170;Outros Recursos Não Vinculados;5;Departamento Municipal de Agua e Esgoto;Rem Depos Banc -DMAE;DEPARTAMENTO MUNICIPAL DE AGUA E ESGOTO - DMAE;17;261094.17;170000.00
03;1321010151;2022;170;Outros Recursos Não Vinculados;6;Departamento Municipal de Agua e Esgoto;Rem Depos Banc -DMAE;DEPARTAMENTO MUNICIPAL DE AGUA E ESGOTO - DMAE;17;322382.49;160000.00
03;1321010151;2022;170;Outros Recursos Não Vinculados;7;Departamento Municipal de Agua e Esgoto;Rem Depos Banc -DMAE;DEPARTAMENTO MUNICIPAL DE AGUA E ESGOTO - DMAE;17;339116.98;146000.00
03;1321010151;2022;170;Outros Recursos Não Vinculados;8;Departamento Municipal de Agua e Esgoto;Rem Depos Banc -DMAE;DEPARTAMENTO MUNICIPAL DE AGUA E ESGOTO - DMAE;17;319752.64;110000.00
03;1321010151;2022;170;Outros Recursos Não Vinculados;9;Departamento Municipal de Agua e Esgoto;Rem Depos Banc -DMAE;DEPARTAMENTO MUNICIPAL DE AGUA E ESGOTO - DMAE;17;289830.18;114000.00
03;1321010151;2022;170;Outros Recursos Não Vinculados;10;Departamento Municipal de Agua e Esgoto;Rem Depos Banc -DMAE;DEPARTAMENTO MUNICIPAL DE AGUA E ESGOTO - DMAE;17;294060.79;127000.00
03;1321010151;2022;170;Outros Recursos Não Vinculados;11;Departamento Municipal de Agua e Esgoto;Rem Depos Banc -DMAE;DEPARTAMENTO MUNICIPAL DE AGUA E ESGOTO - DMAE;17;310240.59;119000.00
03;1321010151;2022;170;Outros Recursos Não Vinculados;12;Departamento Municipal de Agua e Esgoto;Rem Depos Banc -DMAE;DEPARTAMENTO MUNICIPAL DE AGUA E ESGOTO - DMAE;17;275150.86;143000.00
03;1321010152;2022;192;Alienação de Bens;1;Departamento Municipal de Agua e Esgoto;Rem Depos Banc - Alienação Bens - DMAE;DEPARTAMENTO MUNICIPAL DE AGUA E ESGOTO - DMAE;17;15.20;0.00
03;1321010152;2022;192;Alienação de Bens;2;Departamento Municipal de Agua e Esgoto;Rem Depos Banc - Alienação Bens - DMAE;DEPARTAMENTO MUNICIPAL DE AGUA E ESGOTO - DMAE;17;16.26;0.00
03;1321010152;2022;192;Alienação de Bens;3;Departamento Municipal de Agua e Esgoto;Rem Depos Banc - Alienação Bens - DMAE;DEPARTAMENTO MUNICIPAL DE AGUA E ESGOTO - DMAE;17;20.43;0.00
03;1321010152;2022;192;Alienação de Bens;4;Departamento Municipal de Agua e Esgoto;Rem Depos Banc - Alienação Bens - DMAE;DEPARTAMENTO MUNICIPAL DE AGUA E ESGOTO - DMAE;17;18.81;0.00
03;1321010152;2022;192;Alienação de Bens;5;Departamento Municipal de Agua e Esgoto;Rem Depos Banc - Alienação Bens - DMAE;DEPARTAMENTO MUNICIPAL DE AGUA E ESGOTO - DMAE;17;23.67;0.00
03;1321010152;2022;192;Alienação de Bens;6;Departamento Municipal de Agua e Esgoto;Rem Depos Banc - Alienação Bens - DMAE;DEPARTAMENTO MUNICIPAL DE AGUA E ESGOTO - DMAE;17;23.60;0.00
03;1321010152;2022;192;Alienação de Bens;7;Departamento Municipal de Agua e Esgoto;Rem Depos Banc - Alienação Bens - DMAE;DEPARTAMENTO MUNICIPAL DE AGUA E ESGOTO - DMAE;17;24.58;0.00
03;1321010152;2022;192;Alienação de Bens;8;Departamento Municipal de Agua e Esgoto;Rem Depos Banc - Alienação Bens - DMAE;DEPARTAMENTO MUNICIPAL DE AGUA E ESGOTO - DMAE;17;28.05;5000.00
03;1321010152;2022;192;Alienação de Bens;9;Departamento Municipal de Agua e Esgoto;Rem Depos Banc - Alienação Bens - DMAE;DEPARTAMENTO MUNICIPAL DE AGUA E ESGOTO - DMAE;17;25.96;5000.00
03;1321010152;2022;192;Alienação de Bens;10;Departamento Municipal de Agua e Esgoto;Rem Depos Banc - Alienação Bens - DMAE;DEPARTAMENTO MUNICIPAL DE AGUA E ESGOTO - DMAE;17;24.84;5000.00
03;1321010152;2022;192;Alienação de Bens;11;Departamento Municipal de Agua e Esgoto;Rem Depos Banc - Alienação Bens - DMAE;DEPARTAMENTO MUNICIPAL DE AGUA E ESGOTO - DMAE;17;24.97;3000.00
03;1321010152;2022;192;Alienação de Bens;12;Departamento Municipal de Agua e Esgoto;Rem Depos Banc - Alienação Bens - DMAE;DEPARTAMENTO MUNICIPAL DE AGUA E ESGOTO - DMAE;17;2854.36;2000.00
02;1321010153;2022;169;Transferência Especial dos Estados;1;PREFEITURA MUNICIPAL DE UBERLÂNDIA;Rem de dep Banc - Emenda Parlam. Estado - Educação;SECRETARIA MUNICIPAL DE EDUCAÇÃO;07;0.00;83.33
02;1321010153;2022;169;Transferência Especial dos Estados;2;PREFEITURA MUNICIPAL DE UBERLÂNDIA;Rem de dep Banc - Emenda Parlam. Estado - Educação;SECRETARIA MUNICIPAL DE EDUCAÇÃO;07;735.45;83.33
02;1321010153;2022;169;Transferência Especial dos Estados;3;PREFEITURA MUNICIPAL DE UBERLÂNDIA;Rem de dep Banc - Emenda Parlam. Estado - Educação;SECRETARIA MUNICIPAL DE EDUCAÇÃO;07;409.72;83.33
02;1321010153;2022;169;Transferência Especial dos Estados;4;PREFEITURA MUNICIPAL DE UBERLÂNDIA;Rem de dep Banc - Emenda Parlam. Estado - Educação;SECRETARIA MUNICIPAL DE EDUCAÇÃO;07;284.45;83.33
02;1321010153;2022;169;Transferência Especial dos Estados;5;PREFEITURA MUNICIPAL DE UBERLÂNDIA;Rem de dep Banc - Emenda Parlam. Estado - Educação;SECRETARIA MUNICIPAL DE EDUCAÇÃO;07;184.53;83.33
02;1321010153;2022;169;Transferência Especial dos Estados;6;PREFEITURA MUNICIPAL DE UBERLÂNDIA;Rem de dep Banc - Emenda Parlam. Estado - Educação;SECRETARIA MUNICIPAL DE EDUCAÇÃO;07;173.85;83.33
02;1321010153;2022;169;Transferência Especial dos Estados;7;PREFEITURA MUNICIPAL DE UBERLÂNDIA;Rem de dep Banc - Emenda Parlam. Estado - Educação;SECRETARIA MUNICIPAL DE EDUCAÇÃO;07;61.61;83.33
02;1321010153;2022;169;Transferência Especial dos Estados;8;PREFEITURA MUNICIPAL DE UBERLÂNDIA;Rem de dep Banc - Emenda Parlam. Estado - Educação;SECRETARIA MUNICIPAL DE EDUCAÇÃO;07;70.85;83.33
02;1321010153;2022;169;Transferência Especial dos Estados;9;PREFEITURA MUNICIPAL DE UBERLÂNDIA;Rem de dep Banc - Emenda Parlam. Estado - Educação;SECRETARIA MUNICIPAL DE EDUCAÇÃO;07;31.33;83.33
02;1321010153;2022;169;Transferência Especial dos Estados;10;PREFEITURA MUNICIPAL DE UBERLÂNDIA;Rem de dep Banc - Emenda Parlam. Estado - Educação;SECRETARIA MUNICIPAL DE EDUCAÇÃO;07;0.00;83.33
02;1321010153;2022;169;Transferência Especial dos Estados;11;PREFEITURA MUNICIPAL DE UBERLÂNDIA;Rem de dep Banc - Emenda Parlam. Estado - Educação;SECRETARIA MUNICIPAL DE EDUCAÇÃO;07;0.00;83.33
02;1321010153;2022;169;Transferência Especial dos Estados;12;PREFEITURA MUNICIPAL DE UBERLÂNDIA;Rem de dep Banc - Emenda Parlam. Estado - Educação;SECRETARIA MUNICIPAL DE EDUCAÇÃO;07;0.00;83.37
02;1321010154;2022;168;Transferência Especial do Estado - Acordo Judicial de Reparação dos Impactos Socioeconômicos e Ambientais do Rompimento de Barragem em Brumadinho;1;PREFEITURA MUNICIPAL DE UBERLÂNDIA;Rem Depos Bancário - Brumadinho;SECRETARIA MUNICIPAL DE FINANÇAS;06;68419.09;16666.67
02;1321010154;2022;168;Transferência Especial do Estado - Acordo Judicial de Reparação dos Impactos Socioeconômicos e Ambientais do Rompimento de Barragem em Brumadinho;2;PREFEITURA MUNICIPAL DE UBERLÂNDIA;Rem Depos Bancário - Brumadinho;SECRETARIA MUNICIPAL DE FINANÇAS;06;124724.82;16666.67
02;1321010154;2022;168;Transferência Especial do Estado - Acordo Judicial de Reparação dos Impactos Socioeconômicos e Ambientais do Rompimento de Barragem em Brumadinho;3;PREFEITURA MUNICIPAL DE UBERLÂNDIA;Rem Depos Bancário - Brumadinho;SECRETARIA MUNICIPAL DE FINANÇAS;06;159213.60;16666.67
02;1321010154;2022;168;Transferência Especial do Estado - Acordo Judicial de Reparação dos Impactos Socioeconômicos e Ambientais do Rompimento de Barragem em Brumadinho;4;PREFEITURA MUNICIPAL DE UBERLÂNDIA;Rem Depos Bancário - Brumadinho;SECRETARIA MUNICIPAL DE FINANÇAS;06;134735.35;16666.67
02;1321010154;2022;168;Transferência Especial do Estado - Acordo Judicial de Reparação dos Impactos Socioeconômicos e Ambientais do Rompimento de Barragem em Brumadinho;5;PREFEITURA MUNICIPAL DE UBERLÂNDIA;Rem Depos Bancário - Brumadinho;SECRETARIA MUNICIPAL DE FINANÇAS;06;172877.19;16666.67
02;1321010154;2022;168;Transferência Especial do Estado - Acordo Judicial de Reparação dos Impactos Socioeconômicos e Ambientais do Rompimento de Barragem em Brumadinho;6;PREFEITURA MUNICIPAL DE UBERLÂNDIA;Rem Depos Bancário - Brumadinho;SECRETARIA MUNICIPAL DE FINANÇAS;06;172471.20;16666.67
02;1321010154;2022;168;Transferência Especial do Estado - Acordo Judicial de Reparação dos Impactos Socioeconômicos e Ambientais do Rompimento de Barragem em Brumadinho;7;PREFEITURA MUNICIPAL DE UBERLÂNDIA;Rem Depos Bancário - Brumadinho;SECRETARIA MUNICIPAL DE FINANÇAS;06;248108.35;16666.67
02;1321010154;2022;168;Transferência Especial do Estado - Acordo Judicial de Reparação dos Impactos Socioeconômicos e Ambientais do Rompimento de Barragem em Brumadinho;8;PREFEITURA MUNICIPAL DE UBERLÂNDIA;Rem Depos Bancário - Brumadinho;SECRETARIA MUNICIPAL DE FINANÇAS;06;285855.29;16666.67
02;1321010154;2022;168;Transferência Especial do Estado - Acordo Judicial de Reparação dos Impactos Socioeconômicos e Ambientais do Rompimento de Barragem em Brumadinho;9;PREFEITURA MUNICIPAL DE UBERLÂNDIA;Rem Depos Bancário - Brumadinho;SECRETARIA MUNICIPAL DE FINANÇAS;06;264028.10;16666.67
02;1321010154;2022;168;Transferência Especial do Estado - Acordo Judicial de Reparação dos Impactos Socioeconômicos e Ambientais do Rompimento de Barragem em Brumadinho;10;PREFEITURA MUNICIPAL DE UBERLÂNDIA;Rem Depos Bancário - Brumadinho;SECRETARIA MUNICIPAL DE FINANÇAS;06;252826.82;16666.67
02;1321010154;2022;168;Transferência Especial do Estado - Acordo Judicial de Reparação dos Impactos Socioeconômicos e Ambientais do Rompimento de Barragem em Brumadinho;11;PREFEITURA MUNICIPAL DE UBERLÂNDIA;Rem Depos Bancário - Brumadinho;SECRETARIA MUNICIPAL DE FINANÇAS;06;254559.95;16666.67
02;1321010154;2022;168;Transferência Especial do Estado - Acordo Judicial de Reparação dos Impactos Socioeconômicos e Ambientais do Rompimento de Barragem em Brumadinho;12;PREFEITURA MUNICIPAL DE UBERLÂNDIA;Rem Depos Bancário - Brumadinho;SECRETARIA MUNICIPAL DE FINANÇAS;06;280949.72;16666.63
02;1321010155;2022;124;Outras Transferências de Convênios/ Outras Transferências de Convênios ou Repasses da União/ Transferências de Convênios Não Relacionados à Educação, à Saúde nem à Assistência Social;1;PREFEITURA MUNICIPAL DE UBERLÂNDIA;Rem Depos Bancário - Convenios União -Agro;SECRETARIA MUNICIPAL DE AGROPECUÁRIA E ABASTECIMEN;12;0.00;83.33
02;1321010155;2022;124;Outras Transferências de Convênios/ Outras Transferências de Convênios ou Repasses da União/ Transferências de Convênios Não Relacionados à Educação, à Saúde nem à Assistência Social;2;PREFEITURA MUNICIPAL DE UBERLÂNDIA;Rem Depos Bancário - Convenios União -Agro;SECRETARIA MUNICIPAL DE AGROPECUÁRIA E ABASTECIMEN;12;0.00;83.33
02;1321010155;2022;124;Outras Transferências de Convênios/ Outras Transferências de Convênios ou Repasses da União/ Transferências de Convênios Não Relacionados à Educação, à Saúde nem à Assistência Social;3;PREFEITURA MUNICIPAL DE UBERLÂNDIA;Rem Depos Bancário - Convenios União -Agro;SECRETARIA MUNICIPAL DE AGROPECUÁRIA E ABASTECIMEN;12;0.00;83.33
02;1321010155;2022;124;Outras Transferências de Convênios/ Outras Transferências de Convênios ou Repasses da União/ Transferências de Convênios Não Relacionados à Educação, à Saúde nem à Assistência Social;4;PREFEITURA MUNICIPAL DE UBERLÂNDIA;Rem Depos Bancário - Convenios União -Agro;SECRETARIA MUNICIPAL DE AGROPECUÁRIA E ABASTECIMEN;12;1475.31;83.33
02;1321010155;2022;124;Outras Transferências de Convênios/ Outras Transferências de Convênios ou Repasses da União/ Transferências de Convênios Não Relacionados à Educação, à Saúde nem à Assistência Social;5;PREFEITURA MUNICIPAL DE UBERLÂNDIA;Rem Depos Bancário - Convenios União -Agro;SECRETARIA MUNICIPAL DE AGROPECUÁRIA E ABASTECIMEN;12;1892.95;83.33
02;1321010155;2022;124;Outras Transferências de Convênios/ Outras Transferências de Convênios ou Repasses da União/ Transferências de Convênios Não Relacionados à Educação, à Saúde nem à Assistência Social;6;PREFEITURA MUNICIPAL DE UBERLÂNDIA;Rem Depos Bancário - Convenios União -Agro;SECRETARIA MUNICIPAL DE AGROPECUÁRIA E ABASTECIMEN;12;1888.50;83.33
02;1321010155;2022;124;Outras Transferências de Convênios/ Outras Transferências de Convênios ou Repasses da União/ Transferências de Convênios Não Relacionados à Educação, à Saúde nem à Assistência Social;7;PREFEITURA MUNICIPAL DE UBERLÂNDIA;Rem Depos Bancário - Convenios União -Agro;SECRETARIA MUNICIPAL DE AGROPECUÁRIA E ABASTECIMEN;12;1954.32;83.33
02;1321010155;2022;124;Outras Transferências de Convênios/ Outras Transferências de Convênios ou Repasses da União/ Transferências de Convênios Não Relacionados à Educação, à Saúde nem à Assistência Social;8;PREFEITURA MUNICIPAL DE UBERLÂNDIA;Rem Depos Bancário - Convenios União -Agro;SECRETARIA MUNICIPAL DE AGROPECUÁRIA E ABASTECIMEN;12;2247.05;83.33
02;1321010155;2022;124;Outras Transferências de Convênios/ Outras Transferências de Convênios ou Repasses da União/ Transferências de Convênios Não Relacionados à Educação, à Saúde nem à Assistência Social;9;PREFEITURA MUNICIPAL DE UBERLÂNDIA;Rem Depos Bancário - Convenios União -Agro;SECRETARIA MUNICIPAL DE AGROPECUÁRIA E ABASTECIMEN;12;2087.41;83.33
02;1321010155;2022;124;Outras Transferências de Convênios/ Outras Transferências de Convênios ou Repasses da União/ Transferências de Convênios Não Relacionados à Educação, à Saúde nem à Assistência Social;10;PREFEITURA MUNICIPAL DE UBERLÂNDIA;Rem Depos Bancário - Convenios União -Agro;SECRETARIA MUNICIPAL DE AGROPECUÁRIA E ABASTECIMEN;12;2006.39;83.33
02;1321010155;2022;124;Outras Transferências de Convênios/ Outras Transferências de Convênios ou Repasses da União/ Transferências de Convênios Não Relacionados à Educação, à Saúde nem à Assistência Social;11;PREFEITURA MUNICIPAL DE UBERLÂNDIA;Rem Depos Bancário - Convenios União -Agro;SECRETARIA MUNICIPAL DE AGROPECUÁRIA E ABASTECIMEN;12;2026.44;83.33
02;1321010155;2022;124;Outras Transferências de Convênios/ Outras Transferências de Convênios ou Repasses da União/ Transferências de Convênios Não Relacionados à Educação, à Saúde nem à Assistência Social;12;PREFEITURA MUNICIPAL DE UBERLÂNDIA;Rem Depos Bancário - Convenios União -Agro;SECRETARIA MUNICIPAL DE AGROPECUÁRIA E ABASTECIMEN;12;2246.53;83.37
02;1321010156;2022;124;Outras Transferências de Convênios/ Outras Transferências de Convênios ou Repasses da União/ Transferências de Convênios Não Relacionados à Educação, à Saúde nem à Assistência Social;1;PREFEITURA MUNICIPAL DE UBERLÂNDIA;Rem Depos Bancário - Convenios União - Obras;SECRETARIA MUNICIPAL DE OBRAS;13;0.00;2500.00
02;1321010156;2022;124;Outras Transferências de Convênios/ Outras Transferências de Convênios ou Repasses da União/ Transferências de Convênios Não Relacionados à Educação, à Saúde nem à Assistência Social;2;PREFEITURA MUNICIPAL DE UBERLÂNDIA;Rem Depos Bancário - Convenios União - Obras;SECRETARIA MUNICIPAL DE OBRAS;13;0.00;2500.00
02;1321010156;2022;124;Outras Transferências de Convênios/ Outras Transferências de Convênios ou Repasses da União/ Transferências de Convênios Não Relacionados à Educação, à Saúde nem à Assistência Social;3;PREFEITURA MUNICIPAL DE UBERLÂNDIA;Rem Depos Bancário - Convenios União - Obras;SECRETARIA MUNICIPAL DE OBRAS;13;384.43;2500.00
02;1321010156;2022;124;Outras Transferências de Convênios/ Outras Transferências de Convênios ou Repasses da União/ Transferências de Convênios Não Relacionados à Educação, à Saúde nem à Assistência Social;4;PREFEITURA MUNICIPAL DE UBERLÂNDIA;Rem Depos Bancário - Convenios União - Obras;SECRETARIA MUNICIPAL DE OBRAS;13;1275.16;2500.00
02;1321010156;2022;124;Outras Transferências de Convênios/ Outras Transferências de Convênios ou Repasses da União/ Transferências de Convênios Não Relacionados à Educação, à Saúde nem à Assistência Social;5;PREFEITURA MUNICIPAL DE UBERLÂNDIA;Rem Depos Bancário - Convenios União - Obras;SECRETARIA MUNICIPAL DE OBRAS;13;3889.14;2500.00
02;1321010156;2022;124;Outras Transferências de Convênios/ Outras Transferências de Convênios ou Repasses da União/ Transferências de Convênios Não Relacionados à Educação, à Saúde nem à Assistência Social;6;PREFEITURA MUNICIPAL DE UBERLÂNDIA;Rem Depos Bancário - Convenios União - Obras;SECRETARIA MUNICIPAL DE OBRAS;13;3922.88;2500.00
02;1321010156;2022;124;Outras Transferências de Convênios/ Outras Transferências de Convênios ou Repasses da União/ Transferências de Convênios Não Relacionados à Educação, à Saúde nem à Assistência Social;7;PREFEITURA MUNICIPAL DE UBERLÂNDIA;Rem Depos Bancário - Convenios União - Obras;SECRETARIA MUNICIPAL DE OBRAS;13;1120.22;2500.00
02;1321010156;2022;124;Outras Transferências de Convênios/ Outras Transferências de Convênios ou Repasses da União/ Transferências de Convênios Não Relacionados à Educação, à Saúde nem à Assistência Social;8;PREFEITURA MUNICIPAL DE UBERLÂNDIA;Rem Depos Bancário - Convenios União - Obras;SECRETARIA MUNICIPAL DE OBRAS;13;940.13;2500.00
02;1321010156;2022;124;Outras Transferências de Convênios/ Outras Transferências de Convênios ou Repasses da União/ Transferências de Convênios Não Relacionados à Educação, à Saúde nem à Assistência Social;9;PREFEITURA MUNICIPAL DE UBERLÂNDIA;Rem Depos Bancário - Convenios União - Obras;SECRETARIA MUNICIPAL DE OBRAS;13;1121.61;2500.00
02;1321010156;2022;124;Outras Transferências de Convênios/ Outras Transferências de Convênios ou Repasses da União/ Transferências de Convênios Não Relacionados à Educação, à Saúde nem à Assistência Social;10;PREFEITURA MUNICIPAL DE UBERLÂNDIA;Rem Depos Bancário - Convenios União - Obras;SECRETARIA MUNICIPAL DE OBRAS;13;404.32;2500.00
02;1321010156;2022;124;Outras Transferências de Convênios/ Outras Transferências de Convênios ou Repasses da União/ Transferências de Convênios Não Relacionados à Educação, à Saúde nem à Assistência Social;11;PREFEITURA MUNICIPAL DE UBERLÂNDIA;Rem Depos Bancário - Convenios União - Obras;SECRETARIA MUNICIPAL DE OBRAS;13;68.02;2500.00
02;1321010156;2022;124;Outras Transferências de Convênios/ Outras Transferências de Convênios ou Repasses da União/ Transferências de Convênios Não Relacionados à Educação, à Saúde nem à Assistência Social;12;PREFEITURA MUNICIPAL DE UBERLÂNDIA;Rem Depos Bancário - Convenios União - Obras;SECRETARIA MUNICIPAL DE OBRAS;13;121.88;2500.00
02;1321010157;2022;108;Compensação Financeira de Recursos Minerais (CFEM);1;PREFEITURA MUNICIPAL DE UBERLÂNDIA;Rem Depos Bancário - CFEM;SECRETARIA MUNICIPAL DE FINANÇAS;06;8775.88;0.00
02;1321010157;2022;108;Compensação Financeira de Recursos Minerais (CFEM);2;PREFEITURA MUNICIPAL DE UBERLÂNDIA;Rem Depos Bancário - CFEM;SECRETARIA MUNICIPAL DE FINANÇAS;06;9999.34;0.00
02;1321010157;2022;108;Compensação Financeira de Recursos Minerais (CFEM);3;PREFEITURA MUNICIPAL DE UBERLÂNDIA;Rem Depos Bancário - CFEM;SECRETARIA MUNICIPAL DE FINANÇAS;06;13302.77;0.00
02;1321010157;2022;108;Compensação Financeira de Recursos Minerais (CFEM);4;PREFEITURA MUNICIPAL DE UBERLÂNDIA;Rem Depos Bancário - CFEM;SECRETARIA MUNICIPAL DE FINANÇAS;06;10733.29;0.00
02;1321010157;2022;108;Compensação Financeira de Recursos Minerais (CFEM);5;PREFEITURA MUNICIPAL DE UBERLÂNDIA;Rem Depos Bancário - CFEM;SECRETARIA MUNICIPAL DE FINANÇAS;06;12728.60;0.00
02;1321010157;2022;108;Compensação Financeira de Recursos Minerais (CFEM);6;PREFEITURA MUNICIPAL DE UBERLÂNDIA;Rem Depos Bancário - CFEM;SECRETARIA MUNICIPAL DE FINANÇAS;06;10492.40;0.00
02;1321010157;2022;108;Compensação Financeira de Recursos Minerais (CFEM);7;PREFEITURA MUNICIPAL DE UBERLÂNDIA;Rem Depos Bancário - CFEM;SECRETARIA MUNICIPAL DE FINANÇAS;06;10540.67;0.00
02;1321010157;2022;108;Compensação Financeira de Recursos Minerais (CFEM);8;PREFEITURA MUNICIPAL DE UBERLÂNDIA;Rem Depos Bancário - CFEM;SECRETARIA MUNICIPAL DE FINANÇAS;06;12998.68;0.00
02;1321010157;2022;108;Compensação Financeira de Recursos Minerais (CFEM);9;PREFEITURA MUNICIPAL DE UBERLÂNDIA;Rem Depos Bancário - CFEM;SECRETARIA MUNICIPAL DE FINANÇAS;06;12675.91;0.00
02;1321010157;2022;108;Compensação Financeira de Recursos Minerais (CFEM);10;PREFEITURA MUNICIPAL DE UBERLÂNDIA;Rem Depos Bancário - CFEM;SECRETARIA MUNICIPAL DE FINANÇAS;06;12733.83;0.00
02;1321010157;2022;108;Compensação Financeira de Recursos Minerais (CFEM);11;PREFEITURA MUNICIPAL DE UBERLÂNDIA;Rem Depos Bancário - CFEM;SECRETARIA MUNICIPAL DE FINANÇAS;06;13223.09;0.00
02;1321010157;2022;108;Compensação Financeira de Recursos Minerais (CFEM);12;PREFEITURA MUNICIPAL DE UBERLÂNDIA;Rem Depos Bancário - CFEM;SECRETARIA MUNICIPAL DE FINANÇAS;06;15478.88;0.00
02;1321010158;2022;184;Transferência da União referente à Compensação Financeira de Recursos Hídricos;1;PREFEITURA MUNICIPAL DE UBERLÂNDIA;Rem Depos Bancário - Recursos Hídricos;SECRETARIA MUNICIPAL DE FINANÇAS;06;2702.18;0.00
02;1321010158;2022;184;Transferência da União referente à Compensação Financeira de Recursos Hídricos;2;PREFEITURA MUNICIPAL DE UBERLÂNDIA;Rem Depos Bancário - Recursos Hídricos;SECRETARIA MUNICIPAL DE FINANÇAS;06;1772.55;0.00
02;1321010158;2022;184;Transferência da União referente à Compensação Financeira de Recursos Hídricos;3;PREFEITURA MUNICIPAL DE UBERLÂNDIA;Rem Depos Bancário - Recursos Hídricos;SECRETARIA MUNICIPAL DE FINANÇAS;06;2538.44;0.00
02;1321010158;2022;184;Transferência da União referente à Compensação Financeira de Recursos Hídricos;4;PREFEITURA MUNICIPAL DE UBERLÂNDIA;Rem Depos Bancário - Recursos Hídricos;SECRETARIA MUNICIPAL DE FINANÇAS;06;1374.40;0.00
02;1321010158;2022;184;Transferência da União referente à Compensação Financeira de Recursos Hídricos;5;PREFEITURA MUNICIPAL DE UBERLÂNDIA;Rem Depos Bancário - Recursos Hídricos;SECRETARIA MUNICIPAL DE FINANÇAS;06;1571.75;0.00
02;1321010158;2022;184;Transferência da União referente à Compensação Financeira de Recursos Hídricos;6;PREFEITURA MUNICIPAL DE UBERLÂNDIA;Rem Depos Bancário - Recursos Hídricos;SECRETARIA MUNICIPAL DE FINANÇAS;06;491.76;0.00
02;1321010158;2022;184;Transferência da União referente à Compensação Financeira de Recursos Hídricos;7;PREFEITURA MUNICIPAL DE UBERLÂNDIA;Rem Depos Bancário - Recursos Hídricos;SECRETARIA MUNICIPAL DE FINANÇAS;06;2291.76;0.00
02;1321010158;2022;184;Transferência da União referente à Compensação Financeira de Recursos Hídricos;8;PREFEITURA MUNICIPAL DE UBERLÂNDIA;Rem Depos Bancário - Recursos Hídricos;SECRETARIA MUNICIPAL DE FINANÇAS;06;1516.08;0.00
02;1321010158;2022;184;Transferência da União referente à Compensação Financeira de Recursos Hídricos;9;PREFEITURA MUNICIPAL DE UBERLÂNDIA;Rem Depos Bancário - Recursos Hídricos;SECRETARIA MUNICIPAL DE FINANÇAS;06;147.66;0.00
02;1321010158;2022;184;Transferência da União referente à Compensação Financeira de Recursos Hídricos;10;PREFEITURA MUNICIPAL DE UBERLÂNDIA;Rem Depos Bancário - Recursos Hídricos;SECRETARIA MUNICIPAL DE FINANÇAS;06;1374.64;0.00
02;1321010158;2022;184;Transferência da União referente à Compensação Financeira de Recursos Hídricos;11;PREFEITURA MUNICIPAL DE UBERLÂNDIA;Rem Depos Bancário - Recursos Hídricos;SECRETARIA MUNICIPAL DE FINANÇAS;06;2656.56;0.00
02;1321010158;2022;184;Transferência da União referente à Compensação Financeira de Recursos Hídricos;12;PREFEITURA MUNICIPAL DE UBERLÂNDIA;Rem Depos Bancário - Recursos Hídricos;SECRETARIA MUNICIPAL DE FINANÇAS;06;6165.74;0.00
02;1321010159;2022;186;Transferência da União referente a Royalties do Petróleo e Gás Natural;1;PREFEITURA MUNICIPAL DE UBERLÂNDIA;Rem Depos Bancário - FEP;SECRETARIA MUNICIPAL DE FINANÇAS;06;606.98;0.00
02;1321010159;2022;186;Transferência da União referente a Royalties do Petróleo e Gás Natural;2;PREFEITURA MUNICIPAL DE UBERLÂNDIA;Rem Depos Bancário - FEP;SECRETARIA MUNICIPAL DE FINANÇAS;06;425.07;0.00
02;1321010159;2022;186;Transferência da União referente a Royalties do Petróleo e Gás Natural;3;PREFEITURA MUNICIPAL DE UBERLÂNDIA;Rem Depos Bancário - FEP;SECRETARIA MUNICIPAL DE FINANÇAS;06;2192.13;0.00
02;1321010159;2022;186;Transferência da União referente a Royalties do Petróleo e Gás Natural;4;PREFEITURA MUNICIPAL DE UBERLÂNDIA;Rem Depos Bancário - FEP;SECRETARIA MUNICIPAL DE FINANÇAS;06;2644.71;0.00
02;1321010159;2022;186;Transferência da União referente a Royalties do Petróleo e Gás Natural;5;PREFEITURA MUNICIPAL DE UBERLÂNDIA;Rem Depos Bancário - FEP;SECRETARIA MUNICIPAL DE FINANÇAS;06;2007.21;0.00
02;1321010159;2022;186;Transferência da União referente a Royalties do Petróleo e Gás Natural;6;PREFEITURA MUNICIPAL DE UBERLÂNDIA;Rem Depos Bancário - FEP;SECRETARIA MUNICIPAL DE FINANÇAS;06;2009.15;0.00
02;1321010159;2022;186;Transferência da União referente a Royalties do Petróleo e Gás Natural;7;PREFEITURA MUNICIPAL DE UBERLÂNDIA;Rem Depos Bancário - FEP;SECRETARIA MUNICIPAL DE FINANÇAS;06;1833.09;0.00
02;1321010159;2022;186;Transferência da União referente a Royalties do Petróleo e Gás Natural;8;PREFEITURA MUNICIPAL DE UBERLÂNDIA;Rem Depos Bancário - FEP;SECRETARIA MUNICIPAL DE FINANÇAS;06;754.37;0.00
02;1321010159;2022;186;Transferência da União referente a Royalties do Petróleo e Gás Natural;9;PREFEITURA MUNICIPAL DE UBERLÂNDIA;Rem Depos Bancário - FEP;SECRETARIA MUNICIPAL DE FINANÇAS;06;383.64;0.00
02;1321010159;2022;186;Transferência da União referente a Royalties do Petróleo e Gás Natural;10;PREFEITURA MUNICIPAL DE UBERLÂNDIA;Rem Depos Bancário - FEP;SECRETARIA MUNICIPAL DE FINANÇAS;06;2720.47;0.00
02;1321010159;2022;186;Transferência da União referente a Royalties do Petróleo e Gás Natural;11;PREFEITURA MUNICIPAL DE UBERLÂNDIA;Rem Depos Bancário - FEP;SECRETARIA MUNICIPAL DE FINANÇAS;06;2469.44;0.00
02;1321010159;2022;186;Transferência da União referente a Royalties do Petróleo e Gás Natural;12;PREFEITURA MUNICIPAL DE UBERLÂNDIA;Rem Depos Bancário - FEP;SECRETARIA MUNICIPAL DE FINANÇAS;06;4880.98;0.00
02;1321010161;2022;170;Outros Recursos Não Vinculados;1;PREFEITURA MUNICIPAL DE UBERLÂNDIA;Rem Depos Banc - Outros Rec. Não Vinculados - PMU;SECRETARIA MUNICIPAL DE FINANÇAS;06;69668.59;0.00
02;1321010161;2022;170;Outros Recursos Não Vinculados;2;PREFEITURA MUNICIPAL DE UBERLÂNDIA;Rem Depos Banc - Outros Rec. Não Vinculados - PMU;SECRETARIA MUNICIPAL DE FINANÇAS;06;77693.80;0.00
02;1321010161;2022;170;Outros Recursos Não Vinculados;3;PREFEITURA MUNICIPAL DE UBERLÂNDIA;Rem Depos Banc - Outros Rec. Não Vinculados - PMU;SECRETARIA MUNICIPAL DE FINANÇAS;06;101384.11;0.00
02;1321010161;2022;170;Outros Recursos Não Vinculados;4;PREFEITURA MUNICIPAL DE UBERLÂNDIA;Rem Depos Banc - Outros Rec. Não Vinculados - PMU;SECRETARIA MUNICIPAL DE FINANÇAS;06;332506.54;0.00
02;1321010161;2022;170;Outros Recursos Não Vinculados;5;PREFEITURA MUNICIPAL DE UBERLÂNDIA;Rem Depos Banc - Outros Rec. Não Vinculados - PMU;SECRETARIA MUNICIPAL DE FINANÇAS;06;179815.45;0.00
02;1321010161;2022;170;Outros Recursos Não Vinculados;6;PREFEITURA MUNICIPAL DE UBERLÂNDIA;Rem Depos Banc - Outros Rec. Não Vinculados - PMU;SECRETARIA MUNICIPAL DE FINANÇAS;06;499540.01;0.00
02;1321010161;2022;170;Outros Recursos Não Vinculados;7;PREFEITURA MUNICIPAL DE UBERLÂNDIA;Rem Depos Banc - Outros Rec. Não Vinculados - PMU;SECRETARIA MUNICIPAL DE FINANÇAS;06;522843.01;0.00
02;1321010161;2022;170;Outros Recursos Não Vinculados;8;PREFEITURA MUNICIPAL DE UBERLÂNDIA;Rem Depos Banc - Outros Rec. Não Vinculados - PMU;SECRETARIA MUNICIPAL DE FINANÇAS;06;596186.19;0.00
02;1321010161;2022;170;Outros Recursos Não Vinculados;9;PREFEITURA MUNICIPAL DE UBERLÂNDIA;Rem Depos Banc - Outros Rec. Não Vinculados - PMU;SECRETARIA MUNICIPAL DE FINANÇAS;06;283464.72;0.00
02;1321010161;2022;170;Outros Recursos Não Vinculados;10;PREFEITURA MUNICIPAL DE UBERLÂNDIA;Rem Depos Banc - Outros Rec. Não Vinculados - PMU;SECRETARIA MUNICIPAL DE FINANÇAS;06;210697.40;0.00
02;1321010161;2022;170;Outros Recursos Não Vinculados;11;PREFEITURA MUNICIPAL DE UBERLÂNDIA;Rem Depos Banc - Outros Rec. Não Vinculados - PMU;SECRETARIA MUNICIPAL DE FINANÇAS;06;45207.51;0.00
02;1321010161;2022;170;Outros Recursos Não Vinculados;12;PREFEITURA MUNICIPAL DE UBERLÂNDIA;Rem Depos Banc - Outros Rec. Não Vinculados - PMU;SECRETARIA MUNICIPAL DE FINANÇAS;06;38640.73;0.00
02;1321010162;2022;100;Recursos Não Vinculados de Impostos/ Recursos Ordinários;1;PREFEITURA MUNICIPAL DE UBERLÂNDIA;Rem Depos Banc - Cultura - Recurso Próprio;SECRETARIA MUNICIPAL DE CULTURA;08;2299.18;0.00
02;1321010162;2022;100;Recursos Não Vinculados de Impostos/ Recursos Ordinários;2;PREFEITURA MUNICIPAL DE UBERLÂNDIA;Rem Depos Banc - Cultura - Recurso Próprio;SECRETARIA MUNICIPAL DE CULTURA;08;786.36;0.00
02;1321010162;2022;100;Recursos Não Vinculados de Impostos/ Recursos Ordinários;3;PREFEITURA MUNICIPAL DE UBERLÂNDIA;Rem Depos Banc - Cultura - Recurso Próprio;SECRETARIA MUNICIPAL DE CULTURA;08;892.17;0.00
02;1321010162;2022;100;Recursos Não Vinculados de Impostos/ Recursos Ordinários;4;PREFEITURA MUNICIPAL DE UBERLÂNDIA;Rem Depos Banc - Cultura - Recurso Próprio;SECRETARIA MUNICIPAL DE CULTURA;08;516.82;0.00
02;1321010162;2022;100;Recursos Não Vinculados de Impostos/ Recursos Ordinários;5;PREFEITURA MUNICIPAL DE UBERLÂNDIA;Rem Depos Banc - Cultura - Recurso Próprio;SECRETARIA MUNICIPAL DE CULTURA;08;519.67;0.00
02;1321010162;2022;100;Recursos Não Vinculados de Impostos/ Recursos Ordinários;6;PREFEITURA MUNICIPAL DE UBERLÂNDIA;Rem Depos Banc - Cultura - Recurso Próprio;SECRETARIA MUNICIPAL DE CULTURA;08;482.16;0.00
02;1321010162;2022;100;Recursos Não Vinculados de Impostos/ Recursos Ordinários;7;PREFEITURA MUNICIPAL DE UBERLÂNDIA;Rem Depos Banc - Cultura - Recurso Próprio;SECRETARIA MUNICIPAL DE CULTURA;08;427.49;0.00
02;1321010162;2022;100;Recursos Não Vinculados de Impostos/ Recursos Ordinários;8;PREFEITURA MUNICIPAL DE UBERLÂNDIA;Rem Depos Banc - Cultura - Recurso Próprio;SECRETARIA MUNICIPAL DE CULTURA;08;491.52;0.00
02;1321010162;2022;100;Recursos Não Vinculados de Impostos/ Recursos Ordinários;9;PREFEITURA MUNICIPAL DE UBERLÂNDIA;Rem Depos Banc - Cultura - Recurso Próprio;SECRETARIA MUNICIPAL DE CULTURA;08;456.59;0.00
02;1321010162;2022;100;Recursos Não Vinculados de Impostos/ Recursos Ordinários;10;PREFEITURA MUNICIPAL DE UBERLÂNDIA;Rem Depos Banc - Cultura - Recurso Próprio;SECRETARIA MUNICIPAL DE CULTURA;08;438.85;0.00
02;1321010162;2022;100;Recursos Não Vinculados de Impostos/ Recursos Ordinários;11;PREFEITURA MUNICIPAL DE UBERLÂNDIA;Rem Depos Banc - Cultura - Recurso Próprio;SECRETARIA MUNICIPAL DE CULTURA;08;443.23;0.00
02;1321010162;2022;100;Recursos Não Vinculados de Impostos/ Recursos Ordinários;12;PREFEITURA MUNICIPAL DE UBERLÂNDIA;Rem Depos Banc - Cultura - Recurso Próprio;SECRETARIA MUNICIPAL DE CULTURA;08;345.00;0.00
02;1321010163;2022;192;Alienação de Bens;1;PREFEITURA MUNICIPAL DE UBERLÂNDIA;Rem Depos Banc - Meio Ambiente;SECRETARIA MUNICIPAL DE MEIO AMBIENTE;03;8.39;0.00
02;1321010163;2022;192;Alienação de Bens;2;PREFEITURA MUNICIPAL DE UBERLÂNDIA;Rem Depos Banc - Meio Ambiente;SECRETARIA MUNICIPAL DE MEIO AMBIENTE;03;8.96;0.00
02;1321010163;2022;192;Alienação de Bens;3;PREFEITURA MUNICIPAL DE UBERLÂNDIA;Rem Depos Banc - Meio Ambiente;SECRETARIA MUNICIPAL DE MEIO AMBIENTE;03;11.29;0.00
02;1321010163;2022;192;Alienação de Bens;4;PREFEITURA MUNICIPAL DE UBERLÂNDIA;Rem Depos Banc - Meio Ambiente;SECRETARIA MUNICIPAL DE MEIO AMBIENTE;03;10.37;0.00
02;1321010163;2022;192;Alienação de Bens;5;PREFEITURA MUNICIPAL DE UBERLÂNDIA;Rem Depos Banc - Meio Ambiente;SECRETARIA MUNICIPAL DE MEIO AMBIENTE;03;13.06;0.00
02;1321010163;2022;192;Alienação de Bens;6;PREFEITURA MUNICIPAL DE UBERLÂNDIA;Rem Depos Banc - Meio Ambiente;SECRETARIA MUNICIPAL DE MEIO AMBIENTE;03;13.01;0.00
02;1321010163;2022;192;Alienação de Bens;7;PREFEITURA MUNICIPAL DE UBERLÂNDIA;Rem Depos Banc - Meio Ambiente;SECRETARIA MUNICIPAL DE MEIO AMBIENTE;03;13.56;0.00
02;1321010163;2022;192;Alienação de Bens;8;PREFEITURA MUNICIPAL DE UBERLÂNDIA;Rem Depos Banc - Meio Ambiente;SECRETARIA MUNICIPAL DE MEIO AMBIENTE;03;15.47;0.00
02;1321010163;2022;192;Alienação de Bens;9;PREFEITURA MUNICIPAL DE UBERLÂNDIA;Rem Depos Banc - Meio Ambiente;SECRETARIA MUNICIPAL DE MEIO AMBIENTE;03;10.90;0.00
02;1321010164;2022;164;Emendas Parlamentares Individuais-Transferência Especial/ Transferência Especial da União;1;PREFEITURA MUNICIPAL DE UBERLÂNDIA;Rem Depos Banc - Emen Parlam. União - Saúde;SECRETARIA MUNICIPAL DE SAÚDE;09;7004.19;0.00
02;1321010164;2022;164;Emendas Parlamentares Individuais-Transferência Especial/ Transferência Especial da União;2;PREFEITURA MUNICIPAL DE UBERLÂNDIA;Rem Depos Banc - Emen Parlam. União - Saúde;SECRETARIA MUNICIPAL DE SAÚDE;09;339.59;0.00
02;1321010164;2022;164;Emendas Parlamentares Individuais-Transferência Especial/ Transferência Especial da União;3;PREFEITURA MUNICIPAL DE UBERLÂNDIA;Rem Depos Banc - Emen Parlam. União - Saúde;SECRETARIA MUNICIPAL DE SAÚDE;09;220.62;0.00
02;1321010164;2022;164;Emendas Parlamentares Individuais-Transferência Especial/ Transferência Especial da União;4;PREFEITURA MUNICIPAL DE UBERLÂNDIA;Rem Depos Banc - Emen Parlam. União - Saúde;SECRETARIA MUNICIPAL DE SAÚDE;09;203.03;0.00
02;1321010164;2022;164;Emendas Parlamentares Individuais-Transferência Especial/ Transferência Especial da União;5;PREFEITURA MUNICIPAL DE UBERLÂNDIA;Rem Depos Banc - Emen Parlam. União - Saúde;SECRETARIA MUNICIPAL DE SAÚDE;09;255.42;0.00
02;1321010164;2022;164;Emendas Parlamentares Individuais-Transferência Especial/ Transferência Especial da União;6;PREFEITURA MUNICIPAL DE UBERLÂNDIA;Rem Depos Banc - Emen Parlam. União - Saúde;SECRETARIA MUNICIPAL DE SAÚDE;09;254.71;0.00
02;1321010164;2022;164;Emendas Parlamentares Individuais-Transferência Especial/ Transferência Especial da União;7;PREFEITURA MUNICIPAL DE UBERLÂNDIA;Rem Depos Banc - Emen Parlam. União - Saúde;SECRETARIA MUNICIPAL DE SAÚDE;09;265.40;0.00
02;1321010164;2022;164;Emendas Parlamentares Individuais-Transferência Especial/ Transferência Especial da União;8;PREFEITURA MUNICIPAL DE UBERLÂNDIA;Rem Depos Banc - Emen Parlam. União - Saúde;SECRETARIA MUNICIPAL DE SAÚDE;09;302.72;0.00
02;1321010164;2022;164;Emendas Parlamentares Individuais-Transferência Especial/ Transferência Especial da União;9;PREFEITURA MUNICIPAL DE UBERLÂNDIA;Rem Depos Banc - Emen Parlam. União - Saúde;SECRETARIA MUNICIPAL DE SAÚDE;09;280.25;0.00
02;1321010164;2022;164;Emendas Parlamentares Individuais-Transferência Especial/ Transferência Especial da União;10;PREFEITURA MUNICIPAL DE UBERLÂNDIA;Rem Depos Banc - Emen Parlam. União - Saúde;SECRETARIA MUNICIPAL DE SAÚDE;09;268.22;0.00
02;1321010164;2022;164;Emendas Parlamentares Individuais-Transferência Especial/ Transferência Especial da União;11;PREFEITURA MUNICIPAL DE UBERLÂNDIA;Rem Depos Banc - Emen Parlam. União - Saúde;SECRETARIA MUNICIPAL DE SAÚDE;09;269.33;0.00
02;1321010164;2022;164;Emendas Parlamentares Individuais-Transferência Especial/ Transferência Especial da União;12;PREFEITURA MUNICIPAL DE UBERLÂNDIA;Rem Depos Banc - Emen Parlam. União - Saúde;SECRETARIA MUNICIPAL DE SAÚDE;09;37505.05;0.00
02;1321010165;2022;164;Emendas Parlamentares Individuais-Transferência Especial/ Transferência Especial da União;1;PREFEITURA MUNICIPAL DE UBERLÂNDIA;Rem de Dep Banc -Emen Parlam União - Meio Ambiente;SECRETARIA MUNICIPAL DE MEIO AMBIENTE;03;1332.47;0.00
02;1321010166;2022;102;Receitas de Impostos e de Transferências de Impostos Vinculados à Saúde;1;PREFEITURA MUNICIPAL DE UBERLÂNDIA;Rem Depos Banc - Proprio Saúde;SECRETARIA MUNICIPAL DE SAÚDE;09;6635.13;0.00
02;1321010166;2022;102;Receitas de Impostos e de Transferências de Impostos Vinculados à Saúde;2;PREFEITURA MUNICIPAL DE UBERLÂNDIA;Rem Depos Banc - Proprio Saúde;SECRETARIA MUNICIPAL DE SAÚDE;09;5438.14;0.00
02;1321010166;2022;102;Receitas de Impostos e de Transferências de Impostos Vinculados à Saúde;3;PREFEITURA MUNICIPAL DE UBERLÂNDIA;Rem Depos Banc - Proprio Saúde;SECRETARIA MUNICIPAL DE SAÚDE;09;6413.68;0.00
02;1321010166;2022;102;Receitas de Impostos e de Transferências de Impostos Vinculados à Saúde;4;PREFEITURA MUNICIPAL DE UBERLÂNDIA;Rem Depos Banc - Proprio Saúde;SECRETARIA MUNICIPAL DE SAÚDE;09;15358.86;0.00
02;1321010166;2022;102;Receitas de Impostos e de Transferências de Impostos Vinculados à Saúde;5;PREFEITURA MUNICIPAL DE UBERLÂNDIA;Rem Depos Banc - Proprio Saúde;SECRETARIA MUNICIPAL DE SAÚDE;09;5693.70;0.00
02;1321010166;2022;102;Receitas de Impostos e de Transferências de Impostos Vinculados à Saúde;6;PREFEITURA MUNICIPAL DE UBERLÂNDIA;Rem Depos Banc - Proprio Saúde;SECRETARIA MUNICIPAL DE SAÚDE;09;10724.27;0.00
02;1321010166;2022;102;Receitas de Impostos e de Transferências de Impostos Vinculados à Saúde;7;PREFEITURA MUNICIPAL DE UBERLÂNDIA;Rem Depos Banc - Proprio Saúde;SECRETARIA MUNICIPAL DE SAÚDE;09;11852.26;0.00
02;1321010166;2022;102;Receitas de Impostos e de Transferências de Impostos Vinculados à Saúde;8;PREFEITURA MUNICIPAL DE UBERLÂNDIA;Rem Depos Banc - Proprio Saúde;SECRETARIA MUNICIPAL DE SAÚDE;09;11539.29;0.00
02;1321010166;2022;102;Receitas de Impostos e de Transferências de Impostos Vinculados à Saúde;9;PREFEITURA MUNICIPAL DE UBERLÂNDIA;Rem Depos Banc - Proprio Saúde;SECRETARIA MUNICIPAL DE SAÚDE;09;8874.56;0.00
02;1321010166;2022;102;Receitas de Impostos e de Transferências de Impostos Vinculados à Saúde;10;PREFEITURA MUNICIPAL DE UBERLÂNDIA;Rem Depos Banc - Proprio Saúde;SECRETARIA MUNICIPAL DE SAÚDE;09;8197.45;0.00
02;1321010166;2022;102;Receitas de Impostos e de Transferências de Impostos Vinculados à Saúde;11;PREFEITURA MUNICIPAL DE UBERLÂNDIA;Rem Depos Banc - Proprio Saúde;SECRETARIA MUNICIPAL DE SAÚDE;09;28526.13;0.00
02;1321010166;2022;102;Receitas de Impostos e de Transferências de Impostos Vinculados à Saúde;12;PREFEITURA MUNICIPAL DE UBERLÂNDIA;Rem Depos Banc - Proprio Saúde;SECRETARIA MUNICIPAL DE SAÚDE;09;17350.48;0.00
02;1321010167;2022;101;Receitas de Impostos e de Transferências de Impostos Vinculados à Educação;1;PREFEITURA MUNICIPAL DE UBERLÂNDIA;Rem Depos Banc - Proprio Educação;SECRETARIA MUNICIPAL DE EDUCAÇÃO;07;3597.40;0.00
02;1321010167;2022;101;Receitas de Impostos e de Transferências de Impostos Vinculados à Educação;2;PREFEITURA MUNICIPAL DE UBERLÂNDIA;Rem Depos Banc - Proprio Educação;SECRETARIA MUNICIPAL DE EDUCAÇÃO;07;658.64;0.00
02;1321010167;2022;101;Receitas de Impostos e de Transferências de Impostos Vinculados à Educação;3;PREFEITURA MUNICIPAL DE UBERLÂNDIA;Rem Depos Banc - Proprio Educação;SECRETARIA MUNICIPAL DE EDUCAÇÃO;07;3127.78;0.00
02;1321010167;2022;101;Receitas de Impostos e de Transferências de Impostos Vinculados à Educação;4;PREFEITURA MUNICIPAL DE UBERLÂNDIA;Rem Depos Banc - Proprio Educação;SECRETARIA MUNICIPAL DE EDUCAÇÃO;07;4179.19;0.00
02;1321010167;2022;101;Receitas de Impostos e de Transferências de Impostos Vinculados à Educação;5;PREFEITURA MUNICIPAL DE UBERLÂNDIA;Rem Depos Banc - Proprio Educação;SECRETARIA MUNICIPAL DE EDUCAÇÃO;07;3317.12;0.00
02;1321010167;2022;101;Receitas de Impostos e de Transferências de Impostos Vinculados à Educação;6;PREFEITURA MUNICIPAL DE UBERLÂNDIA;Rem Depos Banc - Proprio Educação;SECRETARIA MUNICIPAL DE EDUCAÇÃO;07;1155.96;0.00
02;1321010167;2022;101;Receitas de Impostos e de Transferências de Impostos Vinculados à Educação;7;PREFEITURA MUNICIPAL DE UBERLÂNDIA;Rem Depos Banc - Proprio Educação;SECRETARIA MUNICIPAL DE EDUCAÇÃO;07;3528.85;0.00
02;1321010167;2022;101;Receitas de Impostos e de Transferências de Impostos Vinculados à Educação;8;PREFEITURA MUNICIPAL DE UBERLÂNDIA;Rem Depos Banc - Proprio Educação;SECRETARIA MUNICIPAL DE EDUCAÇÃO;07;2214.36;0.00
02;1321010167;2022;101;Receitas de Impostos e de Transferências de Impostos Vinculados à Educação;9;PREFEITURA MUNICIPAL DE UBERLÂNDIA;Rem Depos Banc - Proprio Educação;SECRETARIA MUNICIPAL DE EDUCAÇÃO;07;16940.16;0.00
02;1321010167;2022;101;Receitas de Impostos e de Transferências de Impostos Vinculados à Educação;10;PREFEITURA MUNICIPAL DE UBERLÂNDIA;Rem Depos Banc - Proprio Educação;SECRETARIA MUNICIPAL DE EDUCAÇÃO;07;2512.58;0.00
02;1321010167;2022;101;Receitas de Impostos e de Transferências de Impostos Vinculados à Educação;11;PREFEITURA MUNICIPAL DE UBERLÂNDIA;Rem Depos Banc - Proprio Educação;SECRETARIA MUNICIPAL DE EDUCAÇÃO;07;4320.31;0.00
02;1321010167;2022;101;Receitas de Impostos e de Transferências de Impostos Vinculados à Educação;12;PREFEITURA MUNICIPAL DE UBERLÂNDIA;Rem Depos Banc - Proprio Educação;SECRETARIA MUNICIPAL DE EDUCAÇÃO;07;13287.80;0.00
02;1321010168;2022;165;Outros Recursos Vinculados;1;PREFEITURA MUNICIPAL DE UBERLÂNDIA;Rem de Dep Banc - Outros Rec. Vinculados - Saúde;SECRETARIA MUNICIPAL DE SAÚDE;09;5422.49;0.00
02;1321010168;2022;165;Outros Recursos Vinculados;4;PREFEITURA MUNICIPAL DE UBERLÂNDIA;Rem de Dep Banc - Outros Rec. Vinculados - Saúde;SECRETARIA MUNICIPAL DE SAÚDE;09;21530.86;0.00
02;1321010168;2022;165;Outros Recursos Vinculados;5;PREFEITURA MUNICIPAL DE UBERLÂNDIA;Rem de Dep Banc - Outros Rec. Vinculados - Saúde;SECRETARIA MUNICIPAL DE SAÚDE;09;10296.58;0.00
02;1321010168;2022;165;Outros Recursos Vinculados;6;PREFEITURA MUNICIPAL DE UBERLÂNDIA;Rem de Dep Banc - Outros Rec. Vinculados - Saúde;SECRETARIA MUNICIPAL DE SAÚDE;09;17962.85;0.00
02;1321010168;2022;165;Outros Recursos Vinculados;7;PREFEITURA MUNICIPAL DE UBERLÂNDIA;Rem de Dep Banc - Outros Rec. Vinculados - Saúde;SECRETARIA MUNICIPAL DE SAÚDE;09;14597.17;0.00
02;1321010168;2022;165;Outros Recursos Vinculados;8;PREFEITURA MUNICIPAL DE UBERLÂNDIA;Rem de Dep Banc - Outros Rec. Vinculados - Saúde;SECRETARIA MUNICIPAL DE SAÚDE;09;22739.53;0.00
02;1321010168;2022;165;Outros Recursos Vinculados;9;PREFEITURA MUNICIPAL DE UBERLÂNDIA;Rem de Dep Banc - Outros Rec. Vinculados - Saúde;SECRETARIA MUNICIPAL DE SAÚDE;09;22958.85;0.00
02;1321010168;2022;165;Outros Recursos Vinculados;10;PREFEITURA MUNICIPAL DE UBERLÂNDIA;Rem de Dep Banc - Outros Rec. Vinculados - Saúde;SECRETARIA MUNICIPAL DE SAÚDE;09;22277.55;0.00
02;1321010168;2022;165;Outros Recursos Vinculados;11;PREFEITURA MUNICIPAL DE UBERLÂNDIA;Rem de Dep Banc - Outros Rec. Vinculados - Saúde;SECRETARIA MUNICIPAL DE SAÚDE;09;27188.18;0.00
02;1321010168;2022;165;Outros Recursos Vinculados;12;PREFEITURA MUNICIPAL DE UBERLÂNDIA;Rem de Dep Banc - Outros Rec. Vinculados - Saúde;SECRETARIA MUNICIPAL DE SAÚDE;09;46040.68;0.00
02;1321010169;2022;165;Outros Recursos Vinculados;1;PREFEITURA MUNICIPAL DE UBERLÂNDIA;Rem de Dep Banc - Outros Rec. Vinculados - PROCON;PROCURADORIA GERAL DO MUNICIPIO;04;268.36;0.00
02;1321010169;2022;165;Outros Recursos Vinculados;2;PREFEITURA MUNICIPAL DE UBERLÂNDIA;Rem de Dep Banc - Outros Rec. Vinculados - PROCON;PROCURADORIA GERAL DO MUNICIPIO;04;286.80;0.00
02;1321010169;2022;165;Outros Recursos Vinculados;3;PREFEITURA MUNICIPAL DE UBERLÂNDIA;Rem de Dep Banc - Outros Rec. Vinculados - PROCON;PROCURADORIA GERAL DO MUNICIPIO;04;717.36;0.00
02;1321010169;2022;165;Outros Recursos Vinculados;4;PREFEITURA MUNICIPAL DE UBERLÂNDIA;Rem de Dep Banc - Outros Rec. Vinculados - PROCON;PROCURADORIA GERAL DO MUNICIPIO;04;983.02;0.00
02;1321010169;2022;165;Outros Recursos Vinculados;5;PREFEITURA MUNICIPAL DE UBERLÂNDIA;Rem de Dep Banc - Outros Rec. Vinculados - PROCON;PROCURADORIA GERAL DO MUNICIPIO;04;1643.77;0.00
02;1321010169;2022;165;Outros Recursos Vinculados;6;PREFEITURA MUNICIPAL DE UBERLÂNDIA;Rem de Dep Banc - Outros Rec. Vinculados - PROCON;PROCURADORIA GERAL DO MUNICIPIO;04;2038.76;0.00
02;1321010169;2022;165;Outros Recursos Vinculados;7;PREFEITURA MUNICIPAL DE UBERLÂNDIA;Rem de Dep Banc - Outros Rec. Vinculados - PROCON;PROCURADORIA GERAL DO MUNICIPIO;04;2538.79;0.00
02;1321010169;2022;165;Outros Recursos Vinculados;8;PREFEITURA MUNICIPAL DE UBERLÂNDIA;Rem de Dep Banc - Outros Rec. Vinculados - PROCON;PROCURADORIA GERAL DO MUNICIPIO;04;2895.80;0.00
02;1321010169;2022;165;Outros Recursos Vinculados;9;PREFEITURA MUNICIPAL DE UBERLÂNDIA;Rem de Dep Banc - Outros Rec. Vinculados - PROCON;PROCURADORIA GERAL DO MUNICIPIO;04;2680.99;0.00
02;1321010169;2022;165;Outros Recursos Vinculados;10;PREFEITURA MUNICIPAL DE UBERLÂNDIA;Rem de Dep Banc - Outros Rec. Vinculados - PROCON;PROCURADORIA GERAL DO MUNICIPIO;04;2565.75;0.00
02;1321010169;2022;165;Outros Recursos Vinculados;11;PREFEITURA MUNICIPAL DE UBERLÂNDIA;Rem de Dep Banc - Outros Rec. Vinculados - PROCON;PROCURADORIA GERAL DO MUNICIPIO;04;2576.52;0.00
02;1321010169;2022;165;Outros Recursos Vinculados;12;PREFEITURA MUNICIPAL DE UBERLÂNDIA;Rem de Dep Banc - Outros Rec. Vinculados - PROCON;PROCURADORIA GERAL DO MUNICIPIO;04;2828.51;0.00
02;1321010170;2022;164;Emendas Parlamentares Individuais-Transferência Especial/ Transferência Especial da União;1;PREFEITURA MUNICIPAL DE UBERLÂNDIA;Rem de dep Banc - Emenda Parlam. União - Educação;SECRETARIA MUNICIPAL DE EDUCAÇÃO;07;333.01;0.00
02;1321010171;2022;181;Outras Transferências de Convênios ou Contratos de Repasse dos Estados;2;PREFEITURA MUNICIPAL DE UBERLÂNDIA;Rem de Dep Banc -Convenios Estado - PROCON;PROCURADORIA GERAL DO MUNICIPIO;04;1020.02;0.00
02;1321010171;2022;181;Outras Transferências de Convênios ou Contratos de Repasse dos Estados;3;PREFEITURA MUNICIPAL DE UBERLÂNDIA;Rem de Dep Banc -Convenios Estado - PROCON;PROCURADORIA GERAL DO MUNICIPIO;04;662.68;0.00
02;1321010171;2022;181;Outras Transferências de Convênios ou Contratos de Repasse dos Estados;4;PREFEITURA MUNICIPAL DE UBERLÂNDIA;Rem de Dep Banc -Convenios Estado - PROCON;PROCURADORIA GERAL DO MUNICIPIO;04;609.85;0.00
02;1321010171;2022;181;Outras Transferências de Convênios ou Contratos de Repasse dos Estados;5;PREFEITURA MUNICIPAL DE UBERLÂNDIA;Rem de Dep Banc -Convenios Estado - PROCON;PROCURADORIA GERAL DO MUNICIPIO;04;767.21;0.00
02;1321010171;2022;181;Outras Transferências de Convênios ou Contratos de Repasse dos Estados;6;PREFEITURA MUNICIPAL DE UBERLÂNDIA;Rem de Dep Banc -Convenios Estado - PROCON;PROCURADORIA GERAL DO MUNICIPIO;04;765.10;0.00
02;1321010171;2022;181;Outras Transferências de Convênios ou Contratos de Repasse dos Estados;7;PREFEITURA MUNICIPAL DE UBERLÂNDIA;Rem de Dep Banc -Convenios Estado - PROCON;PROCURADORIA GERAL DO MUNICIPIO;04;797.18;0.00
02;1321010171;2022;181;Outras Transferências de Convênios ou Contratos de Repasse dos Estados;8;PREFEITURA MUNICIPAL DE UBERLÂNDIA;Rem de Dep Banc -Convenios Estado - PROCON;PROCURADORIA GERAL DO MUNICIPIO;04;909.26;0.00
02;1321010171;2022;181;Outras Transferências de Convênios ou Contratos de Repasse dos Estados;9;PREFEITURA MUNICIPAL DE UBERLÂNDIA;Rem de Dep Banc -Convenios Estado - PROCON;PROCURADORIA GERAL DO MUNICIPIO;04;159.82;0.00
04;1321010172;2022;124;Outras Transferências de Convênios/ Outras Transferências de Convênios ou Repasses da União/ Transferências de Convênios Não Relacionados à Educação, à Saúde nem à Assistência Social;2;Fundação Uberlandense Turismo Esporte Lazer;Rem de Dep Banc -Convenios União - Futel;FUNDAÇÃO UBERLANDENSE DE TURISMO, ESPORTE E LAZER-;19;21.96;0.00
04;1321010172;2022;124;Outras Transferências de Convênios/ Outras Transferências de Convênios ou Repasses da União/ Transferências de Convênios Não Relacionados à Educação, à Saúde nem à Assistência Social;3;Fundação Uberlandense Turismo Esporte Lazer;Rem de Dep Banc -Convenios União - Futel;FUNDAÇÃO UBERLANDENSE DE TURISMO, ESPORTE E LAZER-;19;46.30;0.00
04;1321010172;2022;124;Outras Transferências de Convênios/ Outras Transferências de Convênios ou Repasses da União/ Transferências de Convênios Não Relacionados à Educação, à Saúde nem à Assistência Social;4;Fundação Uberlandense Turismo Esporte Lazer;Rem de Dep Banc -Convenios União - Futel;FUNDAÇÃO UBERLANDENSE DE TURISMO, ESPORTE E LAZER-;19;42.61;0.00
04;1321010172;2022;124;Outras Transferências de Convênios/ Outras Transferências de Convênios ou Repasses da União/ Transferências de Convênios Não Relacionados à Educação, à Saúde nem à Assistência Social;5;Fundação Uberlandense Turismo Esporte Lazer;Rem de Dep Banc -Convenios União - Futel;FUNDAÇÃO UBERLANDENSE DE TURISMO, ESPORTE E LAZER-;19;53.60;0.00
04;1321010172;2022;124;Outras Transferências de Convênios/ Outras Transferências de Convênios ou Repasses da União/ Transferências de Convênios Não Relacionados à Educação, à Saúde nem à Assistência Social;6;Fundação Uberlandense Turismo Esporte Lazer;Rem de Dep Banc -Convenios União - Futel;FUNDAÇÃO UBERLANDENSE DE TURISMO, ESPORTE E LAZER-;19;53.46;0.00
04;1321010172;2022;124;Outras Transferências de Convênios/ Outras Transferências de Convênios ou Repasses da União/ Transferências de Convênios Não Relacionados à Educação, à Saúde nem à Assistência Social;7;Fundação Uberlandense Turismo Esporte Lazer;Rem de Dep Banc -Convenios União - Futel;FUNDAÇÃO UBERLANDENSE DE TURISMO, ESPORTE E LAZER-;19;1178.27;0.00
04;1321010172;2022;124;Outras Transferências de Convênios/ Outras Transferências de Convênios ou Repasses da União/ Transferências de Convênios Não Relacionados à Educação, à Saúde nem à Assistência Social;8;Fundação Uberlandense Turismo Esporte Lazer;Rem de Dep Banc -Convenios União - Futel;FUNDAÇÃO UBERLANDENSE DE TURISMO, ESPORTE E LAZER-;19;174.08;0.00
04;1321010172;2022;124;Outras Transferências de Convênios/ Outras Transferências de Convênios ou Repasses da União/ Transferências de Convênios Não Relacionados à Educação, à Saúde nem à Assistência Social;9;Fundação Uberlandense Turismo Esporte Lazer;Rem de Dep Banc -Convenios União - Futel;FUNDAÇÃO UBERLANDENSE DE TURISMO, ESPORTE E LAZER-;19;127.22;0.00
04;1321010172;2022;124;Outras Transferências de Convênios/ Outras Transferências de Convênios ou Repasses da União/ Transferências de Convênios Não Relacionados à Educação, à Saúde nem à Assistência Social;10;Fundação Uberlandense Turismo Esporte Lazer;Rem de Dep Banc -Convenios União - Futel;FUNDAÇÃO UBERLANDENSE DE TURISMO, ESPORTE E LAZER-;19;121.77;0.00
04;1321010172;2022;124;Outras Transferências de Convênios/ Outras Transferências de Convênios ou Repasses da União/ Transferências de Convênios Não Relacionados à Educação, à Saúde nem à Assistência Social;11;Fundação Uberlandense Turismo Esporte Lazer;Rem de Dep Banc -Convenios União - Futel;FUNDAÇÃO UBERLANDENSE DE TURISMO, ESPORTE E LAZER-;19;122.27;0.00
04;1321010172;2022;124;Outras Transferências de Convênios/ Outras Transferências de Convênios ou Repasses da União/ Transferências de Convênios Não Relacionados à Educação, à Saúde nem à Assistência Social;12;Fundação Uberlandense Turismo Esporte Lazer;Rem de Dep Banc -Convenios União - Futel;FUNDAÇÃO UBERLANDENSE DE TURISMO, ESPORTE E LAZER-;19;134.20;0.00
02;1321010173;2022;169;Transferência Especial dos Estados;2;PREFEITURA MUNICIPAL DE UBERLÂNDIA;Rem Depos Banc - Emenda Parlam. Estado - Saúde;SECRETARIA MUNICIPAL DE SAÚDE;09;14274.99;0.00
02;1321010173;2022;169;Transferência Especial dos Estados;3;PREFEITURA MUNICIPAL DE UBERLÂNDIA;Rem Depos Banc - Emenda Parlam. Estado - Saúde;SECRETARIA MUNICIPAL DE SAÚDE;09;9071.66;0.00
02;1321010173;2022;169;Transferência Especial dos Estados;4;PREFEITURA MUNICIPAL DE UBERLÂNDIA;Rem Depos Banc - Emenda Parlam. Estado - Saúde;SECRETARIA MUNICIPAL DE SAÚDE;09;8013.31;0.00
02;1321010173;2022;169;Transferência Especial dos Estados;5;PREFEITURA MUNICIPAL DE UBERLÂNDIA;Rem Depos Banc - Emenda Parlam. Estado - Saúde;SECRETARIA MUNICIPAL DE SAÚDE;09;10497.81;0.00
02;1321010173;2022;169;Transferência Especial dos Estados;6;PREFEITURA MUNICIPAL DE UBERLÂNDIA;Rem Depos Banc - Emenda Parlam. Estado - Saúde;SECRETARIA MUNICIPAL DE SAÚDE;09;10379.62;0.00
02;1321010173;2022;169;Transferência Especial dos Estados;7;PREFEITURA MUNICIPAL DE UBERLÂNDIA;Rem Depos Banc - Emenda Parlam. Estado - Saúde;SECRETARIA MUNICIPAL DE SAÚDE;09;10679.05;0.00
02;1321010173;2022;169;Transferência Especial dos Estados;8;PREFEITURA MUNICIPAL DE UBERLÂNDIA;Rem Depos Banc - Emenda Parlam. Estado - Saúde;SECRETARIA MUNICIPAL DE SAÚDE;09;12228.73;0.00
02;1321010173;2022;169;Transferência Especial dos Estados;9;PREFEITURA MUNICIPAL DE UBERLÂNDIA;Rem Depos Banc - Emenda Parlam. Estado - Saúde;SECRETARIA MUNICIPAL DE SAÚDE;09;10626.59;0.00
02;1321010173;2022;169;Transferência Especial dos Estados;10;PREFEITURA MUNICIPAL DE UBERLÂNDIA;Rem Depos Banc - Emenda Parlam. Estado - Saúde;SECRETARIA MUNICIPAL DE SAÚDE;09;3281.69;0.00
02;1321010173;2022;169;Transferência Especial dos Estados;11;PREFEITURA MUNICIPAL DE UBERLÂNDIA;Rem Depos Banc - Emenda Parlam. Estado - Saúde;SECRETARIA MUNICIPAL DE SAÚDE;09;2821.78;0.00
02;1321010173;2022;169;Transferência Especial dos Estados;12;PREFEITURA MUNICIPAL DE UBERLÂNDIA;Rem Depos Banc - Emenda Parlam. Estado - Saúde;SECRETARIA MUNICIPAL DE SAÚDE;09;2563.34;0.00
02;1321010174;2022;169;Transferência Especial dos Estados;2;PREFEITURA MUNICIPAL DE UBERLÂNDIA;Rem Dep. Banc- Emen Parlam. Estado - Meio Ambiente;SECRETARIA MUNICIPAL DE MEIO AMBIENTE;03;2726.44;0.00
02;1321010174;2022;169;Transferência Especial dos Estados;3;PREFEITURA MUNICIPAL DE UBERLÂNDIA;Rem Dep. Banc- Emen Parlam. Estado - Meio Ambiente;SECRETARIA MUNICIPAL DE MEIO AMBIENTE;03;1722.75;0.00
02;1321010174;2022;169;Transferência Especial dos Estados;4;PREFEITURA MUNICIPAL DE UBERLÂNDIA;Rem Dep. Banc- Emen Parlam. Estado - Meio Ambiente;SECRETARIA MUNICIPAL DE MEIO AMBIENTE;03;1518.35;0.00
02;1321010174;2022;169;Transferência Especial dos Estados;5;PREFEITURA MUNICIPAL DE UBERLÂNDIA;Rem Dep. Banc- Emen Parlam. Estado - Meio Ambiente;SECRETARIA MUNICIPAL DE MEIO AMBIENTE;03;2001.03;0.00
02;1321010174;2022;169;Transferência Especial dos Estados;6;PREFEITURA MUNICIPAL DE UBERLÂNDIA;Rem Dep. Banc- Emen Parlam. Estado - Meio Ambiente;SECRETARIA MUNICIPAL DE MEIO AMBIENTE;03;1979.19;0.00
02;1321010174;2022;169;Transferência Especial dos Estados;7;PREFEITURA MUNICIPAL DE UBERLÂNDIA;Rem Dep. Banc- Emen Parlam. Estado - Meio Ambiente;SECRETARIA MUNICIPAL DE MEIO AMBIENTE;03;2037.17;0.00
02;1321010174;2022;169;Transferência Especial dos Estados;8;PREFEITURA MUNICIPAL DE UBERLÂNDIA;Rem Dep. Banc- Emen Parlam. Estado - Meio Ambiente;SECRETARIA MUNICIPAL DE MEIO AMBIENTE;03;2335.56;0.00
02;1321010174;2022;169;Transferência Especial dos Estados;9;PREFEITURA MUNICIPAL DE UBERLÂNDIA;Rem Dep. Banc- Emen Parlam. Estado - Meio Ambiente;SECRETARIA MUNICIPAL DE MEIO AMBIENTE;03;1682.22;0.00
02;1321010175;2022;160;Transferência da União da Parcela dos Bônus de Assinatura de Contrato de Partilha de Produção/ Transferência da União da parcela dos Bônus de Assinatura de Contrato de Partilha de Produção;5;PREFEITURA MUNICIPAL DE UBERLÂNDIA;Rem Dep Banc - Transf Bônus Assinatura Petróleo;SECRETARIA MUNICIPAL DE FINANÇAS;06;17855.58;0.00
02;1321010175;2022;160;Transferência da União da Parcela dos Bônus de Assinatura de Contrato de Partilha de Produção/ Transferência da União da parcela dos Bônus de Assinatura de Contrato de Partilha de Produção;6;PREFEITURA MUNICIPAL DE UBERLÂNDIA;Rem Dep Banc - Transf Bônus Assinatura Petróleo;SECRETARIA MUNICIPAL DE FINANÇAS;06;73928.94;0.00
02;1321010175;2022;160;Transferência da União da Parcela dos Bônus de Assinatura de Contrato de Partilha de Produção/ Transferência da União da parcela dos Bônus de Assinatura de Contrato de Partilha de Produção;7;PREFEITURA MUNICIPAL DE UBERLÂNDIA;Rem Dep Banc - Transf Bônus Assinatura Petróleo;SECRETARIA MUNICIPAL DE FINANÇAS;06;76035.62;0.00
02;1321010175;2022;160;Transferência da União da Parcela dos Bônus de Assinatura de Contrato de Partilha de Produção/ Transferência da União da parcela dos Bônus de Assinatura de Contrato de Partilha de Produção;8;PREFEITURA MUNICIPAL DE UBERLÂNDIA;Rem Dep Banc - Transf Bônus Assinatura Petróleo;SECRETARIA MUNICIPAL DE FINANÇAS;06;86439.66;0.00
02;1321010175;2022;160;Transferência da União da Parcela dos Bônus de Assinatura de Contrato de Partilha de Produção/ Transferência da União da parcela dos Bônus de Assinatura de Contrato de Partilha de Produção;9;PREFEITURA MUNICIPAL DE UBERLÂNDIA;Rem Dep Banc - Transf Bônus Assinatura Petróleo;SECRETARIA MUNICIPAL DE FINANÇAS;06;20765.27;0.00
02;1321010175;2022;160;Transferência da União da Parcela dos Bônus de Assinatura de Contrato de Partilha de Produção/ Transferência da União da parcela dos Bônus de Assinatura de Contrato de Partilha de Produção;10;PREFEITURA MUNICIPAL DE UBERLÂNDIA;Rem Dep Banc - Transf Bônus Assinatura Petróleo;SECRETARIA MUNICIPAL DE FINANÇAS;06;2394.72;0.00
02;1321010175;2022;160;Transferência da União da Parcela dos Bônus de Assinatura de Contrato de Partilha de Produção/ Transferência da União da parcela dos Bônus de Assinatura de Contrato de Partilha de Produção;11;PREFEITURA MUNICIPAL DE UBERLÂNDIA;Rem Dep Banc - Transf Bônus Assinatura Petróleo;SECRETARIA MUNICIPAL DE FINANÇAS;06;2381.19;0.00
02;1321010175;2022;160;Transferência da União da Parcela dos Bônus de Assinatura de Contrato de Partilha de Produção/ Transferência da União da parcela dos Bônus de Assinatura de Contrato de Partilha de Produção;12;PREFEITURA MUNICIPAL DE UBERLÂNDIA;Rem Dep Banc - Transf Bônus Assinatura Petróleo;SECRETARIA MUNICIPAL DE FINANÇAS;06;2655.50;0.00
02;1321010176;2022;169;Transferência Especial dos Estados;8;PREFEITURA MUNICIPAL DE UBERLÂNDIA;Rem Depos Banc - Emen Par. Est -Cultura e Meio Amb;SECRETARIA MUNICIPAL DE CULTURA;08;6128.80;0.00
02;1321010176;2022;169;Transferência Especial dos Estados;10;PREFEITURA MUNICIPAL DE UBERLÂNDIA;Rem Depos Banc - Emen Par. Est -Cultura e Meio Amb;SECRETARIA MUNICIPAL DE CULTURA;08;22495.25;0.00
02;1321010176;2022;169;Transferência Especial dos Estados;11;PREFEITURA MUNICIPAL DE UBERLÂNDIA;Rem Depos Banc - Emen Par. Est -Cultura e Meio Amb;SECRETARIA MUNICIPAL DE CULTURA;08;5527.08;0.00
02;1321010176;2022;169;Transferência Especial dos Estados;12;PREFEITURA MUNICIPAL DE UBERLÂNDIA;Rem Depos Banc - Emen Par. Est -Cultura e Meio Amb;SECRETARIA MUNICIPAL DE CULTURA;08;6127.40;0.00
10;1321010177;2022;170;Outros Recursos Não Vinculados;7;Ag. Reg. dos Serv. Saneamento Básico de Uberlândia;Rem Depos Banc - ARESAN - DMAE;;38;10018.87;0.00
10;1321010177;2022;170;Outros Recursos Não Vinculados;8;Ag. Reg. dos Serv. Saneamento Básico de Uberlândia;Rem Depos Banc - ARESAN - DMAE;;38;6939.94;0.00
10;1321010177;2022;170;Outros Recursos Não Vinculados;9;Ag. Reg. dos Serv. Saneamento Básico de Uberlândia;Rem Depos Banc - ARESAN - DMAE;;38;6929.12;0.00
10;1321010177;2022;170;Outros Recursos Não Vinculados;10;Ag. Reg. dos Serv. Saneamento Básico de Uberlândia;Rem Depos Banc - ARESAN - DMAE;;38;7486.29;0.00
10;1321010177;2022;170;Outros Recursos Não Vinculados;11;Ag. Reg. dos Serv. Saneamento Básico de Uberlândia;Rem Depos Banc - ARESAN - DMAE;;38;8148.24;0.00
10;1321010177;2022;170;Outros Recursos Não Vinculados;12;Ag. Reg. dos Serv. Saneamento Básico de Uberlândia;Rem Depos Banc - ARESAN - DMAE;;38;9623.72;0.00
02;1321010179;2022;135;Assistência Financeira Transporte Coletivo Art. 5º, Inciso IV, EC nº 123/2022;10;PREFEITURA MUNICIPAL DE UBERLÂNDIA;Rem Dep Banc - Mobilidade Urbana  EC 123/22;SECRETARIA MUNICIPAL DE FINANÇAS;06;33186.67;0.00
02;1321010179;2022;135;Assistência Financeira Transporte Coletivo Art. 5º, Inciso IV, EC nº 123/2022;11;PREFEITURA MUNICIPAL DE UBERLÂNDIA;Rem Dep Banc - Mobilidade Urbana  EC 123/22;SECRETARIA MUNICIPAL DE FINANÇAS;06;66936.74;0.00
02;1321010179;2022;135;Assistência Financeira Transporte Coletivo Art. 5º, Inciso IV, EC nº 123/2022;12;PREFEITURA MUNICIPAL DE UBERLÂNDIA;Rem Dep Banc - Mobilidade Urbana  EC 123/22;SECRETARIA MUNICIPAL DE FINANÇAS;06;50920.78;0.00
05;1321040101;2022;103;Contribuição para o Regime Próprio de Previdência Social (RPPS): Patronal, dos Servidores, Compensação Financeira/ Recursos Vinculados ao RPPS - Fundo em Capitalização (Plano Previdenciário);1;Instituto Prev. Serv. Pub. Mun. Uberlândia;Rem Rec do  RPPS - Tit de Respons Governo Federal;INST. DE PREV. DOS SERVID. PÚB. DO MUN. DE UBERLÂN;18;174827.73;1083333.33
05;1321040101;2022;103;Contribuição para o Regime Próprio de Previdência Social (RPPS): Patronal, dos Servidores, Compensação Financeira/ Recursos Vinculados ao RPPS - Fundo em Capitalização (Plano Previdenciário);2;Instituto Prev. Serv. Pub. Mun. Uberlândia;Rem Rec do  RPPS - Tit de Respons Governo Federal;INST. DE PREV. DOS SERVID. PÚB. DO MUN. DE UBERLÂN;18;75488.67;1083333.33
05;1321040101;2022;105;Taxa de Administração do RPPS;2;Instituto Prev. Serv. Pub. Mun. Uberlândia;Rem Rec do  RPPS - Tit de Respons Governo Federal;INST. DE PREV. DOS SERVID. PÚB. DO MUN. DE UBERLÂN;18;4379.04;0.00
05;1321040101;2022;103;Contribuição para o Regime Próprio de Previdência Social (RPPS): Patronal, dos Servidores, Compensação Financeira/ Recursos Vinculados ao RPPS - Fundo em Capitalização (Plano Previdenciário);3;Instituto Prev. Serv. Pub. Mun. Uberlândia;Rem Rec do  RPPS - Tit de Respons Governo Federal;INST. DE PREV. DOS SERVID. PÚB. DO MUN. DE UBERLÂN;18;169931.60;1083333.33
05;1321040101;2022;103;Contribuição para o Regime Próprio de Previdência Social (RPPS): Patronal, dos Servidores, Compensação Financeira/ Recursos Vinculados ao RPPS - Fundo em Capitalização (Plano Previdenciário);4;Instituto Prev. Serv. Pub. Mun. Uberlândia;Rem Rec do  RPPS - Tit de Respons Governo Federal;INST. DE PREV. DOS SERVID. PÚB. DO MUN. DE UBERLÂN;18;3813641.74;1083333.33
05;1321040101;2022;103;Contribuição para o Regime Próprio de Previdência Social (RPPS): Patronal, dos Servidores, Compensação Financeira/ Recursos Vinculados ao RPPS - Fundo em Capitalização (Plano Previdenciário);5;Instituto Prev. Serv. Pub. Mun. Uberlândia;Rem Rec do  RPPS - Tit de Respons Governo Federal;INST. DE PREV. DOS SERVID. PÚB. DO MUN. DE UBERLÂN;18;422752.03;1083333.33
05;1321040101;2022;103;Contribuição para o Regime Próprio de Previdência Social (RPPS): Patronal, dos Servidores, Compensação Financeira/ Recursos Vinculados ao RPPS - Fundo em Capitalização (Plano Previdenciário);6;Instituto Prev. Serv. Pub. Mun. Uberlândia;Rem Rec do  RPPS - Tit de Respons Governo Federal;INST. DE PREV. DOS SERVID. PÚB. DO MUN. DE UBERLÂN;18;209258.85;1083333.33
05;1321040101;2022;103;Contribuição para o Regime Próprio de Previdência Social (RPPS): Patronal, dos Servidores, Compensação Financeira/ Recursos Vinculados ao RPPS - Fundo em Capitalização (Plano Previdenciário);7;Instituto Prev. Serv. Pub. Mun. Uberlândia;Rem Rec do  RPPS - Tit de Respons Governo Federal;INST. DE PREV. DOS SERVID. PÚB. DO MUN. DE UBERLÂN;18;140489.40;1083333.33
05;1321040101;2022;103;Contribuição para o Regime Próprio de Previdência Social (RPPS): Patronal, dos Servidores, Compensação Financeira/ Recursos Vinculados ao RPPS - Fundo em Capitalização (Plano Previdenciário);8;Instituto Prev. Serv. Pub. Mun. Uberlândia;Rem Rec do  RPPS - Tit de Respons Governo Federal;INST. DE PREV. DOS SERVID. PÚB. DO MUN. DE UBERLÂN;18;6371543.22;1083333.33
05;1321040101;2022;103;Contribuição para o Regime Próprio de Previdência Social (RPPS): Patronal, dos Servidores, Compensação Financeira/ Recursos Vinculados ao RPPS - Fundo em Capitalização (Plano Previdenciário);9;Instituto Prev. Serv. Pub. Mun. Uberlândia;Rem Rec do  RPPS - Tit de Respons Governo Federal;INST. DE PREV. DOS SERVID. PÚB. DO MUN. DE UBERLÂN;18;105365.80;1083333.33
05;1321040101;2022;103;Contribuição para o Regime Próprio de Previdência Social (RPPS): Patronal, dos Servidores, Compensação Financeira/ Recursos Vinculados ao RPPS - Fundo em Capitalização (Plano Previdenciário);10;Instituto Prev. Serv. Pub. Mun. Uberlândia;Rem Rec do  RPPS - Tit de Respons Governo Federal;INST. DE PREV. DOS SERVID. PÚB. DO MUN. DE UBERLÂN;18;121642.26;1083333.33
05;1321040101;2022;103;Contribuição para o Regime Próprio de Previdência Social (RPPS): Patronal, dos Servidores, Compensação Financeira/ Recursos Vinculados ao RPPS - Fundo em Capitalização (Plano Previdenciário);11;Instituto Prev. Serv. Pub. Mun. Uberlândia;Rem Rec do  RPPS - Tit de Respons Governo Federal;INST. DE PREV. DOS SERVID. PÚB. DO MUN. DE UBERLÂN;18;128874.24;1083333.33
05;1321040101;2022;103;Contribuição para o Regime Próprio de Previdência Social (RPPS): Patronal, dos Servidores, Compensação Financeira/ Recursos Vinculados ao RPPS - Fundo em Capitalização (Plano Previdenciário);12;Instituto Prev. Serv. Pub. Mun. Uberlândia;Rem Rec do  RPPS - Tit de Respons Governo Federal;INST. DE PREV. DOS SERVID. PÚB. DO MUN. DE UBERLÂN;18;1026477.65;1083333.37
05;1321040102;2022;103;Contribuição para o Regime Próprio de Previdência Social (RPPS): Patronal, dos Servidores, Compensação Financeira/ Recursos Vinculados ao RPPS - Fundo em Capitalização (Plano Previdenciário);1;Instituto Prev. Serv. Pub. Mun. Uberlândia;Rem Rec do  RPPS - Investimentos em Renda Variável;INST. DE PREV. DOS SERVID. PÚB. DO MUN. DE UBERLÂN;18;0.00;916666.67
05;1321040102;2022;103;Contribuição para o Regime Próprio de Previdência Social (RPPS): Patronal, dos Servidores, Compensação Financeira/ Recursos Vinculados ao RPPS - Fundo em Capitalização (Plano Previdenciário);2;Instituto Prev. Serv. Pub. Mun. Uberlândia;Rem Rec do  RPPS - Investimentos em Renda Variável;INST. DE PREV. DOS SERVID. PÚB. DO MUN. DE UBERLÂN;18;0.00;916666.67
05;1321040102;2022;103;Contribuição para o Regime Próprio de Previdência Social (RPPS): Patronal, dos Servidores, Compensação Financeira/ Recursos Vinculados ao RPPS - Fundo em Capitalização (Plano Previdenciário);3;Instituto Prev. Serv. Pub. Mun. Uberlândia;Rem Rec do  RPPS - Investimentos em Renda Variável;INST. DE PREV. DOS SERVID. PÚB. DO MUN. DE UBERLÂN;18;0.00;916666.67
05;1321040102;2022;103;Contribuição para o Regime Próprio de Previdência Social (RPPS): Patronal, dos Servidores, Compensação Financeira/ Recursos Vinculados ao RPPS - Fundo em Capitalização (Plano Previdenciário);4;Instituto Prev. Serv. Pub. Mun. Uberlândia;Rem Rec do  RPPS - Investimentos em Renda Variável;INST. DE PREV. DOS SERVID. PÚB. DO MUN. DE UBERLÂN;18;0.00;916666.67
05;1321040102;2022;103;Contribuição para o Regime Próprio de Previdência Social (RPPS): Patronal, dos Servidores, Compensação Financeira/ Recursos Vinculados ao RPPS - Fundo em Capitalização (Plano Previdenciário);5;Instituto Prev. Serv. Pub. Mun. Uberlândia;Rem Rec do  RPPS - Investimentos em Renda Variável;INST. DE PREV. DOS SERVID. PÚB. DO MUN. DE UBERLÂN;18;0.00;916666.67
05;1321040102;2022;103;Contribuição para o Regime Próprio de Previdência Social (RPPS): Patronal, dos Servidores, Compensação Financeira/ Recursos Vinculados ao RPPS - Fundo em Capitalização (Plano Previdenciário);6;Instituto Prev. Serv. Pub. Mun. Uberlândia;Rem Rec do  RPPS - Investimentos em Renda Variável;INST. DE PREV. DOS SERVID. PÚB. DO MUN. DE UBERLÂN;18;0.00;916666.67
05;1321040102;2022;103;Contribuição para o Regime Próprio de Previdência Social (RPPS): Patronal, dos Servidores, Compensação Financeira/ Recursos Vinculados ao RPPS - Fundo em Capitalização (Plano Previdenciário);7;Instituto Prev. Serv. Pub. Mun. Uberlândia;Rem Rec do  RPPS - Investimentos em Renda Variável;INST. DE PREV. DOS SERVID. PÚB. DO MUN. DE UBERLÂN;18;0.00;916666.67
05;1321040102;2022;103;Contribuição para o Regime Próprio de Previdência Social (RPPS): Patronal, dos Servidores, Compensação Financeira/ Recursos Vinculados ao RPPS - Fundo em Capitalização (Plano Previdenciário);8;Instituto Prev. Serv. Pub. Mun. Uberlândia;Rem Rec do  RPPS - Investimentos em Renda Variável;INST. DE PREV. DOS SERVID. PÚB. DO MUN. DE UBERLÂN;18;7000000.00;916666.67
05;1321040102;2022;103;Contribuição para o Regime Próprio de Previdência Social (RPPS): Patronal, dos Servidores, Compensação Financeira/ Recursos Vinculados ao RPPS - Fundo em Capitalização (Plano Previdenciário);9;Instituto Prev. Serv. Pub. Mun. Uberlândia;Rem Rec do  RPPS - Investimentos em Renda Variável;INST. DE PREV. DOS SERVID. PÚB. DO MUN. DE UBERLÂN;18;0.00;916666.67
05;1321040102;2022;103;Contribuição para o Regime Próprio de Previdência Social (RPPS): Patronal, dos Servidores, Compensação Financeira/ Recursos Vinculados ao RPPS - Fundo em Capitalização (Plano Previdenciário);10;Instituto Prev. Serv. Pub. Mun. Uberlândia;Rem Rec do  RPPS - Investimentos em Renda Variável;INST. DE PREV. DOS SERVID. PÚB. DO MUN. DE UBERLÂN;18;0.00;916666.67
05;1321040102;2022;103;Contribuição para o Regime Próprio de Previdência Social (RPPS): Patronal, dos Servidores, Compensação Financeira/ Recursos Vinculados ao RPPS - Fundo em Capitalização (Plano Previdenciário);11;Instituto Prev. Serv. Pub. Mun. Uberlândia;Rem Rec do  RPPS - Investimentos em Renda Variável;INST. DE PREV. DOS SERVID. PÚB. DO MUN. DE UBERLÂN;18;0.00;916666.67
05;1321040102;2022;103;Contribuição para o Regime Próprio de Previdência Social (RPPS): Patronal, dos Servidores, Compensação Financeira/ Recursos Vinculados ao RPPS - Fundo em Capitalização (Plano Previdenciário);12;Instituto Prev. Serv. Pub. Mun. Uberlândia;Rem Rec do  RPPS - Investimentos em Renda Variável;INST. DE PREV. DOS SERVID. PÚB. DO MUN. DE UBERLÂN;18;0.00;916666.63
05;1321040103;2022;103;Contribuição para o Regime Próprio de Previdência Social (RPPS): Patronal, dos Servidores, Compensação Financeira/ Recursos Vinculados ao RPPS - Fundo em Capitalização (Plano Previdenciário);1;Instituto Prev. Serv. Pub. Mun. Uberlândia;Rem Rec do  RPPS - Invest em Fundos Imobiliários;INST. DE PREV. DOS SERVID. PÚB. DO MUN. DE UBERLÂN;18;0.00;133333.33
05;1321040103;2022;103;Contribuição para o Regime Próprio de Previdência Social (RPPS): Patronal, dos Servidores, Compensação Financeira/ Recursos Vinculados ao RPPS - Fundo em Capitalização (Plano Previdenciário);2;Instituto Prev. Serv. Pub. Mun. Uberlândia;Rem Rec do  RPPS - Invest em Fundos Imobiliários;INST. DE PREV. DOS SERVID. PÚB. DO MUN. DE UBERLÂN;18;0.00;133333.33
05;1321040103;2022;103;Contribuição para o Regime Próprio de Previdência Social (RPPS): Patronal, dos Servidores, Compensação Financeira/ Recursos Vinculados ao RPPS - Fundo em Capitalização (Plano Previdenciário);3;Instituto Prev. Serv. Pub. Mun. Uberlândia;Rem Rec do  RPPS - Invest em Fundos Imobiliários;INST. DE PREV. DOS SERVID. PÚB. DO MUN. DE UBERLÂN;18;0.00;133333.33
05;1321040103;2022;103;Contribuição para o Regime Próprio de Previdência Social (RPPS): Patronal, dos Servidores, Compensação Financeira/ Recursos Vinculados ao RPPS - Fundo em Capitalização (Plano Previdenciário);4;Instituto Prev. Serv. Pub. Mun. Uberlândia;Rem Rec do  RPPS - Invest em Fundos Imobiliários;INST. DE PREV. DOS SERVID. PÚB. DO MUN. DE UBERLÂN;18;0.00;133333.33
05;1321040103;2022;103;Contribuição para o Regime Próprio de Previdência Social (RPPS): Patronal, dos Servidores, Compensação Financeira/ Recursos Vinculados ao RPPS - Fundo em Capitalização (Plano Previdenciário);5;Instituto Prev. Serv. Pub. Mun. Uberlândia;Rem Rec do  RPPS - Invest em Fundos Imobiliários;INST. DE PREV. DOS SERVID. PÚB. DO MUN. DE UBERLÂN;18;0.00;133333.33
05;1321040103;2022;103;Contribuição para o Regime Próprio de Previdência Social (RPPS): Patronal, dos Servidores, Compensação Financeira/ Recursos Vinculados ao RPPS - Fundo em Capitalização (Plano Previdenciário);6;Instituto Prev. Serv. Pub. Mun. Uberlândia;Rem Rec do  RPPS - Invest em Fundos Imobiliários;INST. DE PREV. DOS SERVID. PÚB. DO MUN. DE UBERLÂN;18;0.00;133333.33
05;1321040103;2022;103;Contribuição para o Regime Próprio de Previdência Social (RPPS): Patronal, dos Servidores, Compensação Financeira/ Recursos Vinculados ao RPPS - Fundo em Capitalização (Plano Previdenciário);7;Instituto Prev. Serv. Pub. Mun. Uberlândia;Rem Rec do  RPPS - Invest em Fundos Imobiliários;INST. DE PREV. DOS SERVID. PÚB. DO MUN. DE UBERLÂN;18;0.00;133333.33
05;1321040103;2022;103;Contribuição para o Regime Próprio de Previdência Social (RPPS): Patronal, dos Servidores, Compensação Financeira/ Recursos Vinculados ao RPPS - Fundo em Capitalização (Plano Previdenciário);8;Instituto Prev. Serv. Pub. Mun. Uberlândia;Rem Rec do  RPPS - Invest em Fundos Imobiliários;INST. DE PREV. DOS SERVID. PÚB. DO MUN. DE UBERLÂN;18;0.00;133333.33
05;1321040103;2022;103;Contribuição para o Regime Próprio de Previdência Social (RPPS): Patronal, dos Servidores, Compensação Financeira/ Recursos Vinculados ao RPPS - Fundo em Capitalização (Plano Previdenciário);9;Instituto Prev. Serv. Pub. Mun. Uberlândia;Rem Rec do  RPPS - Invest em Fundos Imobiliários;INST. DE PREV. DOS SERVID. PÚB. DO MUN. DE UBERLÂN;18;0.00;133333.33
05;1321040103;2022;103;Contribuição para o Regime Próprio de Previdência Social (RPPS): Patronal, dos Servidores, Compensação Financeira/ Recursos Vinculados ao RPPS - Fundo em Capitalização (Plano Previdenciário);10;Instituto Prev. Serv. Pub. Mun. Uberlândia;Rem Rec do  RPPS - Invest em Fundos Imobiliários;INST. DE PREV. DOS SERVID. PÚB. DO MUN. DE UBERLÂN;18;0.00;133333.33
05;1321040103;2022;103;Contribuição para o Regime Próprio de Previdência Social (RPPS): Patronal, dos Servidores, Compensação Financeira/ Recursos Vinculados ao RPPS - Fundo em Capitalização (Plano Previdenciário);11;Instituto Prev. Serv. Pub. Mun. Uberlândia;Rem Rec do  RPPS - Invest em Fundos Imobiliários;INST. DE PREV. DOS SERVID. PÚB. DO MUN. DE UBERLÂN;18;0.00;133333.33
05;1321040103;2022;103;Contribuição para o Regime Próprio de Previdência Social (RPPS): Patronal, dos Servidores, Compensação Financeira/ Recursos Vinculados ao RPPS - Fundo em Capitalização (Plano Previdenciário);12;Instituto Prev. Serv. Pub. Mun. Uberlândia;Rem Rec do  RPPS - Invest em Fundos Imobiliários;INST. DE PREV. DOS SERVID. PÚB. DO MUN. DE UBERLÂN;18;0.00;133333.37
02;1322010101;2022;170;Outros Recursos Não Vinculados;1;PREFEITURA MUNICIPAL DE UBERLÂNDIA;Dividendos Ações Telefonia;SECRETARIA MUNICIPAL DE FINANÇAS;06;0.00;0.00
02;1322010101;2022;170;Outros Recursos Não Vinculados;2;PREFEITURA MUNICIPAL DE UBERLÂNDIA;Dividendos Ações Telefonia;SECRETARIA MUNICIPAL DE FINANÇAS;06;0.00;0.00
02;1322010101;2022;170;Outros Recursos Não Vinculados;3;PREFEITURA MUNICIPAL DE UBERLÂNDIA;Dividendos Ações Telefonia;SECRETARIA MUNICIPAL DE FINANÇAS;06;0.00;0.00
02;1322010101;2022;170;Outros Recursos Não Vinculados;4;PREFEITURA MUNICIPAL DE UBERLÂNDIA;Dividendos Ações Telefonia;SECRETARIA MUNICIPAL DE FINANÇAS;06;0.00;0.00
02;1322010101;2022;170;Outros Recursos Não Vinculados;5;PREFEITURA MUNICIPAL DE UBERLÂNDIA;Dividendos Ações Telefonia;SECRETARIA MUNICIPAL DE FINANÇAS;06;0.00;6366.83
02;1322010101;2022;170;Outros Recursos Não Vinculados;6;PREFEITURA MUNICIPAL DE UBERLÂNDIA;Dividendos Ações Telefonia;SECRETARIA MUNICIPAL DE FINANÇAS;06;25087.17;0.00
02;1322010101;2022;170;Outros Recursos Não Vinculados;7;PREFEITURA MUNICIPAL DE UBERLÂNDIA;Dividendos Ações Telefonia;SECRETARIA MUNICIPAL DE FINANÇAS;06;0.00;9523.55
02;1322010101;2022;170;Outros Recursos Não Vinculados;8;PREFEITURA MUNICIPAL DE UBERLÂNDIA;Dividendos Ações Telefonia;SECRETARIA MUNICIPAL DE FINANÇAS;06;0.00;0.00
02;1322010101;2022;170;Outros Recursos Não Vinculados;9;PREFEITURA MUNICIPAL DE UBERLÂNDIA;Dividendos Ações Telefonia;SECRETARIA MUNICIPAL DE FINANÇAS;06;0.00;9942.62
02;1322010101;2022;170;Outros Recursos Não Vinculados;10;PREFEITURA MUNICIPAL DE UBERLÂNDIA;Dividendos Ações Telefonia;SECRETARIA MUNICIPAL DE FINANÇAS;06;0.00;0.00
02;1322010101;2022;170;Outros Recursos Não Vinculados;11;PREFEITURA MUNICIPAL DE UBERLÂNDIA;Dividendos Ações Telefonia;SECRETARIA MUNICIPAL DE FINANÇAS;06;0.00;0.00
02;1322010101;2022;170;Outros Recursos Não Vinculados;12;PREFEITURA MUNICIPAL DE UBERLÂNDIA;Dividendos Ações Telefonia;SECRETARIA MUNICIPAL DE FINANÇAS;06;0.00;0.00
03;1322010102;2022;170;Outros Recursos Não Vinculados;5;Departamento Municipal de Agua e Esgoto;Dividendos Ações - DMAE;DEPARTAMENTO MUNICIPAL DE AGUA E ESGOTO - DMAE;17;207.33;0.00
03;1322010102;2022;170;Outros Recursos Não Vinculados;6;Departamento Municipal de Agua e Esgoto;Dividendos Ações - DMAE;DEPARTAMENTO MUNICIPAL DE AGUA E ESGOTO - DMAE;17;2590.46;0.00
03;1322010102;2022;170;Outros Recursos Não Vinculados;12;Departamento Municipal de Agua e Esgoto;Dividendos Ações - DMAE;DEPARTAMENTO MUNICIPAL DE AGUA E ESGOTO - DMAE;17;3198.25;0.00
02;1339990101;2022;170;Outros Recursos Não Vinculados;1;PREFEITURA MUNICIPAL DE UBERLÂNDIA;Outras Rec Conces/Perm - Serv de Transporte - FMTT;SECRETARIA MUNICIPAL DE TRÂNSITO E TRANSPORTES;15;1959.31;12554.45
02;1339990101;2022;170;Outros Recursos Não Vinculados;2;PREFEITURA MUNICIPAL DE UBERLÂNDIA;Outras Rec Conces/Perm - Serv de Transporte - FMTT;SECRETARIA MUNICIPAL DE TRÂNSITO E TRANSPORTES;15;3862.25;12297.57
02;1339990101;2022;170;Outros Recursos Não Vinculados;3;PREFEITURA MUNICIPAL DE UBERLÂNDIA;Outras Rec Conces/Perm - Serv de Transporte - FMTT;SECRETARIA MUNICIPAL DE TRÂNSITO E TRANSPORTES;15;4605.74;9650.08
02;1339990101;2022;170;Outros Recursos Não Vinculados;4;PREFEITURA MUNICIPAL DE UBERLÂNDIA;Outras Rec Conces/Perm - Serv de Transporte - FMTT;SECRETARIA MUNICIPAL DE TRÂNSITO E TRANSPORTES;15;4280.79;10845.12
02;1339990101;2022;170;Outros Recursos Não Vinculados;5;PREFEITURA MUNICIPAL DE UBERLÂNDIA;Outras Rec Conces/Perm - Serv de Transporte - FMTT;SECRETARIA MUNICIPAL DE TRÂNSITO E TRANSPORTES;15;4912.80;8925.13
02;1339990101;2022;170;Outros Recursos Não Vinculados;6;PREFEITURA MUNICIPAL DE UBERLÂNDIA;Outras Rec Conces/Perm - Serv de Transporte - FMTT;SECRETARIA MUNICIPAL DE TRÂNSITO E TRANSPORTES;15;4894.90;28691.28
02;1339990101;2022;170;Outros Recursos Não Vinculados;7;PREFEITURA MUNICIPAL DE UBERLÂNDIA;Outras Rec Conces/Perm - Serv de Transporte - FMTT;SECRETARIA MUNICIPAL DE TRÂNSITO E TRANSPORTES;15;2149.35;21317.94
02;1339990101;2022;170;Outros Recursos Não Vinculados;8;PREFEITURA MUNICIPAL DE UBERLÂNDIA;Outras Rec Conces/Perm - Serv de Transporte - FMTT;SECRETARIA MUNICIPAL DE TRÂNSITO E TRANSPORTES;15;2447.44;16628.74
02;1339990101;2022;170;Outros Recursos Não Vinculados;9;PREFEITURA MUNICIPAL DE UBERLÂNDIA;Outras Rec Conces/Perm - Serv de Transporte - FMTT;SECRETARIA MUNICIPAL DE TRÂNSITO E TRANSPORTES;15;921.15;17665.86
02;1339990101;2022;170;Outros Recursos Não Vinculados;10;PREFEITURA MUNICIPAL DE UBERLÂNDIA;Outras Rec Conces/Perm - Serv de Transporte - FMTT;SECRETARIA MUNICIPAL DE TRÂNSITO E TRANSPORTES;15;614.10;19179.93
02;1339990101;2022;170;Outros Recursos Não Vinculados;11;PREFEITURA MUNICIPAL DE UBERLÂNDIA;Outras Rec Conces/Perm - Serv de Transporte - FMTT;SECRETARIA MUNICIPAL DE TRÂNSITO E TRANSPORTES;15;1597.16;22308.54
02;1339990101;2022;170;Outros Recursos Não Vinculados;12;PREFEITURA MUNICIPAL DE UBERLÂNDIA;Outras Rec Conces/Perm - Serv de Transporte - FMTT;SECRETARIA MUNICIPAL DE TRÂNSITO E TRANSPORTES;15;307.05;19935.36
02;1339990102;2022;170;Outros Recursos Não Vinculados;1;PREFEITURA MUNICIPAL DE UBERLÂNDIA;Rec de Concessões e Permissões - Serviços - FMTT;SECRETARIA MUNICIPAL DE TRÂNSITO E TRANSPORTES;15;0.00;16666.67
02;1339990102;2022;170;Outros Recursos Não Vinculados;2;PREFEITURA MUNICIPAL DE UBERLÂNDIA;Rec de Concessões e Permissões - Serviços - FMTT;SECRETARIA MUNICIPAL DE TRÂNSITO E TRANSPORTES;15;0.00;16666.67
02;1339990102;2022;170;Outros Recursos Não Vinculados;3;PREFEITURA MUNICIPAL DE UBERLÂNDIA;Rec de Concessões e Permissões - Serviços - FMTT;SECRETARIA MUNICIPAL DE TRÂNSITO E TRANSPORTES;15;0.00;16666.67
02;1339990102;2022;170;Outros Recursos Não Vinculados;4;PREFEITURA MUNICIPAL DE UBERLÂNDIA;Rec de Concessões e Permissões - Serviços - FMTT;SECRETARIA MUNICIPAL DE TRÂNSITO E TRANSPORTES;15;0.00;16666.67
02;1339990102;2022;170;Outros Recursos Não Vinculados;5;PREFEITURA MUNICIPAL DE UBERLÂNDIA;Rec de Concessões e Permissões - Serviços - FMTT;SECRETARIA MUNICIPAL DE TRÂNSITO E TRANSPORTES;15;0.00;16666.67
02;1339990102;2022;170;Outros Recursos Não Vinculados;6;PREFEITURA MUNICIPAL DE UBERLÂNDIA;Rec de Concessões e Permissões - Serviços - FMTT;SECRETARIA MUNICIPAL DE TRÂNSITO E TRANSPORTES;15;0.00;16666.67
02;1339990102;2022;170;Outros Recursos Não Vinculados;7;PREFEITURA MUNICIPAL DE UBERLÂNDIA;Rec de Concessões e Permissões - Serviços - FMTT;SECRETARIA MUNICIPAL DE TRÂNSITO E TRANSPORTES;15;0.00;16666.67
02;1339990102;2022;170;Outros Recursos Não Vinculados;8;PREFEITURA MUNICIPAL DE UBERLÂNDIA;Rec de Concessões e Permissões - Serviços - FMTT;SECRETARIA MUNICIPAL DE TRÂNSITO E TRANSPORTES;15;0.00;16666.67
02;1339990102;2022;170;Outros Recursos Não Vinculados;9;PREFEITURA MUNICIPAL DE UBERLÂNDIA;Rec de Concessões e Permissões - Serviços - FMTT;SECRETARIA MUNICIPAL DE TRÂNSITO E TRANSPORTES;15;0.00;16666.67
02;1339990102;2022;170;Outros Recursos Não Vinculados;10;PREFEITURA MUNICIPAL DE UBERLÂNDIA;Rec de Concessões e Permissões - Serviços - FMTT;SECRETARIA MUNICIPAL DE TRÂNSITO E TRANSPORTES;15;0.00;16666.67
02;1339990102;2022;170;Outros Recursos Não Vinculados;11;PREFEITURA MUNICIPAL DE UBERLÂNDIA;Rec de Concessões e Permissões - Serviços - FMTT;SECRETARIA MUNICIPAL DE TRÂNSITO E TRANSPORTES;15;0.00;16666.67
02;1339990102;2022;170;Outros Recursos Não Vinculados;12;PREFEITURA MUNICIPAL DE UBERLÂNDIA;Rec de Concessões e Permissões - Serviços - FMTT;SECRETARIA MUNICIPAL DE TRÂNSITO E TRANSPORTES;15;0.00;16666.63
02;1339990201;2022;170;Outros Recursos Não Vinculados;1;PREFEITURA MUNICIPAL DE UBERLÂNDIA;Rec de Concessões e Permissões - Mul e Jur - FMTT;SECRETARIA MUNICIPAL DE TRÂNSITO E TRANSPORTES;15;8.06;833.33
02;1339990201;2022;170;Outros Recursos Não Vinculados;2;PREFEITURA MUNICIPAL DE UBERLÂNDIA;Rec de Concessões e Permissões - Mul e Jur - FMTT;SECRETARIA MUNICIPAL DE TRÂNSITO E TRANSPORTES;15;8.06;833.33
02;1339990201;2022;170;Outros Recursos Não Vinculados;3;PREFEITURA MUNICIPAL DE UBERLÂNDIA;Rec de Concessões e Permissões - Mul e Jur - FMTT;SECRETARIA MUNICIPAL DE TRÂNSITO E TRANSPORTES;15;9.21;833.33
02;1339990201;2022;170;Outros Recursos Não Vinculados;4;PREFEITURA MUNICIPAL DE UBERLÂNDIA;Rec de Concessões e Permissões - Mul e Jur - FMTT;SECRETARIA MUNICIPAL DE TRÂNSITO E TRANSPORTES;15;27.11;833.33
02;1339990201;2022;170;Outros Recursos Não Vinculados;5;PREFEITURA MUNICIPAL DE UBERLÂNDIA;Rec de Concessões e Permissões - Mul e Jur - FMTT;SECRETARIA MUNICIPAL DE TRÂNSITO E TRANSPORTES;15;48.60;833.33
02;1339990201;2022;170;Outros Recursos Não Vinculados;6;PREFEITURA MUNICIPAL DE UBERLÂNDIA;Rec de Concessões e Permissões - Mul e Jur - FMTT;SECRETARIA MUNICIPAL DE TRÂNSITO E TRANSPORTES;15;36.32;833.33
02;1339990201;2022;170;Outros Recursos Não Vinculados;7;PREFEITURA MUNICIPAL DE UBERLÂNDIA;Rec de Concessões e Permissões - Mul e Jur - FMTT;SECRETARIA MUNICIPAL DE TRÂNSITO E TRANSPORTES;15;0.00;833.33
02;1339990201;2022;170;Outros Recursos Não Vinculados;8;PREFEITURA MUNICIPAL DE UBERLÂNDIA;Rec de Concessões e Permissões - Mul e Jur - FMTT;SECRETARIA MUNICIPAL DE TRÂNSITO E TRANSPORTES;15;254.08;833.33
02;1339990201;2022;170;Outros Recursos Não Vinculados;9;PREFEITURA MUNICIPAL DE UBERLÂNDIA;Rec de Concessões e Permissões - Mul e Jur - FMTT;SECRETARIA MUNICIPAL DE TRÂNSITO E TRANSPORTES;15;9.21;833.33
02;1339990201;2022;170;Outros Recursos Não Vinculados;10;PREFEITURA MUNICIPAL DE UBERLÂNDIA;Rec de Concessões e Permissões - Mul e Jur - FMTT;SECRETARIA MUNICIPAL DE TRÂNSITO E TRANSPORTES;15;0.00;833.33
02;1339990201;2022;170;Outros Recursos Não Vinculados;11;PREFEITURA MUNICIPAL DE UBERLÂNDIA;Rec de Concessões e Permissões - Mul e Jur - FMTT;SECRETARIA MUNICIPAL DE TRÂNSITO E TRANSPORTES;15;280.03;833.33
02;1339990201;2022;170;Outros Recursos Não Vinculados;12;PREFEITURA MUNICIPAL DE UBERLÂNDIA;Rec de Concessões e Permissões - Mul e Jur - FMTT;SECRETARIA MUNICIPAL DE TRÂNSITO E TRANSPORTES;15;0.00;833.37
02;1339990301;2022;170;Outros Recursos Não Vinculados;1;PREFEITURA MUNICIPAL DE UBERLÂNDIA;Rec de Conces e Permis - Div Ativa - FMTT;SECRETARIA MUNICIPAL DE TRÂNSITO E TRANSPORTES;15;59.25;4166.67
02;1339990301;2022;170;Outros Recursos Não Vinculados;2;PREFEITURA MUNICIPAL DE UBERLÂNDIA;Rec de Conces e Permis - Div Ativa - FMTT;SECRETARIA MUNICIPAL DE TRÂNSITO E TRANSPORTES;15;388.28;4166.67
02;1339990301;2022;170;Outros Recursos Não Vinculados;3;PREFEITURA MUNICIPAL DE UBERLÂNDIA;Rec de Conces e Permis - Div Ativa - FMTT;SECRETARIA MUNICIPAL DE TRÂNSITO E TRANSPORTES;15;708.18;4166.67
02;1339990301;2022;170;Outros Recursos Não Vinculados;4;PREFEITURA MUNICIPAL DE UBERLÂNDIA;Rec de Conces e Permis - Div Ativa - FMTT;SECRETARIA MUNICIPAL DE TRÂNSITO E TRANSPORTES;15;617.14;4166.67
02;1339990301;2022;170;Outros Recursos Não Vinculados;5;PREFEITURA MUNICIPAL DE UBERLÂNDIA;Rec de Conces e Permis - Div Ativa - FMTT;SECRETARIA MUNICIPAL DE TRÂNSITO E TRANSPORTES;15;385.33;4166.67
02;1339990301;2022;170;Outros Recursos Não Vinculados;6;PREFEITURA MUNICIPAL DE UBERLÂNDIA;Rec de Conces e Permis - Div Ativa - FMTT;SECRETARIA MUNICIPAL DE TRÂNSITO E TRANSPORTES;15;1208.41;4166.67
02;1339990301;2022;170;Outros Recursos Não Vinculados;7;PREFEITURA MUNICIPAL DE UBERLÂNDIA;Rec de Conces e Permis - Div Ativa - FMTT;SECRETARIA MUNICIPAL DE TRÂNSITO E TRANSPORTES;15;366.88;4166.67
02;1339990301;2022;170;Outros Recursos Não Vinculados;8;PREFEITURA MUNICIPAL DE UBERLÂNDIA;Rec de Conces e Permis - Div Ativa - FMTT;SECRETARIA MUNICIPAL DE TRÂNSITO E TRANSPORTES;15;644.25;4166.67
02;1339990301;2022;170;Outros Recursos Não Vinculados;9;PREFEITURA MUNICIPAL DE UBERLÂNDIA;Rec de Conces e Permis - Div Ativa - FMTT;SECRETARIA MUNICIPAL DE TRÂNSITO E TRANSPORTES;15;503.75;4166.67
02;1339990301;2022;170;Outros Recursos Não Vinculados;10;PREFEITURA MUNICIPAL DE UBERLÂNDIA;Rec de Conces e Permis - Div Ativa - FMTT;SECRETARIA MUNICIPAL DE TRÂNSITO E TRANSPORTES;15;1707.69;4166.67
02;1339990301;2022;170;Outros Recursos Não Vinculados;11;PREFEITURA MUNICIPAL DE UBERLÂNDIA;Rec de Conces e Permis - Div Ativa - FMTT;SECRETARIA MUNICIPAL DE TRÂNSITO E TRANSPORTES;15;818.45;4166.67
02;1339990301;2022;170;Outros Recursos Não Vinculados;12;PREFEITURA MUNICIPAL DE UBERLÂNDIA;Rec de Conces e Permis - Div Ativa - FMTT;SECRETARIA MUNICIPAL DE TRÂNSITO E TRANSPORTES;15;386.79;4166.63
02;1339990401;2022;170;Outros Recursos Não Vinculados;1;PREFEITURA MUNICIPAL DE UBERLÂNDIA;Rec de Conces e Permis - Div Ativa Mult e Jur-FMTT;SECRETARIA MUNICIPAL DE TRÂNSITO E TRANSPORTES;15;17.85;4166.67
02;1339990401;2022;170;Outros Recursos Não Vinculados;2;PREFEITURA MUNICIPAL DE UBERLÂNDIA;Rec de Conces e Permis - Div Ativa Mult e Jur-FMTT;SECRETARIA MUNICIPAL DE TRÂNSITO E TRANSPORTES;15;119.43;4166.67
02;1339990401;2022;170;Outros Recursos Não Vinculados;3;PREFEITURA MUNICIPAL DE UBERLÂNDIA;Rec de Conces e Permis - Div Ativa Mult e Jur-FMTT;SECRETARIA MUNICIPAL DE TRÂNSITO E TRANSPORTES;15;203.94;4166.67
02;1339990401;2022;170;Outros Recursos Não Vinculados;4;PREFEITURA MUNICIPAL DE UBERLÂNDIA;Rec de Conces e Permis - Div Ativa Mult e Jur-FMTT;SECRETARIA MUNICIPAL DE TRÂNSITO E TRANSPORTES;15;212.86;4166.67
02;1339990401;2022;170;Outros Recursos Não Vinculados;5;PREFEITURA MUNICIPAL DE UBERLÂNDIA;Rec de Conces e Permis - Div Ativa Mult e Jur-FMTT;SECRETARIA MUNICIPAL DE TRÂNSITO E TRANSPORTES;15;130.79;4166.67
02;1339990401;2022;170;Outros Recursos Não Vinculados;6;PREFEITURA MUNICIPAL DE UBERLÂNDIA;Rec de Conces e Permis - Div Ativa Mult e Jur-FMTT;SECRETARIA MUNICIPAL DE TRÂNSITO E TRANSPORTES;15;209.85;4166.67
02;1339990401;2022;170;Outros Recursos Não Vinculados;7;PREFEITURA MUNICIPAL DE UBERLÂNDIA;Rec de Conces e Permis - Div Ativa Mult e Jur-FMTT;SECRETARIA MUNICIPAL DE TRÂNSITO E TRANSPORTES;15;141.69;4166.67
02;1339990401;2022;170;Outros Recursos Não Vinculados;8;PREFEITURA MUNICIPAL DE UBERLÂNDIA;Rec de Conces e Permis - Div Ativa Mult e Jur-FMTT;SECRETARIA MUNICIPAL DE TRÂNSITO E TRANSPORTES;15;214.38;4166.67
02;1339990401;2022;170;Outros Recursos Não Vinculados;9;PREFEITURA MUNICIPAL DE UBERLÂNDIA;Rec de Conces e Permis - Div Ativa Mult e Jur-FMTT;SECRETARIA MUNICIPAL DE TRÂNSITO E TRANSPORTES;15;154.97;4166.67
02;1339990401;2022;170;Outros Recursos Não Vinculados;10;PREFEITURA MUNICIPAL DE UBERLÂNDIA;Rec de Conces e Permis - Div Ativa Mult e Jur-FMTT;SECRETARIA MUNICIPAL DE TRÂNSITO E TRANSPORTES;15;570.00;4166.67
02;1339990401;2022;170;Outros Recursos Não Vinculados;11;PREFEITURA MUNICIPAL DE UBERLÂNDIA;Rec de Conces e Permis - Div Ativa Mult e Jur-FMTT;SECRETARIA MUNICIPAL DE TRÂNSITO E TRANSPORTES;15;170.30;4166.67
02;1339990401;2022;170;Outros Recursos Não Vinculados;12;PREFEITURA MUNICIPAL DE UBERLÂNDIA;Rec de Conces e Permis - Div Ativa Mult e Jur-FMTT;SECRETARIA MUNICIPAL DE TRÂNSITO E TRANSPORTES;15;129.59;4166.63
02;1349010101;2022;170;Outros Recursos Não Vinculados;1;PREFEITURA MUNICIPAL DE UBERLÂNDIA;Compensações Ambientais - FMDA;SECRETARIA MUNICIPAL DE MEIO AMBIENTE;03;0.00;8333.33
02;1349010101;2022;170;Outros Recursos Não Vinculados;2;PREFEITURA MUNICIPAL DE UBERLÂNDIA;Compensações Ambientais - FMDA;SECRETARIA MUNICIPAL DE MEIO AMBIENTE;03;0.00;8333.33
02;1349010101;2022;170;Outros Recursos Não Vinculados;3;PREFEITURA MUNICIPAL DE UBERLÂNDIA;Compensações Ambientais - FMDA;SECRETARIA MUNICIPAL DE MEIO AMBIENTE;03;0.00;8333.33
02;1349010101;2022;170;Outros Recursos Não Vinculados;4;PREFEITURA MUNICIPAL DE UBERLÂNDIA;Compensações Ambientais - FMDA;SECRETARIA MUNICIPAL DE MEIO AMBIENTE;03;0.00;8333.33
02;1349010101;2022;170;Outros Recursos Não Vinculados;5;PREFEITURA MUNICIPAL DE UBERLÂNDIA;Compensações Ambientais - FMDA;SECRETARIA MUNICIPAL DE MEIO AMBIENTE;03;0.00;8333.33
02;1349010101;2022;170;Outros Recursos Não Vinculados;6;PREFEITURA MUNICIPAL DE UBERLÂNDIA;Compensações Ambientais - FMDA;SECRETARIA MUNICIPAL DE MEIO AMBIENTE;03;0.00;8333.33
02;1349010101;2022;170;Outros Recursos Não Vinculados;7;PREFEITURA MUNICIPAL DE UBERLÂNDIA;Compensações Ambientais - FMDA;SECRETARIA MUNICIPAL DE MEIO AMBIENTE;03;0.00;8333.33
02;1349010101;2022;170;Outros Recursos Não Vinculados;8;PREFEITURA MUNICIPAL DE UBERLÂNDIA;Compensações Ambientais - FMDA;SECRETARIA MUNICIPAL DE MEIO AMBIENTE;03;0.00;8333.33
02;1349010101;2022;170;Outros Recursos Não Vinculados;9;PREFEITURA MUNICIPAL DE UBERLÂNDIA;Compensações Ambientais - FMDA;SECRETARIA MUNICIPAL DE MEIO AMBIENTE;03;0.00;8333.33
02;1349010101;2022;170;Outros Recursos Não Vinculados;10;PREFEITURA MUNICIPAL DE UBERLÂNDIA;Compensações Ambientais - FMDA;SECRETARIA MUNICIPAL DE MEIO AMBIENTE;03;0.00;8333.33
02;1349010101;2022;170;Outros Recursos Não Vinculados;11;PREFEITURA MUNICIPAL DE UBERLÂNDIA;Compensações Ambientais - FMDA;SECRETARIA MUNICIPAL DE MEIO AMBIENTE;03;0.00;8333.33
02;1349010101;2022;170;Outros Recursos Não Vinculados;12;PREFEITURA MUNICIPAL DE UBERLÂNDIA;Compensações Ambientais - FMDA;SECRETARIA MUNICIPAL DE MEIO AMBIENTE;03;0.00;8333.37
02;1361011101;2022;170;Outros Recursos Não Vinculados;12;PREFEITURA MUNICIPAL DE UBERLÂNDIA;Cessão Direito de Oper. de Pagamentos;SECRETARIA MUNICIPAL DE FINANÇAS;06;51713332.08;0.00
02;1399990101;2022;170;Outros Recursos Não Vinculados;1;PREFEITURA MUNICIPAL DE UBERLÂNDIA;Demais Receitas Patrimoniais - PMU;SECRETARIA MUNICIPAL DE FINANÇAS;06;0.00;83.33
02;1399990101;2022;170;Outros Recursos Não Vinculados;2;PREFEITURA MUNICIPAL DE UBERLÂNDIA;Demais Receitas Patrimoniais - PMU;SECRETARIA MUNICIPAL DE FINANÇAS;06;0.00;83.33
02;1399990101;2022;170;Outros Recursos Não Vinculados;3;PREFEITURA MUNICIPAL DE UBERLÂNDIA;Demais Receitas Patrimoniais - PMU;SECRETARIA MUNICIPAL DE FINANÇAS;06;0.00;83.33
02;1399990101;2022;170;Outros Recursos Não Vinculados;4;PREFEITURA MUNICIPAL DE UBERLÂNDIA;Demais Receitas Patrimoniais - PMU;SECRETARIA MUNICIPAL DE FINANÇAS;06;0.00;83.33
02;1399990101;2022;170;Outros Recursos Não Vinculados;5;PREFEITURA MUNICIPAL DE UBERLÂNDIA;Demais Receitas Patrimoniais - PMU;SECRETARIA MUNICIPAL DE FINANÇAS;06;0.00;83.33
02;1399990101;2022;170;Outros Recursos Não Vinculados;6;PREFEITURA MUNICIPAL DE UBERLÂNDIA;Demais Receitas Patrimoniais - PMU;SECRETARIA MUNICIPAL DE FINANÇAS;06;0.00;83.33
02;1399990101;2022;170;Outros Recursos Não Vinculados;7;PREFEITURA MUNICIPAL DE UBERLÂNDIA;Demais Receitas Patrimoniais - PMU;SECRETARIA MUNICIPAL DE FINANÇAS;06;0.00;83.33
02;1399990101;2022;170;Outros Recursos Não Vinculados;8;PREFEITURA MUNICIPAL DE UBERLÂNDIA;Demais Receitas Patrimoniais - PMU;SECRETARIA MUNICIPAL DE FINANÇAS;06;0.00;83.33
02;1399990101;2022;170;Outros Recursos Não Vinculados;9;PREFEITURA MUNICIPAL DE UBERLÂNDIA;Demais Receitas Patrimoniais - PMU;SECRETARIA MUNICIPAL DE FINANÇAS;06;0.00;83.33
02;1399990101;2022;170;Outros Recursos Não Vinculados;10;PREFEITURA MUNICIPAL DE UBERLÂNDIA;Demais Receitas Patrimoniais - PMU;SECRETARIA MUNICIPAL DE FINANÇAS;06;0.00;83.33
02;1399990101;2022;170;Outros Recursos Não Vinculados;11;PREFEITURA MUNICIPAL DE UBERLÂNDIA;Demais Receitas Patrimoniais - PMU;SECRETARIA MUNICIPAL DE FINANÇAS;06;0.00;83.33
02;1399990101;2022;170;Outros Recursos Não Vinculados;12;PREFEITURA MUNICIPAL DE UBERLÂNDIA;Demais Receitas Patrimoniais - PMU;SECRETARIA MUNICIPAL DE FINANÇAS;06;0.00;83.37
02;1399990102;2022;170;Outros Recursos Não Vinculados;1;PREFEITURA MUNICIPAL DE UBERLÂNDIA;Alugueis de Bens Móveis - GERADOR SOM;SECRETARIA MUNICIPAL DE FINANÇAS;06;0.00;83.33
02;1399990102;2022;170;Outros Recursos Não Vinculados;2;PREFEITURA MUNICIPAL DE UBERLÂNDIA;Alugueis de Bens Móveis - GERADOR SOM;SECRETARIA MUNICIPAL DE FINANÇAS;06;0.00;83.33
02;1399990102;2022;170;Outros Recursos Não Vinculados;3;PREFEITURA MUNICIPAL DE UBERLÂNDIA;Alugueis de Bens Móveis - GERADOR SOM;SECRETARIA MUNICIPAL DE FINANÇAS;06;0.00;83.33
02;1399990102;2022;170;Outros Recursos Não Vinculados;4;PREFEITURA MUNICIPAL DE UBERLÂNDIA;Alugueis de Bens Móveis - GERADOR SOM;SECRETARIA MUNICIPAL DE FINANÇAS;06;0.00;83.33
02;1399990102;2022;170;Outros Recursos Não Vinculados;5;PREFEITURA MUNICIPAL DE UBERLÂNDIA;Alugueis de Bens Móveis - GERADOR SOM;SECRETARIA MUNICIPAL DE FINANÇAS;06;0.00;83.33
02;1399990102;2022;170;Outros Recursos Não Vinculados;6;PREFEITURA MUNICIPAL DE UBERLÂNDIA;Alugueis de Bens Móveis - GERADOR SOM;SECRETARIA MUNICIPAL DE FINANÇAS;06;0.00;83.33
02;1399990102;2022;170;Outros Recursos Não Vinculados;7;PREFEITURA MUNICIPAL DE UBERLÂNDIA;Alugueis de Bens Móveis - GERADOR SOM;SECRETARIA MUNICIPAL DE FINANÇAS;06;0.00;83.33
02;1399990102;2022;170;Outros Recursos Não Vinculados;8;PREFEITURA MUNICIPAL DE UBERLÂNDIA;Alugueis de Bens Móveis - GERADOR SOM;SECRETARIA MUNICIPAL DE FINANÇAS;06;0.00;83.33
02;1399990102;2022;170;Outros Recursos Não Vinculados;9;PREFEITURA MUNICIPAL DE UBERLÂNDIA;Alugueis de Bens Móveis - GERADOR SOM;SECRETARIA MUNICIPAL DE FINANÇAS;06;0.00;83.33
02;1399990102;2022;170;Outros Recursos Não Vinculados;10;PREFEITURA MUNICIPAL DE UBERLÂNDIA;Alugueis de Bens Móveis - GERADOR SOM;SECRETARIA MUNICIPAL DE FINANÇAS;06;0.00;83.33
02;1399990102;2022;170;Outros Recursos Não Vinculados;11;PREFEITURA MUNICIPAL DE UBERLÂNDIA;Alugueis de Bens Móveis - GERADOR SOM;SECRETARIA MUNICIPAL DE FINANÇAS;06;0.00;83.33
02;1399990102;2022;170;Outros Recursos Não Vinculados;12;PREFEITURA MUNICIPAL DE UBERLÂNDIA;Alugueis de Bens Móveis - GERADOR SOM;SECRETARIA MUNICIPAL DE FINANÇAS;06;0.00;83.37
02;1399990103;2022;170;Outros Recursos Não Vinculados;1;PREFEITURA MUNICIPAL DE UBERLÂNDIA;Serv Financeiros CEF -Folha pag, Ben,Fornec.;SECRETARIA MUNICIPAL DE FINANÇAS;06;0.00;0.00
02;1399990103;2022;170;Outros Recursos Não Vinculados;2;PREFEITURA MUNICIPAL DE UBERLÂNDIA;Serv Financeiros CEF -Folha pag, Ben,Fornec.;SECRETARIA MUNICIPAL DE FINANÇAS;06;0.00;20959.32
02;1399990103;2022;170;Outros Recursos Não Vinculados;3;PREFEITURA MUNICIPAL DE UBERLÂNDIA;Serv Financeiros CEF -Folha pag, Ben,Fornec.;SECRETARIA MUNICIPAL DE FINANÇAS;06;58794.24;18081.37
02;1399990103;2022;170;Outros Recursos Não Vinculados;4;PREFEITURA MUNICIPAL DE UBERLÂNDIA;Serv Financeiros CEF -Folha pag, Ben,Fornec.;SECRETARIA MUNICIPAL DE FINANÇAS;06;0.00;0.00
02;1399990103;2022;170;Outros Recursos Não Vinculados;5;PREFEITURA MUNICIPAL DE UBERLÂNDIA;Serv Financeiros CEF -Folha pag, Ben,Fornec.;SECRETARIA MUNICIPAL DE FINANÇAS;06;0.00;0.00
02;1399990103;2022;170;Outros Recursos Não Vinculados;6;PREFEITURA MUNICIPAL DE UBERLÂNDIA;Serv Financeiros CEF -Folha pag, Ben,Fornec.;SECRETARIA MUNICIPAL DE FINANÇAS;06;0.00;0.00
02;1399990103;2022;170;Outros Recursos Não Vinculados;7;PREFEITURA MUNICIPAL DE UBERLÂNDIA;Serv Financeiros CEF -Folha pag, Ben,Fornec.;SECRETARIA MUNICIPAL DE FINANÇAS;06;0.00;0.00
02;1399990103;2022;170;Outros Recursos Não Vinculados;8;PREFEITURA MUNICIPAL DE UBERLÂNDIA;Serv Financeiros CEF -Folha pag, Ben,Fornec.;SECRETARIA MUNICIPAL DE FINANÇAS;06;0.00;0.00
02;1399990103;2022;170;Outros Recursos Não Vinculados;9;PREFEITURA MUNICIPAL DE UBERLÂNDIA;Serv Financeiros CEF -Folha pag, Ben,Fornec.;SECRETARIA MUNICIPAL DE FINANÇAS;06;0.00;0.00
02;1399990103;2022;170;Outros Recursos Não Vinculados;10;PREFEITURA MUNICIPAL DE UBERLÂNDIA;Serv Financeiros CEF -Folha pag, Ben,Fornec.;SECRETARIA MUNICIPAL DE FINANÇAS;06;0.00;20959.31
02;1399990103;2022;170;Outros Recursos Não Vinculados;11;PREFEITURA MUNICIPAL DE UBERLÂNDIA;Serv Financeiros CEF -Folha pag, Ben,Fornec.;SECRETARIA MUNICIPAL DE FINANÇAS;06;0.00;0.00
02;1399990103;2022;170;Outros Recursos Não Vinculados;12;PREFEITURA MUNICIPAL DE UBERLÂNDIA;Serv Financeiros CEF -Folha pag, Ben,Fornec.;SECRETARIA MUNICIPAL DE FINANÇAS;06;0.00;0.00
02;1399990201;2022;170;Outros Recursos Não Vinculados;1;PREFEITURA MUNICIPAL DE UBERLÂNDIA;Demais Receitas Patrimoniais - Mul e Jur - PMU;SECRETARIA MUNICIPAL DE FINANÇAS;06;0.00;83.33
02;1399990201;2022;170;Outros Recursos Não Vinculados;2;PREFEITURA MUNICIPAL DE UBERLÂNDIA;Demais Receitas Patrimoniais - Mul e Jur - PMU;SECRETARIA MUNICIPAL DE FINANÇAS;06;0.00;83.33
02;1399990201;2022;170;Outros Recursos Não Vinculados;3;PREFEITURA MUNICIPAL DE UBERLÂNDIA;Demais Receitas Patrimoniais - Mul e Jur - PMU;SECRETARIA MUNICIPAL DE FINANÇAS;06;0.00;83.33
02;1399990201;2022;170;Outros Recursos Não Vinculados;4;PREFEITURA MUNICIPAL DE UBERLÂNDIA;Demais Receitas Patrimoniais - Mul e Jur - PMU;SECRETARIA MUNICIPAL DE FINANÇAS;06;0.00;83.33
02;1399990201;2022;170;Outros Recursos Não Vinculados;5;PREFEITURA MUNICIPAL DE UBERLÂNDIA;Demais Receitas Patrimoniais - Mul e Jur - PMU;SECRETARIA MUNICIPAL DE FINANÇAS;06;0.00;83.33
02;1399990201;2022;170;Outros Recursos Não Vinculados;6;PREFEITURA MUNICIPAL DE UBERLÂNDIA;Demais Receitas Patrimoniais - Mul e Jur - PMU;SECRETARIA MUNICIPAL DE FINANÇAS;06;0.00;83.33
02;1399990201;2022;170;Outros Recursos Não Vinculados;7;PREFEITURA MUNICIPAL DE UBERLÂNDIA;Demais Receitas Patrimoniais - Mul e Jur - PMU;SECRETARIA MUNICIPAL DE FINANÇAS;06;0.00;83.33
02;1399990201;2022;170;Outros Recursos Não Vinculados;8;PREFEITURA MUNICIPAL DE UBERLÂNDIA;Demais Receitas Patrimoniais - Mul e Jur - PMU;SECRETARIA MUNICIPAL DE FINANÇAS;06;0.00;83.33
02;1399990201;2022;170;Outros Recursos Não Vinculados;9;PREFEITURA MUNICIPAL DE UBERLÂNDIA;Demais Receitas Patrimoniais - Mul e Jur - PMU;SECRETARIA MUNICIPAL DE FINANÇAS;06;0.00;83.33
02;1399990201;2022;170;Outros Recursos Não Vinculados;10;PREFEITURA MUNICIPAL DE UBERLÂNDIA;Demais Receitas Patrimoniais - Mul e Jur - PMU;SECRETARIA MUNICIPAL DE FINANÇAS;06;0.00;83.33
02;1399990201;2022;170;Outros Recursos Não Vinculados;11;PREFEITURA MUNICIPAL DE UBERLÂNDIA;Demais Receitas Patrimoniais - Mul e Jur - PMU;SECRETARIA MUNICIPAL DE FINANÇAS;06;0.00;83.33
02;1399990201;2022;170;Outros Recursos Não Vinculados;12;PREFEITURA MUNICIPAL DE UBERLÂNDIA;Demais Receitas Patrimoniais - Mul e Jur - PMU;SECRETARIA MUNICIPAL DE FINANÇAS;06;0.00;83.37
02;1399990301;2022;170;Outros Recursos Não Vinculados;1;PREFEITURA MUNICIPAL DE UBERLÂNDIA;Demais Receitas Patrimoniais - Div Ativa - PMU;SECRETARIA MUNICIPAL DE FINANÇAS;06;57.33;136.58
02;1399990301;2022;170;Outros Recursos Não Vinculados;2;PREFEITURA MUNICIPAL DE UBERLÂNDIA;Demais Receitas Patrimoniais - Div Ativa - PMU;SECRETARIA MUNICIPAL DE FINANÇAS;06;57.33;136.58
02;1399990301;2022;170;Outros Recursos Não Vinculados;3;PREFEITURA MUNICIPAL DE UBERLÂNDIA;Demais Receitas Patrimoniais - Div Ativa - PMU;SECRETARIA MUNICIPAL DE FINANÇAS;06;57.32;136.58
02;1399990301;2022;170;Outros Recursos Não Vinculados;4;PREFEITURA MUNICIPAL DE UBERLÂNDIA;Demais Receitas Patrimoniais - Div Ativa - PMU;SECRETARIA MUNICIPAL DE FINANÇAS;06;0.00;136.58
02;1399990301;2022;170;Outros Recursos Não Vinculados;5;PREFEITURA MUNICIPAL DE UBERLÂNDIA;Demais Receitas Patrimoniais - Div Ativa - PMU;SECRETARIA MUNICIPAL DE FINANÇAS;06;59.01;136.58
02;1399990301;2022;170;Outros Recursos Não Vinculados;6;PREFEITURA MUNICIPAL DE UBERLÂNDIA;Demais Receitas Patrimoniais - Div Ativa - PMU;SECRETARIA MUNICIPAL DE FINANÇAS;06;59.00;136.58
02;1399990301;2022;170;Outros Recursos Não Vinculados;7;PREFEITURA MUNICIPAL DE UBERLÂNDIA;Demais Receitas Patrimoniais - Div Ativa - PMU;SECRETARIA MUNICIPAL DE FINANÇAS;06;61.08;136.58
02;1399990301;2022;170;Outros Recursos Não Vinculados;8;PREFEITURA MUNICIPAL DE UBERLÂNDIA;Demais Receitas Patrimoniais - Div Ativa - PMU;SECRETARIA MUNICIPAL DE FINANÇAS;06;3993.42;136.58
02;1399990301;2022;170;Outros Recursos Não Vinculados;9;PREFEITURA MUNICIPAL DE UBERLÂNDIA;Demais Receitas Patrimoniais - Div Ativa - PMU;SECRETARIA MUNICIPAL DE FINANÇAS;06;0.00;136.58
02;1399990301;2022;170;Outros Recursos Não Vinculados;10;PREFEITURA MUNICIPAL DE UBERLÂNDIA;Demais Receitas Patrimoniais - Div Ativa - PMU;SECRETARIA MUNICIPAL DE FINANÇAS;06;0.00;136.58
02;1399990301;2022;170;Outros Recursos Não Vinculados;11;PREFEITURA MUNICIPAL DE UBERLÂNDIA;Demais Receitas Patrimoniais - Div Ativa - PMU;SECRETARIA MUNICIPAL DE FINANÇAS;06;0.00;136.58
02;1399990301;2022;170;Outros Recursos Não Vinculados;12;PREFEITURA MUNICIPAL DE UBERLÂNDIA;Demais Receitas Patrimoniais - Div Ativa - PMU;SECRETARIA MUNICIPAL DE FINANÇAS;06;0.00;136.62
02;1399990401;2022;170;Outros Recursos Não Vinculados;1;PREFEITURA MUNICIPAL DE UBERLÂNDIA;Demais Rec Patrimoniais - Div Ativa Mult e Jur-PMU;SECRETARIA MUNICIPAL DE FINANÇAS;06;22.33;83.33
02;1399990401;2022;170;Outros Recursos Não Vinculados;2;PREFEITURA MUNICIPAL DE UBERLÂNDIA;Demais Rec Patrimoniais - Div Ativa Mult e Jur-PMU;SECRETARIA MUNICIPAL DE FINANÇAS;06;22.33;83.33
02;1399990401;2022;170;Outros Recursos Não Vinculados;3;PREFEITURA MUNICIPAL DE UBERLÂNDIA;Demais Rec Patrimoniais - Div Ativa Mult e Jur-PMU;SECRETARIA MUNICIPAL DE FINANÇAS;06;22.32;83.33
02;1399990401;2022;170;Outros Recursos Não Vinculados;4;PREFEITURA MUNICIPAL DE UBERLÂNDIA;Demais Rec Patrimoniais - Div Ativa Mult e Jur-PMU;SECRETARIA MUNICIPAL DE FINANÇAS;06;0.00;83.33
02;1399990401;2022;170;Outros Recursos Não Vinculados;5;PREFEITURA MUNICIPAL DE UBERLÂNDIA;Demais Rec Patrimoniais - Div Ativa Mult e Jur-PMU;SECRETARIA MUNICIPAL DE FINANÇAS;06;25.40;83.33
02;1399990401;2022;170;Outros Recursos Não Vinculados;6;PREFEITURA MUNICIPAL DE UBERLÂNDIA;Demais Rec Patrimoniais - Div Ativa Mult e Jur-PMU;SECRETARIA MUNICIPAL DE FINANÇAS;06;25.56;83.33
02;1399990401;2022;170;Outros Recursos Não Vinculados;7;PREFEITURA MUNICIPAL DE UBERLÂNDIA;Demais Rec Patrimoniais - Div Ativa Mult e Jur-PMU;SECRETARIA MUNICIPAL DE FINANÇAS;06;25.60;83.33
02;1399990401;2022;170;Outros Recursos Não Vinculados;8;PREFEITURA MUNICIPAL DE UBERLÂNDIA;Demais Rec Patrimoniais - Div Ativa Mult e Jur-PMU;SECRETARIA MUNICIPAL DE FINANÇAS;06;0.00;83.33
02;1399990401;2022;170;Outros Recursos Não Vinculados;9;PREFEITURA MUNICIPAL DE UBERLÂNDIA;Demais Rec Patrimoniais - Div Ativa Mult e Jur-PMU;SECRETARIA MUNICIPAL DE FINANÇAS;06;0.00;83.33
02;1399990401;2022;170;Outros Recursos Não Vinculados;10;PREFEITURA MUNICIPAL DE UBERLÂNDIA;Demais Rec Patrimoniais - Div Ativa Mult e Jur-PMU;SECRETARIA MUNICIPAL DE FINANÇAS;06;0.00;83.33
02;1399990401;2022;170;Outros Recursos Não Vinculados;11;PREFEITURA MUNICIPAL DE UBERLÂNDIA;Demais Rec Patrimoniais - Div Ativa Mult e Jur-PMU;SECRETARIA MUNICIPAL DE FINANÇAS;06;0.00;83.33
02;1399990401;2022;170;Outros Recursos Não Vinculados;12;PREFEITURA MUNICIPAL DE UBERLÂNDIA;Demais Rec Patrimoniais - Div Ativa Mult e Jur-PMU;SECRETARIA MUNICIPAL DE FINANÇAS;06;0.00;83.37
06;1411010101;2022;170;Outros Recursos Não Vinculados;1;Fundação de Excelência Rural de Uberlândia;Receita Agropecuária - FERUB;FUNDAÇÃO EXCELÊNCIA RURAL DE UBERLÂNDIA-FERUB;20;0.00;666.67
06;1411010101;2022;170;Outros Recursos Não Vinculados;2;Fundação de Excelência Rural de Uberlândia;Receita Agropecuária - FERUB;FUNDAÇÃO EXCELÊNCIA RURAL DE UBERLÂNDIA-FERUB;20;0.00;666.67
06;1411010101;2022;170;Outros Recursos Não Vinculados;3;Fundação de Excelência Rural de Uberlândia;Receita Agropecuária - FERUB;FUNDAÇÃO EXCELÊNCIA RURAL DE UBERLÂNDIA-FERUB;20;0.00;666.67
06;1411010101;2022;170;Outros Recursos Não Vinculados;4;Fundação de Excelência Rural de Uberlândia;Receita Agropecuária - FERUB;FUNDAÇÃO EXCELÊNCIA RURAL DE UBERLÂNDIA-FERUB;20;0.00;666.67
06;1411010101;2022;170;Outros Recursos Não Vinculados;5;Fundação de Excelência Rural de Uberlândia;Receita Agropecuária - FERUB;FUNDAÇÃO EXCELÊNCIA RURAL DE UBERLÂNDIA-FERUB;20;0.00;666.67
06;1411010101;2022;170;Outros Recursos Não Vinculados;6;Fundação de Excelência Rural de Uberlândia;Receita Agropecuária - FERUB;FUNDAÇÃO EXCELÊNCIA RURAL DE UBERLÂNDIA-FERUB;20;0.00;666.67
06;1411010101;2022;170;Outros Recursos Não Vinculados;7;Fundação de Excelência Rural de Uberlândia;Receita Agropecuária - FERUB;FUNDAÇÃO EXCELÊNCIA RURAL DE UBERLÂNDIA-FERUB;20;0.00;666.67
06;1411010101;2022;170;Outros Recursos Não Vinculados;8;Fundação de Excelência Rural de Uberlândia;Receita Agropecuária - FERUB;FUNDAÇÃO EXCELÊNCIA RURAL DE UBERLÂNDIA-FERUB;20;0.00;666.67
06;1411010101;2022;170;Outros Recursos Não Vinculados;9;Fundação de Excelência Rural de Uberlândia;Receita Agropecuária - FERUB;FUNDAÇÃO EXCELÊNCIA RURAL DE UBERLÂNDIA-FERUB;20;0.00;666.67
06;1411010101;2022;170;Outros Recursos Não Vinculados;10;Fundação de Excelência Rural de Uberlândia;Receita Agropecuária - FERUB;FUNDAÇÃO EXCELÊNCIA RURAL DE UBERLÂNDIA-FERUB;20;0.00;666.67
06;1411010101;2022;170;Outros Recursos Não Vinculados;11;Fundação de Excelência Rural de Uberlândia;Receita Agropecuária - FERUB;FUNDAÇÃO EXCELÊNCIA RURAL DE UBERLÂNDIA-FERUB;20;0.00;666.67
06;1411010101;2022;170;Outros Recursos Não Vinculados;12;Fundação de Excelência Rural de Uberlândia;Receita Agropecuária - FERUB;FUNDAÇÃO EXCELÊNCIA RURAL DE UBERLÂNDIA-FERUB;20;0.00;666.63
03;1611010101;2022;170;Outros Recursos Não Vinculados;1;Departamento Municipal de Agua e Esgoto;Vendas de Editais - DMAE;DEPARTAMENTO MUNICIPAL DE AGUA E ESGOTO - DMAE;17;0.00;0.00
03;1611010101;2022;170;Outros Recursos Não Vinculados;2;Departamento Municipal de Agua e Esgoto;Vendas de Editais - DMAE;DEPARTAMENTO MUNICIPAL DE AGUA E ESGOTO - DMAE;17;0.00;0.00
03;1611010101;2022;170;Outros Recursos Não Vinculados;3;Departamento Municipal de Agua e Esgoto;Vendas de Editais - DMAE;DEPARTAMENTO MUNICIPAL DE AGUA E ESGOTO - DMAE;17;0.00;0.00
03;1611010101;2022;170;Outros Recursos Não Vinculados;4;Departamento Municipal de Agua e Esgoto;Vendas de Editais - DMAE;DEPARTAMENTO MUNICIPAL DE AGUA E ESGOTO - DMAE;17;0.00;0.00
03;1611010101;2022;170;Outros Recursos Não Vinculados;5;Departamento Municipal de Agua e Esgoto;Vendas de Editais - DMAE;DEPARTAMENTO MUNICIPAL DE AGUA E ESGOTO - DMAE;17;0.00;10000.00
03;1611010101;2022;170;Outros Recursos Não Vinculados;6;Departamento Municipal de Agua e Esgoto;Vendas de Editais - DMAE;DEPARTAMENTO MUNICIPAL DE AGUA E ESGOTO - DMAE;17;0.00;0.00
03;1611010101;2022;170;Outros Recursos Não Vinculados;7;Departamento Municipal de Agua e Esgoto;Vendas de Editais - DMAE;DEPARTAMENTO MUNICIPAL DE AGUA E ESGOTO - DMAE;17;0.00;0.00
03;1611010101;2022;170;Outros Recursos Não Vinculados;8;Departamento Municipal de Agua e Esgoto;Vendas de Editais - DMAE;DEPARTAMENTO MUNICIPAL DE AGUA E ESGOTO - DMAE;17;0.00;0.00
03;1611010101;2022;170;Outros Recursos Não Vinculados;9;Departamento Municipal de Agua e Esgoto;Vendas de Editais - DMAE;DEPARTAMENTO MUNICIPAL DE AGUA E ESGOTO - DMAE;17;0.00;10000.00
03;1611010101;2022;170;Outros Recursos Não Vinculados;10;Departamento Municipal de Agua e Esgoto;Vendas de Editais - DMAE;DEPARTAMENTO MUNICIPAL DE AGUA E ESGOTO - DMAE;17;0.00;0.00
03;1611010101;2022;170;Outros Recursos Não Vinculados;11;Departamento Municipal de Agua e Esgoto;Vendas de Editais - DMAE;DEPARTAMENTO MUNICIPAL DE AGUA E ESGOTO - DMAE;17;0.00;0.00
03;1611010101;2022;170;Outros Recursos Não Vinculados;12;Departamento Municipal de Agua e Esgoto;Vendas de Editais - DMAE;DEPARTAMENTO MUNICIPAL DE AGUA E ESGOTO - DMAE;17;0.00;0.00
02;1611010102;2022;170;Outros Recursos Não Vinculados;1;PREFEITURA MUNICIPAL DE UBERLÂNDIA;Serviços Administrativos e Comerciais Gerais - PMU;SECRETARIA MUNICIPAL DE FINANÇAS;06;0.00;144.53
02;1611010102;2022;170;Outros Recursos Não Vinculados;2;PREFEITURA MUNICIPAL DE UBERLÂNDIA;Serviços Administrativos e Comerciais Gerais - PMU;SECRETARIA MUNICIPAL DE FINANÇAS;06;0.00;23.39
02;1611010102;2022;170;Outros Recursos Não Vinculados;3;PREFEITURA MUNICIPAL DE UBERLÂNDIA;Serviços Administrativos e Comerciais Gerais - PMU;SECRETARIA MUNICIPAL DE FINANÇAS;06;0.00;371.57
02;1611010102;2022;170;Outros Recursos Não Vinculados;4;PREFEITURA MUNICIPAL DE UBERLÂNDIA;Serviços Administrativos e Comerciais Gerais - PMU;SECRETARIA MUNICIPAL DE FINANÇAS;06;0.00;70.30
02;1611010102;2022;170;Outros Recursos Não Vinculados;5;PREFEITURA MUNICIPAL DE UBERLÂNDIA;Serviços Administrativos e Comerciais Gerais - PMU;SECRETARIA MUNICIPAL DE FINANÇAS;06;0.00;0.00
02;1611010102;2022;170;Outros Recursos Não Vinculados;6;PREFEITURA MUNICIPAL DE UBERLÂNDIA;Serviços Administrativos e Comerciais Gerais - PMU;SECRETARIA MUNICIPAL DE FINANÇAS;06;0.00;0.00
02;1611010102;2022;170;Outros Recursos Não Vinculados;7;PREFEITURA MUNICIPAL DE UBERLÂNDIA;Serviços Administrativos e Comerciais Gerais - PMU;SECRETARIA MUNICIPAL DE FINANÇAS;06;0.00;54.69
02;1611010102;2022;170;Outros Recursos Não Vinculados;8;PREFEITURA MUNICIPAL DE UBERLÂNDIA;Serviços Administrativos e Comerciais Gerais - PMU;SECRETARIA MUNICIPAL DE FINANÇAS;06;0.00;0.00
02;1611010102;2022;170;Outros Recursos Não Vinculados;9;PREFEITURA MUNICIPAL DE UBERLÂNDIA;Serviços Administrativos e Comerciais Gerais - PMU;SECRETARIA MUNICIPAL DE FINANÇAS;06;0.00;0.00
02;1611010102;2022;170;Outros Recursos Não Vinculados;10;PREFEITURA MUNICIPAL DE UBERLÂNDIA;Serviços Administrativos e Comerciais Gerais - PMU;SECRETARIA MUNICIPAL DE FINANÇAS;06;0.00;194.65
02;1611010102;2022;170;Outros Recursos Não Vinculados;11;PREFEITURA MUNICIPAL DE UBERLÂNDIA;Serviços Administrativos e Comerciais Gerais - PMU;SECRETARIA MUNICIPAL DE FINANÇAS;06;0.00;0.00
02;1611010102;2022;170;Outros Recursos Não Vinculados;12;PREFEITURA MUNICIPAL DE UBERLÂNDIA;Serviços Administrativos e Comerciais Gerais - PMU;SECRETARIA MUNICIPAL DE FINANÇAS;06;0.00;140.87
03;1611010103;2022;170;Outros Recursos Não Vinculados;1;Departamento Municipal de Agua e Esgoto;Serviços Administrativos - DMAE;DEPARTAMENTO MUNICIPAL DE AGUA E ESGOTO - DMAE;17;5901.39;64000.00
03;1611010103;2022;170;Outros Recursos Não Vinculados;2;Departamento Municipal de Agua e Esgoto;Serviços Administrativos - DMAE;DEPARTAMENTO MUNICIPAL DE AGUA E ESGOTO - DMAE;17;6262.04;44000.00
03;1611010103;2022;170;Outros Recursos Não Vinculados;3;Departamento Municipal de Agua e Esgoto;Serviços Administrativos - DMAE;DEPARTAMENTO MUNICIPAL DE AGUA E ESGOTO - DMAE;17;5813.85;15000.00
03;1611010103;2022;170;Outros Recursos Não Vinculados;4;Departamento Municipal de Agua e Esgoto;Serviços Administrativos - DMAE;DEPARTAMENTO MUNICIPAL DE AGUA E ESGOTO - DMAE;17;4654.20;8000.00
03;1611010103;2022;170;Outros Recursos Não Vinculados;5;Departamento Municipal de Agua e Esgoto;Serviços Administrativos - DMAE;DEPARTAMENTO MUNICIPAL DE AGUA E ESGOTO - DMAE;17;5744.76;8000.00
03;1611010103;2022;170;Outros Recursos Não Vinculados;6;Departamento Municipal de Agua e Esgoto;Serviços Administrativos - DMAE;DEPARTAMENTO MUNICIPAL DE AGUA E ESGOTO - DMAE;17;7950.10;8000.00
03;1611010103;2022;170;Outros Recursos Não Vinculados;7;Departamento Municipal de Agua e Esgoto;Serviços Administrativos - DMAE;DEPARTAMENTO MUNICIPAL DE AGUA E ESGOTO - DMAE;17;5525.09;8000.00
03;1611010103;2022;170;Outros Recursos Não Vinculados;8;Departamento Municipal de Agua e Esgoto;Serviços Administrativos - DMAE;DEPARTAMENTO MUNICIPAL DE AGUA E ESGOTO - DMAE;17;6832.72;9000.00
03;1611010103;2022;170;Outros Recursos Não Vinculados;9;Departamento Municipal de Agua e Esgoto;Serviços Administrativos - DMAE;DEPARTAMENTO MUNICIPAL DE AGUA E ESGOTO - DMAE;17;5705.98;7000.00
03;1611010103;2022;170;Outros Recursos Não Vinculados;10;Departamento Municipal de Agua e Esgoto;Serviços Administrativos - DMAE;DEPARTAMENTO MUNICIPAL DE AGUA E ESGOTO - DMAE;17;4959.83;7000.00
03;1611010103;2022;170;Outros Recursos Não Vinculados;11;Departamento Municipal de Agua e Esgoto;Serviços Administrativos - DMAE;DEPARTAMENTO MUNICIPAL DE AGUA E ESGOTO - DMAE;17;5213.20;7000.00
03;1611010103;2022;170;Outros Recursos Não Vinculados;12;Departamento Municipal de Agua e Esgoto;Serviços Administrativos - DMAE;DEPARTAMENTO MUNICIPAL DE AGUA E ESGOTO - DMAE;17;5038.66;7000.00
02;1611010104;2022;170;Outros Recursos Não Vinculados;1;PREFEITURA MUNICIPAL DE UBERLÂNDIA;Serviços Administrativos - FMTT;SECRETARIA MUNICIPAL DE TRÂNSITO E TRANSPORTES;15;383.74;6152.63
02;1611010104;2022;170;Outros Recursos Não Vinculados;2;PREFEITURA MUNICIPAL DE UBERLÂNDIA;Serviços Administrativos - FMTT;SECRETARIA MUNICIPAL DE TRÂNSITO E TRANSPORTES;15;10738.95;6766.05
02;1611010104;2022;170;Outros Recursos Não Vinculados;3;PREFEITURA MUNICIPAL DE UBERLÂNDIA;Serviços Administrativos - FMTT;SECRETARIA MUNICIPAL DE TRÂNSITO E TRANSPORTES;15;8837.15;5055.39
02;1611010104;2022;170;Outros Recursos Não Vinculados;4;PREFEITURA MUNICIPAL DE UBERLÂNDIA;Serviços Administrativos - FMTT;SECRETARIA MUNICIPAL DE TRÂNSITO E TRANSPORTES;15;2246.19;2423.05
02;1611010104;2022;170;Outros Recursos Não Vinculados;5;PREFEITURA MUNICIPAL DE UBERLÂNDIA;Serviços Administrativos - FMTT;SECRETARIA MUNICIPAL DE TRÂNSITO E TRANSPORTES;15;4689.11;1622.64
02;1611010104;2022;170;Outros Recursos Não Vinculados;6;PREFEITURA MUNICIPAL DE UBERLÂNDIA;Serviços Administrativos - FMTT;SECRETARIA MUNICIPAL DE TRÂNSITO E TRANSPORTES;15;4836.72;2694.39
02;1611010104;2022;170;Outros Recursos Não Vinculados;7;PREFEITURA MUNICIPAL DE UBERLÂNDIA;Serviços Administrativos - FMTT;SECRETARIA MUNICIPAL DE TRÂNSITO E TRANSPORTES;15;147.51;4271.20
02;1611010104;2022;170;Outros Recursos Não Vinculados;8;PREFEITURA MUNICIPAL DE UBERLÂNDIA;Serviços Administrativos - FMTT;SECRETARIA MUNICIPAL DE TRÂNSITO E TRANSPORTES;15;2541.31;2359.18
02;1611010104;2022;170;Outros Recursos Não Vinculados;9;PREFEITURA MUNICIPAL DE UBERLÂNDIA;Serviços Administrativos - FMTT;SECRETARIA MUNICIPAL DE TRÂNSITO E TRANSPORTES;15;3933.75;2431.14
02;1611010104;2022;170;Outros Recursos Não Vinculados;10;PREFEITURA MUNICIPAL DE UBERLÂNDIA;Serviços Administrativos - FMTT;SECRETARIA MUNICIPAL DE TRÂNSITO E TRANSPORTES;15;885.11;376.12
02;1611010104;2022;170;Outros Recursos Não Vinculados;11;PREFEITURA MUNICIPAL DE UBERLÂNDIA;Serviços Administrativos - FMTT;SECRETARIA MUNICIPAL DE TRÂNSITO E TRANSPORTES;15;491.95;2492.87
02;1611010104;2022;170;Outros Recursos Não Vinculados;12;PREFEITURA MUNICIPAL DE UBERLÂNDIA;Serviços Administrativos - FMTT;SECRETARIA MUNICIPAL DE TRÂNSITO E TRANSPORTES;15;4492.38;3355.34
02;1611010105;2022;170;Outros Recursos Não Vinculados;1;PREFEITURA MUNICIPAL DE UBERLÂNDIA;Serviços Agropecuários - FMSAN;SECRETARIA MUNICIPAL DE AGROPECUÁRIA E ABASTECIMEN;12;18557.48;22744.27
02;1611010105;2022;170;Outros Recursos Não Vinculados;2;PREFEITURA MUNICIPAL DE UBERLÂNDIA;Serviços Agropecuários - FMSAN;SECRETARIA MUNICIPAL DE AGROPECUÁRIA E ABASTECIMEN;12;12827.11;18326.18
02;1611010105;2022;170;Outros Recursos Não Vinculados;3;PREFEITURA MUNICIPAL DE UBERLÂNDIA;Serviços Agropecuários - FMSAN;SECRETARIA MUNICIPAL DE AGROPECUÁRIA E ABASTECIMEN;12;8947.16;22719.23
02;1611010105;2022;170;Outros Recursos Não Vinculados;4;PREFEITURA MUNICIPAL DE UBERLÂNDIA;Serviços Agropecuários - FMSAN;SECRETARIA MUNICIPAL DE AGROPECUÁRIA E ABASTECIMEN;12;3611.04;26648.07
02;1611010105;2022;170;Outros Recursos Não Vinculados;5;PREFEITURA MUNICIPAL DE UBERLÂNDIA;Serviços Agropecuários - FMSAN;SECRETARIA MUNICIPAL DE AGROPECUÁRIA E ABASTECIMEN;12;5571.70;22908.31
02;1611010105;2022;170;Outros Recursos Não Vinculados;6;PREFEITURA MUNICIPAL DE UBERLÂNDIA;Serviços Agropecuários - FMSAN;SECRETARIA MUNICIPAL DE AGROPECUÁRIA E ABASTECIMEN;12;3247.14;21288.00
02;1611010105;2022;170;Outros Recursos Não Vinculados;7;PREFEITURA MUNICIPAL DE UBERLÂNDIA;Serviços Agropecuários - FMSAN;SECRETARIA MUNICIPAL DE AGROPECUÁRIA E ABASTECIMEN;12;2560.26;14614.84
02;1611010105;2022;170;Outros Recursos Não Vinculados;8;PREFEITURA MUNICIPAL DE UBERLÂNDIA;Serviços Agropecuários - FMSAN;SECRETARIA MUNICIPAL DE AGROPECUÁRIA E ABASTECIMEN;12;2095.06;11323.47
02;1611010105;2022;170;Outros Recursos Não Vinculados;9;PREFEITURA MUNICIPAL DE UBERLÂNDIA;Serviços Agropecuários - FMSAN;SECRETARIA MUNICIPAL DE AGROPECUÁRIA E ABASTECIMEN;12;2916.79;13499.07
02;1611010105;2022;170;Outros Recursos Não Vinculados;10;PREFEITURA MUNICIPAL DE UBERLÂNDIA;Serviços Agropecuários - FMSAN;SECRETARIA MUNICIPAL DE AGROPECUÁRIA E ABASTECIMEN;12;1134.60;19422.54
02;1611010105;2022;170;Outros Recursos Não Vinculados;11;PREFEITURA MUNICIPAL DE UBERLÂNDIA;Serviços Agropecuários - FMSAN;SECRETARIA MUNICIPAL DE AGROPECUÁRIA E ABASTECIMEN;12;204.29;12128.38
02;1611010105;2022;170;Outros Recursos Não Vinculados;12;PREFEITURA MUNICIPAL DE UBERLÂNDIA;Serviços Agropecuários - FMSAN;SECRETARIA MUNICIPAL DE AGROPECUÁRIA E ABASTECIMEN;12;114.81;14377.64
02;1611010106;2022;170;Outros Recursos Não Vinculados;1;PREFEITURA MUNICIPAL DE UBERLÂNDIA;Serviços Administrativos  - Agropecuária;SECRETARIA MUNICIPAL DE FINANÇAS;06;0.00;83.33
02;1611010106;2022;170;Outros Recursos Não Vinculados;2;PREFEITURA MUNICIPAL DE UBERLÂNDIA;Serviços Administrativos  - Agropecuária;SECRETARIA MUNICIPAL DE FINANÇAS;06;0.00;83.33
02;1611010106;2022;170;Outros Recursos Não Vinculados;3;PREFEITURA MUNICIPAL DE UBERLÂNDIA;Serviços Administrativos  - Agropecuária;SECRETARIA MUNICIPAL DE FINANÇAS;06;0.00;83.33
02;1611010106;2022;170;Outros Recursos Não Vinculados;4;PREFEITURA MUNICIPAL DE UBERLÂNDIA;Serviços Administrativos  - Agropecuária;SECRETARIA MUNICIPAL DE FINANÇAS;06;0.00;83.33
02;1611010106;2022;170;Outros Recursos Não Vinculados;5;PREFEITURA MUNICIPAL DE UBERLÂNDIA;Serviços Administrativos  - Agropecuária;SECRETARIA MUNICIPAL DE FINANÇAS;06;0.00;83.33
02;1611010106;2022;170;Outros Recursos Não Vinculados;6;PREFEITURA MUNICIPAL DE UBERLÂNDIA;Serviços Administrativos  - Agropecuária;SECRETARIA MUNICIPAL DE FINANÇAS;06;0.00;83.33
02;1611010106;2022;170;Outros Recursos Não Vinculados;7;PREFEITURA MUNICIPAL DE UBERLÂNDIA;Serviços Administrativos  - Agropecuária;SECRETARIA MUNICIPAL DE FINANÇAS;06;0.00;83.33
02;1611010106;2022;170;Outros Recursos Não Vinculados;8;PREFEITURA MUNICIPAL DE UBERLÂNDIA;Serviços Administrativos  - Agropecuária;SECRETARIA MUNICIPAL DE FINANÇAS;06;0.00;83.33
02;1611010106;2022;170;Outros Recursos Não Vinculados;9;PREFEITURA MUNICIPAL DE UBERLÂNDIA;Serviços Administrativos  - Agropecuária;SECRETARIA MUNICIPAL DE FINANÇAS;06;0.00;83.33
02;1611010106;2022;170;Outros Recursos Não Vinculados;10;PREFEITURA MUNICIPAL DE UBERLÂNDIA;Serviços Administrativos  - Agropecuária;SECRETARIA MUNICIPAL DE FINANÇAS;06;0.00;83.33
02;1611010106;2022;170;Outros Recursos Não Vinculados;11;PREFEITURA MUNICIPAL DE UBERLÂNDIA;Serviços Administrativos  - Agropecuária;SECRETARIA MUNICIPAL DE FINANÇAS;06;0.00;83.33
02;1611010106;2022;170;Outros Recursos Não Vinculados;12;PREFEITURA MUNICIPAL DE UBERLÂNDIA;Serviços Administrativos  - Agropecuária;SECRETARIA MUNICIPAL DE FINANÇAS;06;0.00;83.37
03;1611010107;2022;170;Outros Recursos Não Vinculados;1;Departamento Municipal de Agua e Esgoto;Preço do Serviço de Água - DMAE;DEPARTAMENTO MUNICIPAL DE AGUA E ESGOTO - DMAE;17;11410832.91;11132000.00
03;1611010107;2022;170;Outros Recursos Não Vinculados;2;Departamento Municipal de Agua e Esgoto;Preço do Serviço de Água - DMAE;DEPARTAMENTO MUNICIPAL DE AGUA E ESGOTO - DMAE;17;9943991.30;12133000.00
03;1611010107;2022;170;Outros Recursos Não Vinculados;3;Departamento Municipal de Agua e Esgoto;Preço do Serviço de Água - DMAE;DEPARTAMENTO MUNICIPAL DE AGUA E ESGOTO - DMAE;17;12609340.51;14359000.00
03;1611010107;2022;170;Outros Recursos Não Vinculados;4;Departamento Municipal de Agua e Esgoto;Preço do Serviço de Água - DMAE;DEPARTAMENTO MUNICIPAL DE AGUA E ESGOTO - DMAE;17;12597673.45;13683000.00
03;1611010107;2022;170;Outros Recursos Não Vinculados;5;Departamento Municipal de Agua e Esgoto;Preço do Serviço de Água - DMAE;DEPARTAMENTO MUNICIPAL DE AGUA E ESGOTO - DMAE;17;14031015.17;14430000.00
03;1611010107;2022;170;Outros Recursos Não Vinculados;6;Departamento Municipal de Agua e Esgoto;Preço do Serviço de Água - DMAE;DEPARTAMENTO MUNICIPAL DE AGUA E ESGOTO - DMAE;17;13043399.60;14894000.00
03;1611010107;2022;170;Outros Recursos Não Vinculados;7;Departamento Municipal de Agua e Esgoto;Preço do Serviço de Água - DMAE;DEPARTAMENTO MUNICIPAL DE AGUA E ESGOTO - DMAE;17;12641294.70;16127000.00
03;1611010107;2022;170;Outros Recursos Não Vinculados;8;Departamento Municipal de Agua e Esgoto;Preço do Serviço de Água - DMAE;DEPARTAMENTO MUNICIPAL DE AGUA E ESGOTO - DMAE;17;13450562.14;15014000.00
03;1611010107;2022;170;Outros Recursos Não Vinculados;9;Departamento Municipal de Agua e Esgoto;Preço do Serviço de Água - DMAE;DEPARTAMENTO MUNICIPAL DE AGUA E ESGOTO - DMAE;17;13916051.38;16499000.00
03;1611010107;2022;170;Outros Recursos Não Vinculados;10;Departamento Municipal de Agua e Esgoto;Preço do Serviço de Água - DMAE;DEPARTAMENTO MUNICIPAL DE AGUA E ESGOTO - DMAE;17;13785087.41;16231000.00
03;1611010107;2022;170;Outros Recursos Não Vinculados;11;Departamento Municipal de Agua e Esgoto;Preço do Serviço de Água - DMAE;DEPARTAMENTO MUNICIPAL DE AGUA E ESGOTO - DMAE;17;13349127.35;16274000.00
03;1611010107;2022;170;Outros Recursos Não Vinculados;12;Departamento Municipal de Agua e Esgoto;Preço do Serviço de Água - DMAE;DEPARTAMENTO MUNICIPAL DE AGUA E ESGOTO - DMAE;17;13474788.57;18261000.00
03;1611010108;2022;170;Outros Recursos Não Vinculados;1;Departamento Municipal de Agua e Esgoto;Aprovação de Projetos - DMAE;DEPARTAMENTO MUNICIPAL DE AGUA E ESGOTO - DMAE;17;42061.63;66000.00
03;1611010108;2022;170;Outros Recursos Não Vinculados;2;Departamento Municipal de Agua e Esgoto;Aprovação de Projetos - DMAE;DEPARTAMENTO MUNICIPAL DE AGUA E ESGOTO - DMAE;17;41660.04;40000.00
03;1611010108;2022;170;Outros Recursos Não Vinculados;3;Departamento Municipal de Agua e Esgoto;Aprovação de Projetos - DMAE;DEPARTAMENTO MUNICIPAL DE AGUA E ESGOTO - DMAE;17;41529.58;47000.00
03;1611010108;2022;170;Outros Recursos Não Vinculados;4;Departamento Municipal de Agua e Esgoto;Aprovação de Projetos - DMAE;DEPARTAMENTO MUNICIPAL DE AGUA E ESGOTO - DMAE;17;35905.71;40000.00
03;1611010108;2022;170;Outros Recursos Não Vinculados;5;Departamento Municipal de Agua e Esgoto;Aprovação de Projetos - DMAE;DEPARTAMENTO MUNICIPAL DE AGUA E ESGOTO - DMAE;17;37240.30;29000.00
03;1611010108;2022;170;Outros Recursos Não Vinculados;6;Departamento Municipal de Agua e Esgoto;Aprovação de Projetos - DMAE;DEPARTAMENTO MUNICIPAL DE AGUA E ESGOTO - DMAE;17;101128.01;56000.00
03;1611010108;2022;170;Outros Recursos Não Vinculados;7;Departamento Municipal de Agua e Esgoto;Aprovação de Projetos - DMAE;DEPARTAMENTO MUNICIPAL DE AGUA E ESGOTO - DMAE;17;46511.77;35000.00
03;1611010108;2022;170;Outros Recursos Não Vinculados;8;Departamento Municipal de Agua e Esgoto;Aprovação de Projetos - DMAE;DEPARTAMENTO MUNICIPAL DE AGUA E ESGOTO - DMAE;17;52520.21;27000.00
03;1611010108;2022;170;Outros Recursos Não Vinculados;9;Departamento Municipal de Agua e Esgoto;Aprovação de Projetos - DMAE;DEPARTAMENTO MUNICIPAL DE AGUA E ESGOTO - DMAE;17;41167.84;39000.00
03;1611010108;2022;170;Outros Recursos Não Vinculados;10;Departamento Municipal de Agua e Esgoto;Aprovação de Projetos - DMAE;DEPARTAMENTO MUNICIPAL DE AGUA E ESGOTO - DMAE;17;29258.34;29000.00
03;1611010108;2022;170;Outros Recursos Não Vinculados;11;Departamento Municipal de Agua e Esgoto;Aprovação de Projetos - DMAE;DEPARTAMENTO MUNICIPAL DE AGUA E ESGOTO - DMAE;17;42493.47;57000.00
03;1611010108;2022;170;Outros Recursos Não Vinculados;12;Departamento Municipal de Agua e Esgoto;Aprovação de Projetos - DMAE;DEPARTAMENTO MUNICIPAL DE AGUA E ESGOTO - DMAE;17;53489.22;70000.00
03;1611010109;2022;170;Outros Recursos Não Vinculados;1;Departamento Municipal de Agua e Esgoto;Baixa de Pena Dágua - DMAE;DEPARTAMENTO MUNICIPAL DE AGUA E ESGOTO - DMAE;17;2541.59;3000.00
03;1611010109;2022;170;Outros Recursos Não Vinculados;2;Departamento Municipal de Agua e Esgoto;Baixa de Pena Dágua - DMAE;DEPARTAMENTO MUNICIPAL DE AGUA E ESGOTO - DMAE;17;1466.98;2000.00
03;1611010109;2022;170;Outros Recursos Não Vinculados;3;Departamento Municipal de Agua e Esgoto;Baixa de Pena Dágua - DMAE;DEPARTAMENTO MUNICIPAL DE AGUA E ESGOTO - DMAE;17;2198.60;3000.00
03;1611010109;2022;170;Outros Recursos Não Vinculados;4;Departamento Municipal de Agua e Esgoto;Baixa de Pena Dágua - DMAE;DEPARTAMENTO MUNICIPAL DE AGUA E ESGOTO - DMAE;17;664.90;0.00
03;1611010109;2022;170;Outros Recursos Não Vinculados;5;Departamento Municipal de Agua e Esgoto;Baixa de Pena Dágua - DMAE;DEPARTAMENTO MUNICIPAL DE AGUA E ESGOTO - DMAE;17;1790.48;1000.00
03;1611010109;2022;170;Outros Recursos Não Vinculados;6;Departamento Municipal de Agua e Esgoto;Baixa de Pena Dágua - DMAE;DEPARTAMENTO MUNICIPAL DE AGUA E ESGOTO - DMAE;17;1361.72;0.00
03;1611010109;2022;170;Outros Recursos Não Vinculados;7;Departamento Municipal de Agua e Esgoto;Baixa de Pena Dágua - DMAE;DEPARTAMENTO MUNICIPAL DE AGUA E ESGOTO - DMAE;17;900.72;1000.00
03;1611010109;2022;170;Outros Recursos Não Vinculados;8;Departamento Municipal de Agua e Esgoto;Baixa de Pena Dágua - DMAE;DEPARTAMENTO MUNICIPAL DE AGUA E ESGOTO - DMAE;17;1491.14;1000.00
03;1611010109;2022;170;Outros Recursos Não Vinculados;9;Departamento Municipal de Agua e Esgoto;Baixa de Pena Dágua - DMAE;DEPARTAMENTO MUNICIPAL DE AGUA E ESGOTO - DMAE;17;1726.96;2000.00
03;1611010109;2022;170;Outros Recursos Não Vinculados;10;Departamento Municipal de Agua e Esgoto;Baixa de Pena Dágua - DMAE;DEPARTAMENTO MUNICIPAL DE AGUA E ESGOTO - DMAE;17;1104.62;1000.00
03;1611010109;2022;170;Outros Recursos Não Vinculados;11;Departamento Municipal de Agua e Esgoto;Baixa de Pena Dágua - DMAE;DEPARTAMENTO MUNICIPAL DE AGUA E ESGOTO - DMAE;17;1313.84;2000.00
03;1611010109;2022;170;Outros Recursos Não Vinculados;12;Departamento Municipal de Agua e Esgoto;Baixa de Pena Dágua - DMAE;DEPARTAMENTO MUNICIPAL DE AGUA E ESGOTO - DMAE;17;1533.70;2000.00
03;1611010110;2022;170;Outros Recursos Não Vinculados;1;Departamento Municipal de Agua e Esgoto;Concessão de Habite-se - DMAE;DEPARTAMENTO MUNICIPAL DE AGUA E ESGOTO - DMAE;17;7888.26;11000.00
03;1611010110;2022;170;Outros Recursos Não Vinculados;2;Departamento Municipal de Agua e Esgoto;Concessão de Habite-se - DMAE;DEPARTAMENTO MUNICIPAL DE AGUA E ESGOTO - DMAE;17;7098.40;13000.00
03;1611010110;2022;170;Outros Recursos Não Vinculados;3;Departamento Municipal de Agua e Esgoto;Concessão de Habite-se - DMAE;DEPARTAMENTO MUNICIPAL DE AGUA E ESGOTO - DMAE;17;15677.29;14000.00
03;1611010110;2022;170;Outros Recursos Não Vinculados;4;Departamento Municipal de Agua e Esgoto;Concessão de Habite-se - DMAE;DEPARTAMENTO MUNICIPAL DE AGUA E ESGOTO - DMAE;17;10925.89;12000.00
03;1611010110;2022;170;Outros Recursos Não Vinculados;5;Departamento Municipal de Agua e Esgoto;Concessão de Habite-se - DMAE;DEPARTAMENTO MUNICIPAL DE AGUA E ESGOTO - DMAE;17;13102.30;5000.00
03;1611010110;2022;170;Outros Recursos Não Vinculados;6;Departamento Municipal de Agua e Esgoto;Concessão de Habite-se - DMAE;DEPARTAMENTO MUNICIPAL DE AGUA E ESGOTO - DMAE;17;18281.82;2000.00
03;1611010110;2022;170;Outros Recursos Não Vinculados;7;Departamento Municipal de Agua e Esgoto;Concessão de Habite-se - DMAE;DEPARTAMENTO MUNICIPAL DE AGUA E ESGOTO - DMAE;17;15280.98;1000.00
03;1611010110;2022;170;Outros Recursos Não Vinculados;8;Departamento Municipal de Agua e Esgoto;Concessão de Habite-se - DMAE;DEPARTAMENTO MUNICIPAL DE AGUA E ESGOTO - DMAE;17;17081.21;22000.00
03;1611010110;2022;170;Outros Recursos Não Vinculados;9;Departamento Municipal de Agua e Esgoto;Concessão de Habite-se - DMAE;DEPARTAMENTO MUNICIPAL DE AGUA E ESGOTO - DMAE;17;17903.96;30000.00
03;1611010110;2022;170;Outros Recursos Não Vinculados;10;Departamento Municipal de Agua e Esgoto;Concessão de Habite-se - DMAE;DEPARTAMENTO MUNICIPAL DE AGUA E ESGOTO - DMAE;17;18576.67;22000.00
03;1611010110;2022;170;Outros Recursos Não Vinculados;11;Departamento Municipal de Agua e Esgoto;Concessão de Habite-se - DMAE;DEPARTAMENTO MUNICIPAL DE AGUA E ESGOTO - DMAE;17;15074.76;16000.00
03;1611010110;2022;170;Outros Recursos Não Vinculados;12;Departamento Municipal de Agua e Esgoto;Concessão de Habite-se - DMAE;DEPARTAMENTO MUNICIPAL DE AGUA E ESGOTO - DMAE;17;16209.41;14000.00
03;1611010111;2022;170;Outros Recursos Não Vinculados;1;Departamento Municipal de Agua e Esgoto;Preço de Ligação de Água - DMAE;DEPARTAMENTO MUNICIPAL DE AGUA E ESGOTO - DMAE;17;74032.52;60000.00
03;1611010111;2022;170;Outros Recursos Não Vinculados;2;Departamento Municipal de Agua e Esgoto;Preço de Ligação de Água - DMAE;DEPARTAMENTO MUNICIPAL DE AGUA E ESGOTO - DMAE;17;55245.83;51000.00
03;1611010111;2022;170;Outros Recursos Não Vinculados;3;Departamento Municipal de Agua e Esgoto;Preço de Ligação de Água - DMAE;DEPARTAMENTO MUNICIPAL DE AGUA E ESGOTO - DMAE;17;64164.40;65000.00
03;1611010111;2022;170;Outros Recursos Não Vinculados;4;Departamento Municipal de Agua e Esgoto;Preço de Ligação de Água - DMAE;DEPARTAMENTO MUNICIPAL DE AGUA E ESGOTO - DMAE;17;52727.84;59000.00
03;1611010111;2022;170;Outros Recursos Não Vinculados;5;Departamento Municipal de Agua e Esgoto;Preço de Ligação de Água - DMAE;DEPARTAMENTO MUNICIPAL DE AGUA E ESGOTO - DMAE;17;73764.69;61000.00
03;1611010111;2022;170;Outros Recursos Não Vinculados;6;Departamento Municipal de Agua e Esgoto;Preço de Ligação de Água - DMAE;DEPARTAMENTO MUNICIPAL DE AGUA E ESGOTO - DMAE;17;81763.89;52000.00
03;1611010111;2022;170;Outros Recursos Não Vinculados;7;Departamento Municipal de Agua e Esgoto;Preço de Ligação de Água - DMAE;DEPARTAMENTO MUNICIPAL DE AGUA E ESGOTO - DMAE;17;59548.76;43000.00
03;1611010111;2022;170;Outros Recursos Não Vinculados;8;Departamento Municipal de Agua e Esgoto;Preço de Ligação de Água - DMAE;DEPARTAMENTO MUNICIPAL DE AGUA E ESGOTO - DMAE;17;75756.97;49000.00
03;1611010111;2022;170;Outros Recursos Não Vinculados;9;Departamento Municipal de Agua e Esgoto;Preço de Ligação de Água - DMAE;DEPARTAMENTO MUNICIPAL DE AGUA E ESGOTO - DMAE;17;58518.60;54000.00
03;1611010111;2022;170;Outros Recursos Não Vinculados;10;Departamento Municipal de Agua e Esgoto;Preço de Ligação de Água - DMAE;DEPARTAMENTO MUNICIPAL DE AGUA E ESGOTO - DMAE;17;60337.95;55000.00
03;1611010111;2022;170;Outros Recursos Não Vinculados;11;Departamento Municipal de Agua e Esgoto;Preço de Ligação de Água - DMAE;DEPARTAMENTO MUNICIPAL DE AGUA E ESGOTO - DMAE;17;75320.15;73000.00
03;1611010111;2022;170;Outros Recursos Não Vinculados;12;Departamento Municipal de Agua e Esgoto;Preço de Ligação de Água - DMAE;DEPARTAMENTO MUNICIPAL DE AGUA E ESGOTO - DMAE;17;68051.53;77000.00
03;1611010112;2022;170;Outros Recursos Não Vinculados;1;Departamento Municipal de Agua e Esgoto;Preço de Expansão Rede de Água - DMAE;DEPARTAMENTO MUNICIPAL DE AGUA E ESGOTO - DMAE;17;0.00;0.00
03;1611010112;2022;170;Outros Recursos Não Vinculados;2;Departamento Municipal de Agua e Esgoto;Preço de Expansão Rede de Água - DMAE;DEPARTAMENTO MUNICIPAL DE AGUA E ESGOTO - DMAE;17;0.00;10000.00
03;1611010112;2022;170;Outros Recursos Não Vinculados;3;Departamento Municipal de Agua e Esgoto;Preço de Expansão Rede de Água - DMAE;DEPARTAMENTO MUNICIPAL DE AGUA E ESGOTO - DMAE;17;0.00;0.00
03;1611010112;2022;170;Outros Recursos Não Vinculados;4;Departamento Municipal de Agua e Esgoto;Preço de Expansão Rede de Água - DMAE;DEPARTAMENTO MUNICIPAL DE AGUA E ESGOTO - DMAE;17;0.00;0.00
03;1611010112;2022;170;Outros Recursos Não Vinculados;5;Departamento Municipal de Agua e Esgoto;Preço de Expansão Rede de Água - DMAE;DEPARTAMENTO MUNICIPAL DE AGUA E ESGOTO - DMAE;17;0.00;0.00
03;1611010112;2022;170;Outros Recursos Não Vinculados;6;Departamento Municipal de Agua e Esgoto;Preço de Expansão Rede de Água - DMAE;DEPARTAMENTO MUNICIPAL DE AGUA E ESGOTO - DMAE;17;0.00;0.00
03;1611010112;2022;170;Outros Recursos Não Vinculados;7;Departamento Municipal de Agua e Esgoto;Preço de Expansão Rede de Água - DMAE;DEPARTAMENTO MUNICIPAL DE AGUA E ESGOTO - DMAE;17;0.00;0.00
03;1611010112;2022;170;Outros Recursos Não Vinculados;8;Departamento Municipal de Agua e Esgoto;Preço de Expansão Rede de Água - DMAE;DEPARTAMENTO MUNICIPAL DE AGUA E ESGOTO - DMAE;17;0.00;10000.00
03;1611010112;2022;170;Outros Recursos Não Vinculados;9;Departamento Municipal de Agua e Esgoto;Preço de Expansão Rede de Água - DMAE;DEPARTAMENTO MUNICIPAL DE AGUA E ESGOTO - DMAE;17;0.00;0.00
03;1611010112;2022;170;Outros Recursos Não Vinculados;10;Departamento Municipal de Agua e Esgoto;Preço de Expansão Rede de Água - DMAE;DEPARTAMENTO MUNICIPAL DE AGUA E ESGOTO - DMAE;17;0.00;0.00
03;1611010112;2022;170;Outros Recursos Não Vinculados;11;Departamento Municipal de Agua e Esgoto;Preço de Expansão Rede de Água - DMAE;DEPARTAMENTO MUNICIPAL DE AGUA E ESGOTO - DMAE;17;0.00;0.00
03;1611010112;2022;170;Outros Recursos Não Vinculados;12;Departamento Municipal de Agua e Esgoto;Preço de Expansão Rede de Água - DMAE;DEPARTAMENTO MUNICIPAL DE AGUA E ESGOTO - DMAE;17;0.00;0.00
03;1611010113;2022;170;Outros Recursos Não Vinculados;1;Departamento Municipal de Agua e Esgoto;Preço do Serviço de Esgoto - DMAE;DEPARTAMENTO MUNICIPAL DE AGUA E ESGOTO - DMAE;17;9221501.35;9006000.00
03;1611010113;2022;170;Outros Recursos Não Vinculados;2;Departamento Municipal de Agua e Esgoto;Preço do Serviço de Esgoto - DMAE;DEPARTAMENTO MUNICIPAL DE AGUA E ESGOTO - DMAE;17;8351194.42;9952000.00
03;1611010113;2022;170;Outros Recursos Não Vinculados;3;Departamento Municipal de Agua e Esgoto;Preço do Serviço de Esgoto - DMAE;DEPARTAMENTO MUNICIPAL DE AGUA E ESGOTO - DMAE;17;10406892.73;11751000.00
03;1611010113;2022;170;Outros Recursos Não Vinculados;4;Departamento Municipal de Agua e Esgoto;Preço do Serviço de Esgoto - DMAE;DEPARTAMENTO MUNICIPAL DE AGUA E ESGOTO - DMAE;17;10645020.99;11141000.00
03;1611010113;2022;170;Outros Recursos Não Vinculados;5;Departamento Municipal de Agua e Esgoto;Preço do Serviço de Esgoto - DMAE;DEPARTAMENTO MUNICIPAL DE AGUA E ESGOTO - DMAE;17;11585744.46;11693000.00
03;1611010113;2022;170;Outros Recursos Não Vinculados;6;Departamento Municipal de Agua e Esgoto;Preço do Serviço de Esgoto - DMAE;DEPARTAMENTO MUNICIPAL DE AGUA E ESGOTO - DMAE;17;10776707.30;11989000.00
03;1611010113;2022;170;Outros Recursos Não Vinculados;7;Departamento Municipal de Agua e Esgoto;Preço do Serviço de Esgoto - DMAE;DEPARTAMENTO MUNICIPAL DE AGUA E ESGOTO - DMAE;17;10570467.11;12506000.00
03;1611010113;2022;170;Outros Recursos Não Vinculados;8;Departamento Municipal de Agua e Esgoto;Preço do Serviço de Esgoto - DMAE;DEPARTAMENTO MUNICIPAL DE AGUA E ESGOTO - DMAE;17;11300347.20;11942000.00
03;1611010113;2022;170;Outros Recursos Não Vinculados;9;Departamento Municipal de Agua e Esgoto;Preço do Serviço de Esgoto - DMAE;DEPARTAMENTO MUNICIPAL DE AGUA E ESGOTO - DMAE;17;11602362.06;13155000.00
03;1611010113;2022;170;Outros Recursos Não Vinculados;10;Departamento Municipal de Agua e Esgoto;Preço do Serviço de Esgoto - DMAE;DEPARTAMENTO MUNICIPAL DE AGUA E ESGOTO - DMAE;17;11450390.26;13011000.00
03;1611010113;2022;170;Outros Recursos Não Vinculados;11;Departamento Municipal de Agua e Esgoto;Preço do Serviço de Esgoto - DMAE;DEPARTAMENTO MUNICIPAL DE AGUA E ESGOTO - DMAE;17;11081098.38;13079000.00
03;1611010113;2022;170;Outros Recursos Não Vinculados;12;Departamento Municipal de Agua e Esgoto;Preço do Serviço de Esgoto - DMAE;DEPARTAMENTO MUNICIPAL DE AGUA E ESGOTO - DMAE;17;11340413.61;14446000.00
03;1611010114;2022;170;Outros Recursos Não Vinculados;1;Departamento Municipal de Agua e Esgoto;Preço de Reposição de Asfalto - DMAE;DEPARTAMENTO MUNICIPAL DE AGUA E ESGOTO - DMAE;17;29810.42;44000.00
03;1611010114;2022;170;Outros Recursos Não Vinculados;2;Departamento Municipal de Agua e Esgoto;Preço de Reposição de Asfalto - DMAE;DEPARTAMENTO MUNICIPAL DE AGUA E ESGOTO - DMAE;17;23704.65;28000.00
03;1611010114;2022;170;Outros Recursos Não Vinculados;3;Departamento Municipal de Agua e Esgoto;Preço de Reposição de Asfalto - DMAE;DEPARTAMENTO MUNICIPAL DE AGUA E ESGOTO - DMAE;17;26390.03;38000.00
03;1611010114;2022;170;Outros Recursos Não Vinculados;4;Departamento Municipal de Agua e Esgoto;Preço de Reposição de Asfalto - DMAE;DEPARTAMENTO MUNICIPAL DE AGUA E ESGOTO - DMAE;17;23166.98;32000.00
03;1611010114;2022;170;Outros Recursos Não Vinculados;5;Departamento Municipal de Agua e Esgoto;Preço de Reposição de Asfalto - DMAE;DEPARTAMENTO MUNICIPAL DE AGUA E ESGOTO - DMAE;17;35886.22;43000.00
03;1611010114;2022;170;Outros Recursos Não Vinculados;6;Departamento Municipal de Agua e Esgoto;Preço de Reposição de Asfalto - DMAE;DEPARTAMENTO MUNICIPAL DE AGUA E ESGOTO - DMAE;17;31488.81;38000.00
03;1611010114;2022;170;Outros Recursos Não Vinculados;7;Departamento Municipal de Agua e Esgoto;Preço de Reposição de Asfalto - DMAE;DEPARTAMENTO MUNICIPAL DE AGUA E ESGOTO - DMAE;17;29548.54;29000.00
03;1611010114;2022;170;Outros Recursos Não Vinculados;8;Departamento Municipal de Agua e Esgoto;Preço de Reposição de Asfalto - DMAE;DEPARTAMENTO MUNICIPAL DE AGUA E ESGOTO - DMAE;17;35308.29;29000.00
03;1611010114;2022;170;Outros Recursos Não Vinculados;9;Departamento Municipal de Agua e Esgoto;Preço de Reposição de Asfalto - DMAE;DEPARTAMENTO MUNICIPAL DE AGUA E ESGOTO - DMAE;17;27119.33;36000.00
03;1611010114;2022;170;Outros Recursos Não Vinculados;10;Departamento Municipal de Agua e Esgoto;Preço de Reposição de Asfalto - DMAE;DEPARTAMENTO MUNICIPAL DE AGUA E ESGOTO - DMAE;17;27129.52;31000.00
03;1611010114;2022;170;Outros Recursos Não Vinculados;11;Departamento Municipal de Agua e Esgoto;Preço de Reposição de Asfalto - DMAE;DEPARTAMENTO MUNICIPAL DE AGUA E ESGOTO - DMAE;17;26743.53;31000.00
03;1611010114;2022;170;Outros Recursos Não Vinculados;12;Departamento Municipal de Agua e Esgoto;Preço de Reposição de Asfalto - DMAE;DEPARTAMENTO MUNICIPAL DE AGUA E ESGOTO - DMAE;17;28418.39;33000.00
03;1611010115;2022;170;Outros Recursos Não Vinculados;1;Departamento Municipal de Agua e Esgoto;Preço de Serviço de Esgoto - Poço Artes - DMAE;DEPARTAMENTO MUNICIPAL DE AGUA E ESGOTO - DMAE;17;204534.86;259000.00
03;1611010115;2022;170;Outros Recursos Não Vinculados;2;Departamento Municipal de Agua e Esgoto;Preço de Serviço de Esgoto - Poço Artes - DMAE;DEPARTAMENTO MUNICIPAL DE AGUA E ESGOTO - DMAE;17;182216.49;249000.00
03;1611010115;2022;170;Outros Recursos Não Vinculados;3;Departamento Municipal de Agua e Esgoto;Preço de Serviço de Esgoto - Poço Artes - DMAE;DEPARTAMENTO MUNICIPAL DE AGUA E ESGOTO - DMAE;17;290673.32;421000.00
03;1611010115;2022;170;Outros Recursos Não Vinculados;4;Departamento Municipal de Agua e Esgoto;Preço de Serviço de Esgoto - Poço Artes - DMAE;DEPARTAMENTO MUNICIPAL DE AGUA E ESGOTO - DMAE;17;253508.82;356000.00
03;1611010115;2022;170;Outros Recursos Não Vinculados;5;Departamento Municipal de Agua e Esgoto;Preço de Serviço de Esgoto - Poço Artes - DMAE;DEPARTAMENTO MUNICIPAL DE AGUA E ESGOTO - DMAE;17;222938.29;290000.00
03;1611010115;2022;170;Outros Recursos Não Vinculados;6;Departamento Municipal de Agua e Esgoto;Preço de Serviço de Esgoto - Poço Artes - DMAE;DEPARTAMENTO MUNICIPAL DE AGUA E ESGOTO - DMAE;17;314813.12;411000.00
03;1611010115;2022;170;Outros Recursos Não Vinculados;7;Departamento Municipal de Agua e Esgoto;Preço de Serviço de Esgoto - Poço Artes - DMAE;DEPARTAMENTO MUNICIPAL DE AGUA E ESGOTO - DMAE;17;179570.16;382000.00
03;1611010115;2022;170;Outros Recursos Não Vinculados;8;Departamento Municipal de Agua e Esgoto;Preço de Serviço de Esgoto - Poço Artes - DMAE;DEPARTAMENTO MUNICIPAL DE AGUA E ESGOTO - DMAE;17;288849.64;303000.00
03;1611010115;2022;170;Outros Recursos Não Vinculados;9;Departamento Municipal de Agua e Esgoto;Preço de Serviço de Esgoto - Poço Artes - DMAE;DEPARTAMENTO MUNICIPAL DE AGUA E ESGOTO - DMAE;17;274883.82;352000.00
03;1611010115;2022;170;Outros Recursos Não Vinculados;10;Departamento Municipal de Agua e Esgoto;Preço de Serviço de Esgoto - Poço Artes - DMAE;DEPARTAMENTO MUNICIPAL DE AGUA E ESGOTO - DMAE;17;222227.93;394000.00
03;1611010115;2022;170;Outros Recursos Não Vinculados;11;Departamento Municipal de Agua e Esgoto;Preço de Serviço de Esgoto - Poço Artes - DMAE;DEPARTAMENTO MUNICIPAL DE AGUA E ESGOTO - DMAE;17;266082.55;320000.00
03;1611010115;2022;170;Outros Recursos Não Vinculados;12;Departamento Municipal de Agua e Esgoto;Preço de Serviço de Esgoto - Poço Artes - DMAE;DEPARTAMENTO MUNICIPAL DE AGUA E ESGOTO - DMAE;17;261643.56;377000.00
03;1611010116;2022;170;Outros Recursos Não Vinculados;1;Departamento Municipal de Agua e Esgoto;Preço de Serviço de Esgoto - PREMEND - DMAE;DEPARTAMENTO MUNICIPAL DE AGUA E ESGOTO - DMAE;17;569856.68;635000.00
03;1611010116;2022;170;Outros Recursos Não Vinculados;2;Departamento Municipal de Agua e Esgoto;Preço de Serviço de Esgoto - PREMEND - DMAE;DEPARTAMENTO MUNICIPAL DE AGUA E ESGOTO - DMAE;17;474858.77;607000.00
03;1611010116;2022;170;Outros Recursos Não Vinculados;3;Departamento Municipal de Agua e Esgoto;Preço de Serviço de Esgoto - PREMEND - DMAE;DEPARTAMENTO MUNICIPAL DE AGUA E ESGOTO - DMAE;17;640909.38;710000.00
03;1611010116;2022;170;Outros Recursos Não Vinculados;4;Departamento Municipal de Agua e Esgoto;Preço de Serviço de Esgoto - PREMEND - DMAE;DEPARTAMENTO MUNICIPAL DE AGUA E ESGOTO - DMAE;17;618889.80;608000.00
03;1611010116;2022;170;Outros Recursos Não Vinculados;5;Departamento Municipal de Agua e Esgoto;Preço de Serviço de Esgoto - PREMEND - DMAE;DEPARTAMENTO MUNICIPAL DE AGUA E ESGOTO - DMAE;17;606733.96;584000.00
03;1611010116;2022;170;Outros Recursos Não Vinculados;6;Departamento Municipal de Agua e Esgoto;Preço de Serviço de Esgoto - PREMEND - DMAE;DEPARTAMENTO MUNICIPAL DE AGUA E ESGOTO - DMAE;17;642938.18;588000.00
03;1611010116;2022;170;Outros Recursos Não Vinculados;7;Departamento Municipal de Agua e Esgoto;Preço de Serviço de Esgoto - PREMEND - DMAE;DEPARTAMENTO MUNICIPAL DE AGUA E ESGOTO - DMAE;17;629507.74;617000.00
03;1611010116;2022;170;Outros Recursos Não Vinculados;8;Departamento Municipal de Agua e Esgoto;Preço de Serviço de Esgoto - PREMEND - DMAE;DEPARTAMENTO MUNICIPAL DE AGUA E ESGOTO - DMAE;17;715022.29;596000.00
03;1611010116;2022;170;Outros Recursos Não Vinculados;9;Departamento Municipal de Agua e Esgoto;Preço de Serviço de Esgoto - PREMEND - DMAE;DEPARTAMENTO MUNICIPAL DE AGUA E ESGOTO - DMAE;17;763782.70;744000.00
03;1611010116;2022;170;Outros Recursos Não Vinculados;10;Departamento Municipal de Agua e Esgoto;Preço de Serviço de Esgoto - PREMEND - DMAE;DEPARTAMENTO MUNICIPAL DE AGUA E ESGOTO - DMAE;17;726687.82;695000.00
03;1611010116;2022;170;Outros Recursos Não Vinculados;11;Departamento Municipal de Agua e Esgoto;Preço de Serviço de Esgoto - PREMEND - DMAE;DEPARTAMENTO MUNICIPAL DE AGUA E ESGOTO - DMAE;17;784123.27;682000.00
03;1611010116;2022;170;Outros Recursos Não Vinculados;12;Departamento Municipal de Agua e Esgoto;Preço de Serviço de Esgoto - PREMEND - DMAE;DEPARTAMENTO MUNICIPAL DE AGUA E ESGOTO - DMAE;17;734387.11;760000.00
03;1611010117;2022;170;Outros Recursos Não Vinculados;1;Departamento Municipal de Agua e Esgoto;Preço de Ligação Esgoto - DMAE;DEPARTAMENTO MUNICIPAL DE AGUA E ESGOTO - DMAE;17;77892.55;101000.00
03;1611010117;2022;170;Outros Recursos Não Vinculados;2;Departamento Municipal de Agua e Esgoto;Preço de Ligação Esgoto - DMAE;DEPARTAMENTO MUNICIPAL DE AGUA E ESGOTO - DMAE;17;63151.01;76000.00
03;1611010117;2022;170;Outros Recursos Não Vinculados;3;Departamento Municipal de Agua e Esgoto;Preço de Ligação Esgoto - DMAE;DEPARTAMENTO MUNICIPAL DE AGUA E ESGOTO - DMAE;17;74948.03;93000.00
03;1611010117;2022;170;Outros Recursos Não Vinculados;4;Departamento Municipal de Agua e Esgoto;Preço de Ligação Esgoto - DMAE;DEPARTAMENTO MUNICIPAL DE AGUA E ESGOTO - DMAE;17;65098.51;81000.00
03;1611010117;2022;170;Outros Recursos Não Vinculados;5;Departamento Municipal de Agua e Esgoto;Preço de Ligação Esgoto - DMAE;DEPARTAMENTO MUNICIPAL DE AGUA E ESGOTO - DMAE;17;80694.86;95000.00
03;1611010117;2022;170;Outros Recursos Não Vinculados;6;Departamento Municipal de Agua e Esgoto;Preço de Ligação Esgoto - DMAE;DEPARTAMENTO MUNICIPAL DE AGUA E ESGOTO - DMAE;17;92549.28;90000.00
03;1611010117;2022;170;Outros Recursos Não Vinculados;7;Departamento Municipal de Agua e Esgoto;Preço de Ligação Esgoto - DMAE;DEPARTAMENTO MUNICIPAL DE AGUA E ESGOTO - DMAE;17;82707.08;66000.00
03;1611010117;2022;170;Outros Recursos Não Vinculados;8;Departamento Municipal de Agua e Esgoto;Preço de Ligação Esgoto - DMAE;DEPARTAMENTO MUNICIPAL DE AGUA E ESGOTO - DMAE;17;101738.66;68000.00
03;1611010117;2022;170;Outros Recursos Não Vinculados;9;Departamento Municipal de Agua e Esgoto;Preço de Ligação Esgoto - DMAE;DEPARTAMENTO MUNICIPAL DE AGUA E ESGOTO - DMAE;17;75815.75;92000.00
03;1611010117;2022;170;Outros Recursos Não Vinculados;10;Departamento Municipal de Agua e Esgoto;Preço de Ligação Esgoto - DMAE;DEPARTAMENTO MUNICIPAL DE AGUA E ESGOTO - DMAE;17;74686.56;76000.00
03;1611010117;2022;170;Outros Recursos Não Vinculados;11;Departamento Municipal de Agua e Esgoto;Preço de Ligação Esgoto - DMAE;DEPARTAMENTO MUNICIPAL DE AGUA E ESGOTO - DMAE;17;80972.58;87000.00
03;1611010117;2022;170;Outros Recursos Não Vinculados;12;Departamento Municipal de Agua e Esgoto;Preço de Ligação Esgoto - DMAE;DEPARTAMENTO MUNICIPAL DE AGUA E ESGOTO - DMAE;17;84572.15;94000.00
03;1611010118;2022;170;Outros Recursos Não Vinculados;1;Departamento Municipal de Agua e Esgoto;Descarte de Efluent na Estaç de Tratam Esgo - DMAE;DEPARTAMENTO MUNICIPAL DE AGUA E ESGOTO - DMAE;17;0.00;1000.00
03;1611010118;2022;170;Outros Recursos Não Vinculados;2;Departamento Municipal de Agua e Esgoto;Descarte de Efluent na Estaç de Tratam Esgo - DMAE;DEPARTAMENTO MUNICIPAL DE AGUA E ESGOTO - DMAE;17;0.00;1000.00
03;1611010118;2022;170;Outros Recursos Não Vinculados;3;Departamento Municipal de Agua e Esgoto;Descarte de Efluent na Estaç de Tratam Esgo - DMAE;DEPARTAMENTO MUNICIPAL DE AGUA E ESGOTO - DMAE;17;1424.44;0.00
03;1611010118;2022;170;Outros Recursos Não Vinculados;4;Departamento Municipal de Agua e Esgoto;Descarte de Efluent na Estaç de Tratam Esgo - DMAE;DEPARTAMENTO MUNICIPAL DE AGUA E ESGOTO - DMAE;17;768.69;1000.00
03;1611010118;2022;170;Outros Recursos Não Vinculados;5;Departamento Municipal de Agua e Esgoto;Descarte de Efluent na Estaç de Tratam Esgo - DMAE;DEPARTAMENTO MUNICIPAL DE AGUA E ESGOTO - DMAE;17;1123.47;1000.00
03;1611010118;2022;170;Outros Recursos Não Vinculados;6;Departamento Municipal de Agua e Esgoto;Descarte de Efluent na Estaç de Tratam Esgo - DMAE;DEPARTAMENTO MUNICIPAL DE AGUA E ESGOTO - DMAE;17;1103.76;1000.00
03;1611010118;2022;170;Outros Recursos Não Vinculados;7;Departamento Municipal de Agua e Esgoto;Descarte de Efluent na Estaç de Tratam Esgo - DMAE;DEPARTAMENTO MUNICIPAL DE AGUA E ESGOTO - DMAE;17;0.00;2000.00
03;1611010118;2022;170;Outros Recursos Não Vinculados;8;Departamento Municipal de Agua e Esgoto;Descarte de Efluent na Estaç de Tratam Esgo - DMAE;DEPARTAMENTO MUNICIPAL DE AGUA E ESGOTO - DMAE;17;2447.40;1000.00
03;1611010118;2022;170;Outros Recursos Não Vinculados;9;Departamento Municipal de Agua e Esgoto;Descarte de Efluent na Estaç de Tratam Esgo - DMAE;DEPARTAMENTO MUNICIPAL DE AGUA E ESGOTO - DMAE;17;0.00;0.00
03;1611010118;2022;170;Outros Recursos Não Vinculados;10;Departamento Municipal de Agua e Esgoto;Descarte de Efluent na Estaç de Tratam Esgo - DMAE;DEPARTAMENTO MUNICIPAL DE AGUA E ESGOTO - DMAE;17;1226.12;0.00
03;1611010118;2022;170;Outros Recursos Não Vinculados;11;Departamento Municipal de Agua e Esgoto;Descarte de Efluent na Estaç de Tratam Esgo - DMAE;DEPARTAMENTO MUNICIPAL DE AGUA E ESGOTO - DMAE;17;197.10;1000.00
03;1611010118;2022;170;Outros Recursos Não Vinculados;12;Departamento Municipal de Agua e Esgoto;Descarte de Efluent na Estaç de Tratam Esgo - DMAE;DEPARTAMENTO MUNICIPAL DE AGUA E ESGOTO - DMAE;17;926.36;1000.00
02;1611010119;2022;170;Outros Recursos Não Vinculados;1;PREFEITURA MUNICIPAL DE UBERLÂNDIA;Serviços Coleta, Transp, Tratamento de Residuo Sol;SECRETARIA MUNICIPAL DE FINANÇAS;06;0.00;83.33
02;1611010119;2022;170;Outros Recursos Não Vinculados;2;PREFEITURA MUNICIPAL DE UBERLÂNDIA;Serviços Coleta, Transp, Tratamento de Residuo Sol;SECRETARIA MUNICIPAL DE FINANÇAS;06;0.00;83.33
02;1611010119;2022;170;Outros Recursos Não Vinculados;3;PREFEITURA MUNICIPAL DE UBERLÂNDIA;Serviços Coleta, Transp, Tratamento de Residuo Sol;SECRETARIA MUNICIPAL DE FINANÇAS;06;0.00;83.33
02;1611010119;2022;170;Outros Recursos Não Vinculados;4;PREFEITURA MUNICIPAL DE UBERLÂNDIA;Serviços Coleta, Transp, Tratamento de Residuo Sol;SECRETARIA MUNICIPAL DE FINANÇAS;06;0.00;83.33
02;1611010119;2022;170;Outros Recursos Não Vinculados;5;PREFEITURA MUNICIPAL DE UBERLÂNDIA;Serviços Coleta, Transp, Tratamento de Residuo Sol;SECRETARIA MUNICIPAL DE FINANÇAS;06;0.00;83.33
02;1611010119;2022;170;Outros Recursos Não Vinculados;6;PREFEITURA MUNICIPAL DE UBERLÂNDIA;Serviços Coleta, Transp, Tratamento de Residuo Sol;SECRETARIA MUNICIPAL DE FINANÇAS;06;0.00;83.33
02;1611010119;2022;170;Outros Recursos Não Vinculados;7;PREFEITURA MUNICIPAL DE UBERLÂNDIA;Serviços Coleta, Transp, Tratamento de Residuo Sol;SECRETARIA MUNICIPAL DE FINANÇAS;06;0.00;83.33
02;1611010119;2022;170;Outros Recursos Não Vinculados;8;PREFEITURA MUNICIPAL DE UBERLÂNDIA;Serviços Coleta, Transp, Tratamento de Residuo Sol;SECRETARIA MUNICIPAL DE FINANÇAS;06;0.00;83.33
02;1611010119;2022;170;Outros Recursos Não Vinculados;9;PREFEITURA MUNICIPAL DE UBERLÂNDIA;Serviços Coleta, Transp, Tratamento de Residuo Sol;SECRETARIA MUNICIPAL DE FINANÇAS;06;0.00;83.33
02;1611010119;2022;170;Outros Recursos Não Vinculados;10;PREFEITURA MUNICIPAL DE UBERLÂNDIA;Serviços Coleta, Transp, Tratamento de Residuo Sol;SECRETARIA MUNICIPAL DE FINANÇAS;06;0.00;83.33
02;1611010119;2022;170;Outros Recursos Não Vinculados;11;PREFEITURA MUNICIPAL DE UBERLÂNDIA;Serviços Coleta, Transp, Tratamento de Residuo Sol;SECRETARIA MUNICIPAL DE FINANÇAS;06;0.00;83.33
02;1611010119;2022;170;Outros Recursos Não Vinculados;12;PREFEITURA MUNICIPAL DE UBERLÂNDIA;Serviços Coleta, Transp, Tratamento de Residuo Sol;SECRETARIA MUNICIPAL DE FINANÇAS;06;0.00;83.37
03;1611010120;2022;170;Outros Recursos Não Vinculados;1;Departamento Municipal de Agua e Esgoto;Serviço de Religamento de Água - DMAE;DEPARTAMENTO MUNICIPAL DE AGUA E ESGOTO - DMAE;17;237395.30;72000.00
03;1611010120;2022;170;Outros Recursos Não Vinculados;2;Departamento Municipal de Agua e Esgoto;Serviço de Religamento de Água - DMAE;DEPARTAMENTO MUNICIPAL DE AGUA E ESGOTO - DMAE;17;222269.67;114000.00
03;1611010120;2022;170;Outros Recursos Não Vinculados;3;Departamento Municipal de Agua e Esgoto;Serviço de Religamento de Água - DMAE;DEPARTAMENTO MUNICIPAL DE AGUA E ESGOTO - DMAE;17;267196.11;183000.00
03;1611010120;2022;170;Outros Recursos Não Vinculados;4;Departamento Municipal de Agua e Esgoto;Serviço de Religamento de Água - DMAE;DEPARTAMENTO MUNICIPAL DE AGUA E ESGOTO - DMAE;17;261726.77;178000.00
03;1611010120;2022;170;Outros Recursos Não Vinculados;5;Departamento Municipal de Agua e Esgoto;Serviço de Religamento de Água - DMAE;DEPARTAMENTO MUNICIPAL DE AGUA E ESGOTO - DMAE;17;306533.22;158000.00
03;1611010120;2022;170;Outros Recursos Não Vinculados;6;Departamento Municipal de Agua e Esgoto;Serviço de Religamento de Água - DMAE;DEPARTAMENTO MUNICIPAL DE AGUA E ESGOTO - DMAE;17;314181.36;93000.00
03;1611010120;2022;170;Outros Recursos Não Vinculados;7;Departamento Municipal de Agua e Esgoto;Serviço de Religamento de Água - DMAE;DEPARTAMENTO MUNICIPAL DE AGUA E ESGOTO - DMAE;17;330127.77;67000.00
03;1611010120;2022;170;Outros Recursos Não Vinculados;8;Departamento Municipal de Agua e Esgoto;Serviço de Religamento de Água - DMAE;DEPARTAMENTO MUNICIPAL DE AGUA E ESGOTO - DMAE;17;320065.41;46000.00
03;1611010120;2022;170;Outros Recursos Não Vinculados;9;Departamento Municipal de Agua e Esgoto;Serviço de Religamento de Água - DMAE;DEPARTAMENTO MUNICIPAL DE AGUA E ESGOTO - DMAE;17;284682.39;36000.00
03;1611010120;2022;170;Outros Recursos Não Vinculados;10;Departamento Municipal de Agua e Esgoto;Serviço de Religamento de Água - DMAE;DEPARTAMENTO MUNICIPAL DE AGUA E ESGOTO - DMAE;17;207524.09;27000.00
03;1611010120;2022;170;Outros Recursos Não Vinculados;11;Departamento Municipal de Agua e Esgoto;Serviço de Religamento de Água - DMAE;DEPARTAMENTO MUNICIPAL DE AGUA E ESGOTO - DMAE;17;205173.32;24000.00
03;1611010120;2022;170;Outros Recursos Não Vinculados;12;Departamento Municipal de Agua e Esgoto;Serviço de Religamento de Água - DMAE;DEPARTAMENTO MUNICIPAL DE AGUA E ESGOTO - DMAE;17;213407.40;20000.00
02;1611010201;2022;170;Outros Recursos Não Vinculados;1;PREFEITURA MUNICIPAL DE UBERLÂNDIA;Serviços Administrativos - Multa e Juros - FMSAN;SECRETARIA MUNICIPAL DE AGROPECUÁRIA E ABASTECIMEN;12;542.77;130.35
02;1611010201;2022;170;Outros Recursos Não Vinculados;2;PREFEITURA MUNICIPAL DE UBERLÂNDIA;Serviços Administrativos - Multa e Juros - FMSAN;SECRETARIA MUNICIPAL DE AGROPECUÁRIA E ABASTECIMEN;12;226.37;36.86
02;1611010201;2022;170;Outros Recursos Não Vinculados;3;PREFEITURA MUNICIPAL DE UBERLÂNDIA;Serviços Administrativos - Multa e Juros - FMSAN;SECRETARIA MUNICIPAL DE AGROPECUÁRIA E ABASTECIMEN;12;94.52;49.58
02;1611010201;2022;170;Outros Recursos Não Vinculados;4;PREFEITURA MUNICIPAL DE UBERLÂNDIA;Serviços Administrativos - Multa e Juros - FMSAN;SECRETARIA MUNICIPAL DE AGROPECUÁRIA E ABASTECIMEN;12;23.68;148.35
02;1611010201;2022;170;Outros Recursos Não Vinculados;5;PREFEITURA MUNICIPAL DE UBERLÂNDIA;Serviços Administrativos - Multa e Juros - FMSAN;SECRETARIA MUNICIPAL DE AGROPECUÁRIA E ABASTECIMEN;12;74.38;108.20
02;1611010201;2022;170;Outros Recursos Não Vinculados;6;PREFEITURA MUNICIPAL DE UBERLÂNDIA;Serviços Administrativos - Multa e Juros - FMSAN;SECRETARIA MUNICIPAL DE AGROPECUÁRIA E ABASTECIMEN;12;12.95;72.54
02;1611010201;2022;170;Outros Recursos Não Vinculados;7;PREFEITURA MUNICIPAL DE UBERLÂNDIA;Serviços Administrativos - Multa e Juros - FMSAN;SECRETARIA MUNICIPAL DE AGROPECUÁRIA E ABASTECIMEN;12;34.14;27.10
02;1611010201;2022;170;Outros Recursos Não Vinculados;8;PREFEITURA MUNICIPAL DE UBERLÂNDIA;Serviços Administrativos - Multa e Juros - FMSAN;SECRETARIA MUNICIPAL DE AGROPECUÁRIA E ABASTECIMEN;12;48.83;48.58
02;1611010201;2022;170;Outros Recursos Não Vinculados;9;PREFEITURA MUNICIPAL DE UBERLÂNDIA;Serviços Administrativos - Multa e Juros - FMSAN;SECRETARIA MUNICIPAL DE AGROPECUÁRIA E ABASTECIMEN;12;71.02;160.26
02;1611010201;2022;170;Outros Recursos Não Vinculados;10;PREFEITURA MUNICIPAL DE UBERLÂNDIA;Serviços Administrativos - Multa e Juros - FMSAN;SECRETARIA MUNICIPAL DE AGROPECUÁRIA E ABASTECIMEN;12;18.51;124.90
02;1611010201;2022;170;Outros Recursos Não Vinculados;11;PREFEITURA MUNICIPAL DE UBERLÂNDIA;Serviços Administrativos - Multa e Juros - FMSAN;SECRETARIA MUNICIPAL DE AGROPECUÁRIA E ABASTECIMEN;12;11.25;34.83
02;1611010201;2022;170;Outros Recursos Não Vinculados;12;PREFEITURA MUNICIPAL DE UBERLÂNDIA;Serviços Administrativos - Multa e Juros - FMSAN;SECRETARIA MUNICIPAL DE AGROPECUÁRIA E ABASTECIMEN;12;13.01;58.45
02;1611010202;2022;170;Outros Recursos Não Vinculados;1;PREFEITURA MUNICIPAL DE UBERLÂNDIA;Serviços Administrativos - Multa e Juros - FMTT;SECRETARIA MUNICIPAL DE TRÂNSITO E TRANSPORTES;15;2.66;333.33
02;1611010202;2022;170;Outros Recursos Não Vinculados;2;PREFEITURA MUNICIPAL DE UBERLÂNDIA;Serviços Administrativos - Multa e Juros - FMTT;SECRETARIA MUNICIPAL DE TRÂNSITO E TRANSPORTES;15;3.31;333.33
02;1611010202;2022;170;Outros Recursos Não Vinculados;3;PREFEITURA MUNICIPAL DE UBERLÂNDIA;Serviços Administrativos - Multa e Juros - FMTT;SECRETARIA MUNICIPAL DE TRÂNSITO E TRANSPORTES;15;68.13;333.33
02;1611010202;2022;170;Outros Recursos Não Vinculados;4;PREFEITURA MUNICIPAL DE UBERLÂNDIA;Serviços Administrativos - Multa e Juros - FMTT;SECRETARIA MUNICIPAL DE TRÂNSITO E TRANSPORTES;15;12.49;333.33
02;1611010202;2022;170;Outros Recursos Não Vinculados;5;PREFEITURA MUNICIPAL DE UBERLÂNDIA;Serviços Administrativos - Multa e Juros - FMTT;SECRETARIA MUNICIPAL DE TRÂNSITO E TRANSPORTES;15;12.56;333.33
02;1611010202;2022;170;Outros Recursos Não Vinculados;6;PREFEITURA MUNICIPAL DE UBERLÂNDIA;Serviços Administrativos - Multa e Juros - FMTT;SECRETARIA MUNICIPAL DE TRÂNSITO E TRANSPORTES;15;12.66;333.33
02;1611010202;2022;170;Outros Recursos Não Vinculados;7;PREFEITURA MUNICIPAL DE UBERLÂNDIA;Serviços Administrativos - Multa e Juros - FMTT;SECRETARIA MUNICIPAL DE TRÂNSITO E TRANSPORTES;15;0.00;333.33
02;1611010202;2022;170;Outros Recursos Não Vinculados;8;PREFEITURA MUNICIPAL DE UBERLÂNDIA;Serviços Administrativos - Multa e Juros - FMTT;SECRETARIA MUNICIPAL DE TRÂNSITO E TRANSPORTES;15;18.78;333.33
02;1611010202;2022;170;Outros Recursos Não Vinculados;9;PREFEITURA MUNICIPAL DE UBERLÂNDIA;Serviços Administrativos - Multa e Juros - FMTT;SECRETARIA MUNICIPAL DE TRÂNSITO E TRANSPORTES;15;7.37;333.33
02;1611010202;2022;170;Outros Recursos Não Vinculados;10;PREFEITURA MUNICIPAL DE UBERLÂNDIA;Serviços Administrativos - Multa e Juros - FMTT;SECRETARIA MUNICIPAL DE TRÂNSITO E TRANSPORTES;15;0.00;333.33
02;1611010202;2022;170;Outros Recursos Não Vinculados;11;PREFEITURA MUNICIPAL DE UBERLÂNDIA;Serviços Administrativos - Multa e Juros - FMTT;SECRETARIA MUNICIPAL DE TRÂNSITO E TRANSPORTES;15;0.00;333.33
02;1611010202;2022;170;Outros Recursos Não Vinculados;12;PREFEITURA MUNICIPAL DE UBERLÂNDIA;Serviços Administrativos - Multa e Juros - FMTT;SECRETARIA MUNICIPAL DE TRÂNSITO E TRANSPORTES;15;0.00;333.37
02;1611010203;2022;170;Outros Recursos Não Vinculados;1;PREFEITURA MUNICIPAL DE UBERLÂNDIA;Serviços Administrativos - Multa e Juros - PMU;SECRETARIA MUNICIPAL DE FINANÇAS;06;0.00;83.33
02;1611010203;2022;170;Outros Recursos Não Vinculados;2;PREFEITURA MUNICIPAL DE UBERLÂNDIA;Serviços Administrativos - Multa e Juros - PMU;SECRETARIA MUNICIPAL DE FINANÇAS;06;0.00;83.33
02;1611010203;2022;170;Outros Recursos Não Vinculados;3;PREFEITURA MUNICIPAL DE UBERLÂNDIA;Serviços Administrativos - Multa e Juros - PMU;SECRETARIA MUNICIPAL DE FINANÇAS;06;0.00;83.33
02;1611010203;2022;170;Outros Recursos Não Vinculados;4;PREFEITURA MUNICIPAL DE UBERLÂNDIA;Serviços Administrativos - Multa e Juros - PMU;SECRETARIA MUNICIPAL DE FINANÇAS;06;0.00;83.33
02;1611010203;2022;170;Outros Recursos Não Vinculados;5;PREFEITURA MUNICIPAL DE UBERLÂNDIA;Serviços Administrativos - Multa e Juros - PMU;SECRETARIA MUNICIPAL DE FINANÇAS;06;0.00;83.33
02;1611010203;2022;170;Outros Recursos Não Vinculados;6;PREFEITURA MUNICIPAL DE UBERLÂNDIA;Serviços Administrativos - Multa e Juros - PMU;SECRETARIA MUNICIPAL DE FINANÇAS;06;0.00;83.33
02;1611010203;2022;170;Outros Recursos Não Vinculados;7;PREFEITURA MUNICIPAL DE UBERLÂNDIA;Serviços Administrativos - Multa e Juros - PMU;SECRETARIA MUNICIPAL DE FINANÇAS;06;0.00;83.33
02;1611010203;2022;170;Outros Recursos Não Vinculados;8;PREFEITURA MUNICIPAL DE UBERLÂNDIA;Serviços Administrativos - Multa e Juros - PMU;SECRETARIA MUNICIPAL DE FINANÇAS;06;0.00;83.33
02;1611010203;2022;170;Outros Recursos Não Vinculados;9;PREFEITURA MUNICIPAL DE UBERLÂNDIA;Serviços Administrativos - Multa e Juros - PMU;SECRETARIA MUNICIPAL DE FINANÇAS;06;0.00;83.33
02;1611010203;2022;170;Outros Recursos Não Vinculados;10;PREFEITURA MUNICIPAL DE UBERLÂNDIA;Serviços Administrativos - Multa e Juros - PMU;SECRETARIA MUNICIPAL DE FINANÇAS;06;0.00;83.33
02;1611010203;2022;170;Outros Recursos Não Vinculados;11;PREFEITURA MUNICIPAL DE UBERLÂNDIA;Serviços Administrativos - Multa e Juros - PMU;SECRETARIA MUNICIPAL DE FINANÇAS;06;0.00;83.33
02;1611010203;2022;170;Outros Recursos Não Vinculados;12;PREFEITURA MUNICIPAL DE UBERLÂNDIA;Serviços Administrativos - Multa e Juros - PMU;SECRETARIA MUNICIPAL DE FINANÇAS;06;0.00;83.37
02;1611010301;2022;170;Outros Recursos Não Vinculados;1;PREFEITURA MUNICIPAL DE UBERLÂNDIA;Serviços Administrativos - Divida Ativa - FMSAN;SECRETARIA MUNICIPAL DE AGROPECUÁRIA E ABASTECIMEN;12;8265.21;4583.33
02;1611010301;2022;170;Outros Recursos Não Vinculados;2;PREFEITURA MUNICIPAL DE UBERLÂNDIA;Serviços Administrativos - Divida Ativa - FMSAN;SECRETARIA MUNICIPAL DE AGROPECUÁRIA E ABASTECIMEN;12;5656.75;4583.33
02;1611010301;2022;170;Outros Recursos Não Vinculados;3;PREFEITURA MUNICIPAL DE UBERLÂNDIA;Serviços Administrativos - Divida Ativa - FMSAN;SECRETARIA MUNICIPAL DE AGROPECUÁRIA E ABASTECIMEN;12;2799.62;4583.33
02;1611010301;2022;170;Outros Recursos Não Vinculados;4;PREFEITURA MUNICIPAL DE UBERLÂNDIA;Serviços Administrativos - Divida Ativa - FMSAN;SECRETARIA MUNICIPAL DE AGROPECUÁRIA E ABASTECIMEN;12;966.14;4583.33
02;1611010301;2022;170;Outros Recursos Não Vinculados;5;PREFEITURA MUNICIPAL DE UBERLÂNDIA;Serviços Administrativos - Divida Ativa - FMSAN;SECRETARIA MUNICIPAL DE AGROPECUÁRIA E ABASTECIMEN;12;1061.59;4583.33
02;1611010301;2022;170;Outros Recursos Não Vinculados;6;PREFEITURA MUNICIPAL DE UBERLÂNDIA;Serviços Administrativos - Divida Ativa - FMSAN;SECRETARIA MUNICIPAL DE AGROPECUÁRIA E ABASTECIMEN;12;1547.41;4583.33
02;1611010301;2022;170;Outros Recursos Não Vinculados;7;PREFEITURA MUNICIPAL DE UBERLÂNDIA;Serviços Administrativos - Divida Ativa - FMSAN;SECRETARIA MUNICIPAL DE AGROPECUÁRIA E ABASTECIMEN;12;3786.84;4583.33
02;1611010301;2022;170;Outros Recursos Não Vinculados;8;PREFEITURA MUNICIPAL DE UBERLÂNDIA;Serviços Administrativos - Divida Ativa - FMSAN;SECRETARIA MUNICIPAL DE AGROPECUÁRIA E ABASTECIMEN;12;2315.25;4583.33
02;1611010301;2022;170;Outros Recursos Não Vinculados;9;PREFEITURA MUNICIPAL DE UBERLÂNDIA;Serviços Administrativos - Divida Ativa - FMSAN;SECRETARIA MUNICIPAL DE AGROPECUÁRIA E ABASTECIMEN;12;2465.35;4583.33
02;1611010301;2022;170;Outros Recursos Não Vinculados;10;PREFEITURA MUNICIPAL DE UBERLÂNDIA;Serviços Administrativos - Divida Ativa - FMSAN;SECRETARIA MUNICIPAL DE AGROPECUÁRIA E ABASTECIMEN;12;3196.28;4583.33
02;1611010301;2022;170;Outros Recursos Não Vinculados;11;PREFEITURA MUNICIPAL DE UBERLÂNDIA;Serviços Administrativos - Divida Ativa - FMSAN;SECRETARIA MUNICIPAL DE AGROPECUÁRIA E ABASTECIMEN;12;2342.36;4583.33
02;1611010301;2022;170;Outros Recursos Não Vinculados;12;PREFEITURA MUNICIPAL DE UBERLÂNDIA;Serviços Administrativos - Divida Ativa - FMSAN;SECRETARIA MUNICIPAL DE AGROPECUÁRIA E ABASTECIMEN;12;2000.69;4583.37
02;1611010302;2022;170;Outros Recursos Não Vinculados;1;PREFEITURA MUNICIPAL DE UBERLÂNDIA;Serviços Administrativos - Divida Ativa - FMTT;SECRETARIA MUNICIPAL DE TRÂNSITO E TRANSPORTES;15;132.98;333.33
02;1611010302;2022;170;Outros Recursos Não Vinculados;2;PREFEITURA MUNICIPAL DE UBERLÂNDIA;Serviços Administrativos - Divida Ativa - FMTT;SECRETARIA MUNICIPAL DE TRÂNSITO E TRANSPORTES;15;88.67;333.33
02;1611010302;2022;170;Outros Recursos Não Vinculados;3;PREFEITURA MUNICIPAL DE UBERLÂNDIA;Serviços Administrativos - Divida Ativa - FMTT;SECRETARIA MUNICIPAL DE TRÂNSITO E TRANSPORTES;15;83.89;333.33
02;1611010302;2022;170;Outros Recursos Não Vinculados;4;PREFEITURA MUNICIPAL DE UBERLÂNDIA;Serviços Administrativos - Divida Ativa - FMTT;SECRETARIA MUNICIPAL DE TRÂNSITO E TRANSPORTES;15;0.00;333.33
02;1611010302;2022;170;Outros Recursos Não Vinculados;5;PREFEITURA MUNICIPAL DE UBERLÂNDIA;Serviços Administrativos - Divida Ativa - FMTT;SECRETARIA MUNICIPAL DE TRÂNSITO E TRANSPORTES;15;0.00;333.33
02;1611010302;2022;170;Outros Recursos Não Vinculados;6;PREFEITURA MUNICIPAL DE UBERLÂNDIA;Serviços Administrativos - Divida Ativa - FMTT;SECRETARIA MUNICIPAL DE TRÂNSITO E TRANSPORTES;15;0.00;333.33
02;1611010302;2022;170;Outros Recursos Não Vinculados;7;PREFEITURA MUNICIPAL DE UBERLÂNDIA;Serviços Administrativos - Divida Ativa - FMTT;SECRETARIA MUNICIPAL DE TRÂNSITO E TRANSPORTES;15;0.00;333.33
02;1611010302;2022;170;Outros Recursos Não Vinculados;8;PREFEITURA MUNICIPAL DE UBERLÂNDIA;Serviços Administrativos - Divida Ativa - FMTT;SECRETARIA MUNICIPAL DE TRÂNSITO E TRANSPORTES;15;0.00;333.33
02;1611010302;2022;170;Outros Recursos Não Vinculados;9;PREFEITURA MUNICIPAL DE UBERLÂNDIA;Serviços Administrativos - Divida Ativa - FMTT;SECRETARIA MUNICIPAL DE TRÂNSITO E TRANSPORTES;15;0.00;333.33
02;1611010302;2022;170;Outros Recursos Não Vinculados;10;PREFEITURA MUNICIPAL DE UBERLÂNDIA;Serviços Administrativos - Divida Ativa - FMTT;SECRETARIA MUNICIPAL DE TRÂNSITO E TRANSPORTES;15;0.00;333.33
02;1611010302;2022;170;Outros Recursos Não Vinculados;11;PREFEITURA MUNICIPAL DE UBERLÂNDIA;Serviços Administrativos - Divida Ativa - FMTT;SECRETARIA MUNICIPAL DE TRÂNSITO E TRANSPORTES;15;0.00;333.33
02;1611010302;2022;170;Outros Recursos Não Vinculados;12;PREFEITURA MUNICIPAL DE UBERLÂNDIA;Serviços Administrativos - Divida Ativa - FMTT;SECRETARIA MUNICIPAL DE TRÂNSITO E TRANSPORTES;15;0.00;333.37
02;1611010303;2022;170;Outros Recursos Não Vinculados;1;PREFEITURA MUNICIPAL DE UBERLÂNDIA;Serviços Administrativos - Divida Ativa - PMU;SECRETARIA MUNICIPAL DE FINANÇAS;06;653.12;3977.42
02;1611010303;2022;170;Outros Recursos Não Vinculados;2;PREFEITURA MUNICIPAL DE UBERLÂNDIA;Serviços Administrativos - Divida Ativa - PMU;SECRETARIA MUNICIPAL DE FINANÇAS;06;399.33;3977.42
02;1611010303;2022;170;Outros Recursos Não Vinculados;3;PREFEITURA MUNICIPAL DE UBERLÂNDIA;Serviços Administrativos - Divida Ativa - PMU;SECRETARIA MUNICIPAL DE FINANÇAS;06;23539.71;3977.42
02;1611010303;2022;170;Outros Recursos Não Vinculados;4;PREFEITURA MUNICIPAL DE UBERLÂNDIA;Serviços Administrativos - Divida Ativa - PMU;SECRETARIA MUNICIPAL DE FINANÇAS;06;993.02;3977.42
02;1611010303;2022;170;Outros Recursos Não Vinculados;5;PREFEITURA MUNICIPAL DE UBERLÂNDIA;Serviços Administrativos - Divida Ativa - PMU;SECRETARIA MUNICIPAL DE FINANÇAS;06;1721.33;3977.42
02;1611010303;2022;170;Outros Recursos Não Vinculados;6;PREFEITURA MUNICIPAL DE UBERLÂNDIA;Serviços Administrativos - Divida Ativa - PMU;SECRETARIA MUNICIPAL DE FINANÇAS;06;1646.10;3977.42
02;1611010303;2022;170;Outros Recursos Não Vinculados;7;PREFEITURA MUNICIPAL DE UBERLÂNDIA;Serviços Administrativos - Divida Ativa - PMU;SECRETARIA MUNICIPAL DE FINANÇAS;06;7899.69;3977.42
02;1611010303;2022;170;Outros Recursos Não Vinculados;8;PREFEITURA MUNICIPAL DE UBERLÂNDIA;Serviços Administrativos - Divida Ativa - PMU;SECRETARIA MUNICIPAL DE FINANÇAS;06;4172.69;3977.42
02;1611010303;2022;170;Outros Recursos Não Vinculados;9;PREFEITURA MUNICIPAL DE UBERLÂNDIA;Serviços Administrativos - Divida Ativa - PMU;SECRETARIA MUNICIPAL DE FINANÇAS;06;372.73;3977.42
02;1611010303;2022;170;Outros Recursos Não Vinculados;10;PREFEITURA MUNICIPAL DE UBERLÂNDIA;Serviços Administrativos - Divida Ativa - PMU;SECRETARIA MUNICIPAL DE FINANÇAS;06;3193.40;3977.42
02;1611010303;2022;170;Outros Recursos Não Vinculados;11;PREFEITURA MUNICIPAL DE UBERLÂNDIA;Serviços Administrativos - Divida Ativa - PMU;SECRETARIA MUNICIPAL DE FINANÇAS;06;1324.34;3977.42
02;1611010303;2022;170;Outros Recursos Não Vinculados;12;PREFEITURA MUNICIPAL DE UBERLÂNDIA;Serviços Administrativos - Divida Ativa - PMU;SECRETARIA MUNICIPAL DE FINANÇAS;06;769.24;3977.38
02;1611010401;2022;170;Outros Recursos Não Vinculados;1;PREFEITURA MUNICIPAL DE UBERLÂNDIA;Serv Adminis - Divida Ativa Multas e Juros - FMSAN;SECRETARIA MUNICIPAL DE AGROPECUÁRIA E ABASTECIMEN;12;2000.88;333.33
02;1611010401;2022;170;Outros Recursos Não Vinculados;2;PREFEITURA MUNICIPAL DE UBERLÂNDIA;Serv Adminis - Divida Ativa Multas e Juros - FMSAN;SECRETARIA MUNICIPAL DE AGROPECUÁRIA E ABASTECIMEN;12;3119.25;333.33
02;1611010401;2022;170;Outros Recursos Não Vinculados;3;PREFEITURA MUNICIPAL DE UBERLÂNDIA;Serv Adminis - Divida Ativa Multas e Juros - FMSAN;SECRETARIA MUNICIPAL DE AGROPECUÁRIA E ABASTECIMEN;12;1592.60;333.33
02;1611010401;2022;170;Outros Recursos Não Vinculados;4;PREFEITURA MUNICIPAL DE UBERLÂNDIA;Serv Adminis - Divida Ativa Multas e Juros - FMSAN;SECRETARIA MUNICIPAL DE AGROPECUÁRIA E ABASTECIMEN;12;334.45;333.33
02;1611010401;2022;170;Outros Recursos Não Vinculados;5;PREFEITURA MUNICIPAL DE UBERLÂNDIA;Serv Adminis - Divida Ativa Multas e Juros - FMSAN;SECRETARIA MUNICIPAL DE AGROPECUÁRIA E ABASTECIMEN;12;275.44;333.33
02;1611010401;2022;170;Outros Recursos Não Vinculados;6;PREFEITURA MUNICIPAL DE UBERLÂNDIA;Serv Adminis - Divida Ativa Multas e Juros - FMSAN;SECRETARIA MUNICIPAL DE AGROPECUÁRIA E ABASTECIMEN;12;286.56;333.33
02;1611010401;2022;170;Outros Recursos Não Vinculados;7;PREFEITURA MUNICIPAL DE UBERLÂNDIA;Serv Adminis - Divida Ativa Multas e Juros - FMSAN;SECRETARIA MUNICIPAL DE AGROPECUÁRIA E ABASTECIMEN;12;290.93;333.33
02;1611010401;2022;170;Outros Recursos Não Vinculados;8;PREFEITURA MUNICIPAL DE UBERLÂNDIA;Serv Adminis - Divida Ativa Multas e Juros - FMSAN;SECRETARIA MUNICIPAL DE AGROPECUÁRIA E ABASTECIMEN;12;295.22;333.33
02;1611010401;2022;170;Outros Recursos Não Vinculados;9;PREFEITURA MUNICIPAL DE UBERLÂNDIA;Serv Adminis - Divida Ativa Multas e Juros - FMSAN;SECRETARIA MUNICIPAL DE AGROPECUÁRIA E ABASTECIMEN;12;602.92;333.33
02;1611010401;2022;170;Outros Recursos Não Vinculados;10;PREFEITURA MUNICIPAL DE UBERLÂNDIA;Serv Adminis - Divida Ativa Multas e Juros - FMSAN;SECRETARIA MUNICIPAL DE AGROPECUÁRIA E ABASTECIMEN;12;1234.98;333.33
02;1611010401;2022;170;Outros Recursos Não Vinculados;11;PREFEITURA MUNICIPAL DE UBERLÂNDIA;Serv Adminis - Divida Ativa Multas e Juros - FMSAN;SECRETARIA MUNICIPAL DE AGROPECUÁRIA E ABASTECIMEN;12;349.85;333.33
02;1611010401;2022;170;Outros Recursos Não Vinculados;12;PREFEITURA MUNICIPAL DE UBERLÂNDIA;Serv Adminis - Divida Ativa Multas e Juros - FMSAN;SECRETARIA MUNICIPAL DE AGROPECUÁRIA E ABASTECIMEN;12;295.65;333.37
02;1611010402;2022;170;Outros Recursos Não Vinculados;1;PREFEITURA MUNICIPAL DE UBERLÂNDIA;Serv Adminis - Divida Ativa Multas e Juros - FMTT;SECRETARIA MUNICIPAL DE TRÂNSITO E TRANSPORTES;15;22.02;250.00
02;1611010402;2022;170;Outros Recursos Não Vinculados;2;PREFEITURA MUNICIPAL DE UBERLÂNDIA;Serv Adminis - Divida Ativa Multas e Juros - FMTT;SECRETARIA MUNICIPAL DE TRÂNSITO E TRANSPORTES;15;6.65;250.00
02;1611010402;2022;170;Outros Recursos Não Vinculados;3;PREFEITURA MUNICIPAL DE UBERLÂNDIA;Serv Adminis - Divida Ativa Multas e Juros - FMTT;SECRETARIA MUNICIPAL DE TRÂNSITO E TRANSPORTES;15;23.71;250.00
02;1611010402;2022;170;Outros Recursos Não Vinculados;4;PREFEITURA MUNICIPAL DE UBERLÂNDIA;Serv Adminis - Divida Ativa Multas e Juros - FMTT;SECRETARIA MUNICIPAL DE TRÂNSITO E TRANSPORTES;15;0.00;250.00
02;1611010402;2022;170;Outros Recursos Não Vinculados;5;PREFEITURA MUNICIPAL DE UBERLÂNDIA;Serv Adminis - Divida Ativa Multas e Juros - FMTT;SECRETARIA MUNICIPAL DE TRÂNSITO E TRANSPORTES;15;0.00;250.00
02;1611010402;2022;170;Outros Recursos Não Vinculados;6;PREFEITURA MUNICIPAL DE UBERLÂNDIA;Serv Adminis - Divida Ativa Multas e Juros - FMTT;SECRETARIA MUNICIPAL DE TRÂNSITO E TRANSPORTES;15;0.00;250.00
02;1611010402;2022;170;Outros Recursos Não Vinculados;7;PREFEITURA MUNICIPAL DE UBERLÂNDIA;Serv Adminis - Divida Ativa Multas e Juros - FMTT;SECRETARIA MUNICIPAL DE TRÂNSITO E TRANSPORTES;15;0.00;250.00
02;1611010402;2022;170;Outros Recursos Não Vinculados;8;PREFEITURA MUNICIPAL DE UBERLÂNDIA;Serv Adminis - Divida Ativa Multas e Juros - FMTT;SECRETARIA MUNICIPAL DE TRÂNSITO E TRANSPORTES;15;0.00;250.00
02;1611010402;2022;170;Outros Recursos Não Vinculados;9;PREFEITURA MUNICIPAL DE UBERLÂNDIA;Serv Adminis - Divida Ativa Multas e Juros - FMTT;SECRETARIA MUNICIPAL DE TRÂNSITO E TRANSPORTES;15;0.00;250.00
02;1611010402;2022;170;Outros Recursos Não Vinculados;10;PREFEITURA MUNICIPAL DE UBERLÂNDIA;Serv Adminis - Divida Ativa Multas e Juros - FMTT;SECRETARIA MUNICIPAL DE TRÂNSITO E TRANSPORTES;15;0.00;250.00
02;1611010402;2022;170;Outros Recursos Não Vinculados;11;PREFEITURA MUNICIPAL DE UBERLÂNDIA;Serv Adminis - Divida Ativa Multas e Juros - FMTT;SECRETARIA MUNICIPAL DE TRÂNSITO E TRANSPORTES;15;0.00;250.00
02;1611010402;2022;170;Outros Recursos Não Vinculados;12;PREFEITURA MUNICIPAL DE UBERLÂNDIA;Serv Adminis - Divida Ativa Multas e Juros - FMTT;SECRETARIA MUNICIPAL DE TRÂNSITO E TRANSPORTES;15;0.00;250.00
02;1611010403;2022;170;Outros Recursos Não Vinculados;1;PREFEITURA MUNICIPAL DE UBERLÂNDIA;Serv Adminis - Divida Ativa Multas e Juros - PMU;SECRETARIA MUNICIPAL DE FINANÇAS;06;818.52;4076.00
02;1611010403;2022;170;Outros Recursos Não Vinculados;2;PREFEITURA MUNICIPAL DE UBERLÂNDIA;Serv Adminis - Divida Ativa Multas e Juros - PMU;SECRETARIA MUNICIPAL DE FINANÇAS;06;229.71;4076.00
02;1611010403;2022;170;Outros Recursos Não Vinculados;3;PREFEITURA MUNICIPAL DE UBERLÂNDIA;Serv Adminis - Divida Ativa Multas e Juros - PMU;SECRETARIA MUNICIPAL DE FINANÇAS;06;46729.63;4076.00
02;1611010403;2022;170;Outros Recursos Não Vinculados;4;PREFEITURA MUNICIPAL DE UBERLÂNDIA;Serv Adminis - Divida Ativa Multas e Juros - PMU;SECRETARIA MUNICIPAL DE FINANÇAS;06;1314.24;4076.00
02;1611010403;2022;170;Outros Recursos Não Vinculados;5;PREFEITURA MUNICIPAL DE UBERLÂNDIA;Serv Adminis - Divida Ativa Multas e Juros - PMU;SECRETARIA MUNICIPAL DE FINANÇAS;06;3104.29;4076.00
02;1611010403;2022;170;Outros Recursos Não Vinculados;6;PREFEITURA MUNICIPAL DE UBERLÂNDIA;Serv Adminis - Divida Ativa Multas e Juros - PMU;SECRETARIA MUNICIPAL DE FINANÇAS;06;3046.87;4076.00
02;1611010403;2022;170;Outros Recursos Não Vinculados;7;PREFEITURA MUNICIPAL DE UBERLÂNDIA;Serv Adminis - Divida Ativa Multas e Juros - PMU;SECRETARIA MUNICIPAL DE FINANÇAS;06;3230.27;4076.00
02;1611010403;2022;170;Outros Recursos Não Vinculados;8;PREFEITURA MUNICIPAL DE UBERLÂNDIA;Serv Adminis - Divida Ativa Multas e Juros - PMU;SECRETARIA MUNICIPAL DE FINANÇAS;06;3282.89;4076.00
02;1611010403;2022;170;Outros Recursos Não Vinculados;9;PREFEITURA MUNICIPAL DE UBERLÂNDIA;Serv Adminis - Divida Ativa Multas e Juros - PMU;SECRETARIA MUNICIPAL DE FINANÇAS;06;326.38;4076.00
02;1611010403;2022;170;Outros Recursos Não Vinculados;10;PREFEITURA MUNICIPAL DE UBERLÂNDIA;Serv Adminis - Divida Ativa Multas e Juros - PMU;SECRETARIA MUNICIPAL DE FINANÇAS;06;6168.37;4076.00
02;1611010403;2022;170;Outros Recursos Não Vinculados;11;PREFEITURA MUNICIPAL DE UBERLÂNDIA;Serv Adminis - Divida Ativa Multas e Juros - PMU;SECRETARIA MUNICIPAL DE FINANÇAS;06;1977.69;4076.00
02;1611010403;2022;170;Outros Recursos Não Vinculados;12;PREFEITURA MUNICIPAL DE UBERLÂNDIA;Serv Adminis - Divida Ativa Multas e Juros - PMU;SECRETARIA MUNICIPAL DE FINANÇAS;06;459.71;4076.00
02;1611020101;2022;170;Outros Recursos Não Vinculados;1;PREFEITURA MUNICIPAL DE UBERLÂNDIA;Inscrição Concurso Público - PMU;SECRETARIA MUNICIPAL DE FINANÇAS;06;0.00;0.00
02;1611020101;2022;170;Outros Recursos Não Vinculados;2;PREFEITURA MUNICIPAL DE UBERLÂNDIA;Inscrição Concurso Público - PMU;SECRETARIA MUNICIPAL DE FINANÇAS;06;0.00;0.00
02;1611020101;2022;170;Outros Recursos Não Vinculados;3;PREFEITURA MUNICIPAL DE UBERLÂNDIA;Inscrição Concurso Público - PMU;SECRETARIA MUNICIPAL DE FINANÇAS;06;0.00;0.00
02;1611020101;2022;170;Outros Recursos Não Vinculados;4;PREFEITURA MUNICIPAL DE UBERLÂNDIA;Inscrição Concurso Público - PMU;SECRETARIA MUNICIPAL DE FINANÇAS;06;0.00;0.00
02;1611020101;2022;170;Outros Recursos Não Vinculados;5;PREFEITURA MUNICIPAL DE UBERLÂNDIA;Inscrição Concurso Público - PMU;SECRETARIA MUNICIPAL DE FINANÇAS;06;0.00;0.00
02;1611020101;2022;170;Outros Recursos Não Vinculados;6;PREFEITURA MUNICIPAL DE UBERLÂNDIA;Inscrição Concurso Público - PMU;SECRETARIA MUNICIPAL DE FINANÇAS;06;0.00;0.00
02;1611020101;2022;170;Outros Recursos Não Vinculados;7;PREFEITURA MUNICIPAL DE UBERLÂNDIA;Inscrição Concurso Público - PMU;SECRETARIA MUNICIPAL DE FINANÇAS;06;144352.75;0.01
02;1611020101;2022;170;Outros Recursos Não Vinculados;8;PREFEITURA MUNICIPAL DE UBERLÂNDIA;Inscrição Concurso Público - PMU;SECRETARIA MUNICIPAL DE FINANÇAS;06;99598.41;12.53
02;1611020101;2022;170;Outros Recursos Não Vinculados;9;PREFEITURA MUNICIPAL DE UBERLÂNDIA;Inscrição Concurso Público - PMU;SECRETARIA MUNICIPAL DE FINANÇAS;06;0.00;0.00
02;1611020101;2022;170;Outros Recursos Não Vinculados;10;PREFEITURA MUNICIPAL DE UBERLÂNDIA;Inscrição Concurso Público - PMU;SECRETARIA MUNICIPAL DE FINANÇAS;06;55063.17;987.46
02;1611020101;2022;170;Outros Recursos Não Vinculados;11;PREFEITURA MUNICIPAL DE UBERLÂNDIA;Inscrição Concurso Público - PMU;SECRETARIA MUNICIPAL DE FINANÇAS;06;190766.94;0.00
02;1611020101;2022;170;Outros Recursos Não Vinculados;12;PREFEITURA MUNICIPAL DE UBERLÂNDIA;Inscrição Concurso Público - PMU;SECRETARIA MUNICIPAL DE FINANÇAS;06;0.00;0.00
02;1611030101;2022;170;Outros Recursos Não Vinculados;1;PREFEITURA MUNICIPAL DE UBERLÂNDIA;Serviços de Expedição de Certificados - FMTT;SECRETARIA MUNICIPAL DE TRÂNSITO E TRANSPORTES;15;936.32;852.31
02;1611030101;2022;170;Outros Recursos Não Vinculados;2;PREFEITURA MUNICIPAL DE UBERLÂNDIA;Serviços de Expedição de Certificados - FMTT;SECRETARIA MUNICIPAL DE TRÂNSITO E TRANSPORTES;15;319.60;785.09
02;1611030101;2022;170;Outros Recursos Não Vinculados;3;PREFEITURA MUNICIPAL DE UBERLÂNDIA;Serviços de Expedição de Certificados - FMTT;SECRETARIA MUNICIPAL DE TRÂNSITO E TRANSPORTES;15;394.24;695.18
02;1611030101;2022;170;Outros Recursos Não Vinculados;4;PREFEITURA MUNICIPAL DE UBERLÂNDIA;Serviços de Expedição de Certificados - FMTT;SECRETARIA MUNICIPAL DE TRÂNSITO E TRANSPORTES;15;73.92;208.98
02;1611030101;2022;170;Outros Recursos Não Vinculados;5;PREFEITURA MUNICIPAL DE UBERLÂNDIA;Serviços de Expedição de Certificados - FMTT;SECRETARIA MUNICIPAL DE TRÂNSITO E TRANSPORTES;15;73.20;190.85
02;1611030101;2022;170;Outros Recursos Não Vinculados;6;PREFEITURA MUNICIPAL DE UBERLÂNDIA;Serviços de Expedição de Certificados - FMTT;SECRETARIA MUNICIPAL DE TRÂNSITO E TRANSPORTES;15;49.28;95.19
02;1611030101;2022;170;Outros Recursos Não Vinculados;7;PREFEITURA MUNICIPAL DE UBERLÂNDIA;Serviços de Expedição de Certificados - FMTT;SECRETARIA MUNICIPAL DE TRÂNSITO E TRANSPORTES;15;98.56;146.85
02;1611030101;2022;170;Outros Recursos Não Vinculados;8;PREFEITURA MUNICIPAL DE UBERLÂNDIA;Serviços de Expedição de Certificados - FMTT;SECRETARIA MUNICIPAL DE TRÂNSITO E TRANSPORTES;15;0.00;253.99
02;1611030101;2022;170;Outros Recursos Não Vinculados;9;PREFEITURA MUNICIPAL DE UBERLÂNDIA;Serviços de Expedição de Certificados - FMTT;SECRETARIA MUNICIPAL DE TRÂNSITO E TRANSPORTES;15;0.00;51.53
02;1611030101;2022;170;Outros Recursos Não Vinculados;10;PREFEITURA MUNICIPAL DE UBERLÂNDIA;Serviços de Expedição de Certificados - FMTT;SECRETARIA MUNICIPAL DE TRÂNSITO E TRANSPORTES;15;24.64;95.59
02;1611030101;2022;170;Outros Recursos Não Vinculados;11;PREFEITURA MUNICIPAL DE UBERLÂNDIA;Serviços de Expedição de Certificados - FMTT;SECRETARIA MUNICIPAL DE TRÂNSITO E TRANSPORTES;15;0.00;331.49
02;1611030101;2022;170;Outros Recursos Não Vinculados;12;PREFEITURA MUNICIPAL DE UBERLÂNDIA;Serviços de Expedição de Certificados - FMTT;SECRETARIA MUNICIPAL DE TRÂNSITO E TRANSPORTES;15;49.28;292.95
02;1611030102;2022;170;Outros Recursos Não Vinculados;1;PREFEITURA MUNICIPAL DE UBERLÂNDIA;Serviços de Vistoria de Veículos - FMTT;SECRETARIA MUNICIPAL DE TRÂNSITO E TRANSPORTES;15;6097.08;9527.46
02;1611030102;2022;170;Outros Recursos Não Vinculados;2;PREFEITURA MUNICIPAL DE UBERLÂNDIA;Serviços de Vistoria de Veículos - FMTT;SECRETARIA MUNICIPAL DE TRÂNSITO E TRANSPORTES;15;5998.74;10676.34
02;1611030102;2022;170;Outros Recursos Não Vinculados;3;PREFEITURA MUNICIPAL DE UBERLÂNDIA;Serviços de Vistoria de Veículos - FMTT;SECRETARIA MUNICIPAL DE TRÂNSITO E TRANSPORTES;15;3343.56;1995.50
02;1611030102;2022;170;Outros Recursos Não Vinculados;4;PREFEITURA MUNICIPAL DE UBERLÂNDIA;Serviços de Vistoria de Veículos - FMTT;SECRETARIA MUNICIPAL DE TRÂNSITO E TRANSPORTES;15;1425.93;985.94
02;1611030102;2022;170;Outros Recursos Não Vinculados;5;PREFEITURA MUNICIPAL DE UBERLÂNDIA;Serviços de Vistoria de Veículos - FMTT;SECRETARIA MUNICIPAL DE TRÂNSITO E TRANSPORTES;15;491.70;553.31
02;1611030102;2022;170;Outros Recursos Não Vinculados;6;PREFEITURA MUNICIPAL DE UBERLÂNDIA;Serviços de Vistoria de Veículos - FMTT;SECRETARIA MUNICIPAL DE TRÂNSITO E TRANSPORTES;15;983.40;525.57
02;1611030102;2022;170;Outros Recursos Não Vinculados;7;PREFEITURA MUNICIPAL DE UBERLÂNDIA;Serviços de Vistoria de Veículos - FMTT;SECRETARIA MUNICIPAL DE TRÂNSITO E TRANSPORTES;15;10227.36;6180.55
02;1611030102;2022;170;Outros Recursos Não Vinculados;8;PREFEITURA MUNICIPAL DE UBERLÂNDIA;Serviços de Vistoria de Veículos - FMTT;SECRETARIA MUNICIPAL DE TRÂNSITO E TRANSPORTES;15;4917.00;7328.01
02;1611030102;2022;170;Outros Recursos Não Vinculados;9;PREFEITURA MUNICIPAL DE UBERLÂNDIA;Serviços de Vistoria de Veículos - FMTT;SECRETARIA MUNICIPAL DE TRÂNSITO E TRANSPORTES;15;4474.47;1182.15
02;1611030102;2022;170;Outros Recursos Não Vinculados;10;PREFEITURA MUNICIPAL DE UBERLÂNDIA;Serviços de Vistoria de Veículos - FMTT;SECRETARIA MUNICIPAL DE TRÂNSITO E TRANSPORTES;15;983.40;347.46
02;1611030102;2022;170;Outros Recursos Não Vinculados;11;PREFEITURA MUNICIPAL DE UBERLÂNDIA;Serviços de Vistoria de Veículos - FMTT;SECRETARIA MUNICIPAL DE TRÂNSITO E TRANSPORTES;15;96.63;160.11
02;1611030102;2022;170;Outros Recursos Não Vinculados;12;PREFEITURA MUNICIPAL DE UBERLÂNDIA;Serviços de Vistoria de Veículos - FMTT;SECRETARIA MUNICIPAL DE TRÂNSITO E TRANSPORTES;15;147.51;537.60
02;1611030201;2022;170;Outros Recursos Não Vinculados;1;PREFEITURA MUNICIPAL DE UBERLÂNDIA;Serv de Exped de Certificados - Mul e Jur - FMTT;SECRETARIA MUNICIPAL DE TRÂNSITO E TRANSPORTES;15;0.00;166.67
02;1611030201;2022;170;Outros Recursos Não Vinculados;2;PREFEITURA MUNICIPAL DE UBERLÂNDIA;Serv de Exped de Certificados - Mul e Jur - FMTT;SECRETARIA MUNICIPAL DE TRÂNSITO E TRANSPORTES;15;1.64;166.67
02;1611030201;2022;170;Outros Recursos Não Vinculados;3;PREFEITURA MUNICIPAL DE UBERLÂNDIA;Serv de Exped de Certificados - Mul e Jur - FMTT;SECRETARIA MUNICIPAL DE TRÂNSITO E TRANSPORTES;15;0.00;166.67
02;1611030201;2022;170;Outros Recursos Não Vinculados;4;PREFEITURA MUNICIPAL DE UBERLÂNDIA;Serv de Exped de Certificados - Mul e Jur - FMTT;SECRETARIA MUNICIPAL DE TRÂNSITO E TRANSPORTES;15;0.00;166.67
02;1611030201;2022;170;Outros Recursos Não Vinculados;5;PREFEITURA MUNICIPAL DE UBERLÂNDIA;Serv de Exped de Certificados - Mul e Jur - FMTT;SECRETARIA MUNICIPAL DE TRÂNSITO E TRANSPORTES;15;0.72;166.67
02;1611030201;2022;170;Outros Recursos Não Vinculados;6;PREFEITURA MUNICIPAL DE UBERLÂNDIA;Serv de Exped de Certificados - Mul e Jur - FMTT;SECRETARIA MUNICIPAL DE TRÂNSITO E TRANSPORTES;15;0.00;166.67
02;1611030201;2022;170;Outros Recursos Não Vinculados;7;PREFEITURA MUNICIPAL DE UBERLÂNDIA;Serv de Exped de Certificados - Mul e Jur - FMTT;SECRETARIA MUNICIPAL DE TRÂNSITO E TRANSPORTES;15;12.83;166.67
02;1611030201;2022;170;Outros Recursos Não Vinculados;8;PREFEITURA MUNICIPAL DE UBERLÂNDIA;Serv de Exped de Certificados - Mul e Jur - FMTT;SECRETARIA MUNICIPAL DE TRÂNSITO E TRANSPORTES;15;0.00;166.67
02;1611030201;2022;170;Outros Recursos Não Vinculados;9;PREFEITURA MUNICIPAL DE UBERLÂNDIA;Serv de Exped de Certificados - Mul e Jur - FMTT;SECRETARIA MUNICIPAL DE TRÂNSITO E TRANSPORTES;15;0.00;166.67
02;1611030201;2022;170;Outros Recursos Não Vinculados;10;PREFEITURA MUNICIPAL DE UBERLÂNDIA;Serv de Exped de Certificados - Mul e Jur - FMTT;SECRETARIA MUNICIPAL DE TRÂNSITO E TRANSPORTES;15;0.00;166.67
02;1611030201;2022;170;Outros Recursos Não Vinculados;11;PREFEITURA MUNICIPAL DE UBERLÂNDIA;Serv de Exped de Certificados - Mul e Jur - FMTT;SECRETARIA MUNICIPAL DE TRÂNSITO E TRANSPORTES;15;0.00;166.67
02;1611030201;2022;170;Outros Recursos Não Vinculados;12;PREFEITURA MUNICIPAL DE UBERLÂNDIA;Serv de Exped de Certificados - Mul e Jur - FMTT;SECRETARIA MUNICIPAL DE TRÂNSITO E TRANSPORTES;15;0.00;166.63
02;1611030301;2022;170;Outros Recursos Não Vinculados;1;PREFEITURA MUNICIPAL DE UBERLÂNDIA;Serv de Exped de Certificados - Div Ativa - FMTT;SECRETARIA MUNICIPAL DE TRÂNSITO E TRANSPORTES;15;22.21;166.67
02;1611030301;2022;170;Outros Recursos Não Vinculados;2;PREFEITURA MUNICIPAL DE UBERLÂNDIA;Serv de Exped de Certificados - Div Ativa - FMTT;SECRETARIA MUNICIPAL DE TRÂNSITO E TRANSPORTES;15;21.01;166.67
02;1611030301;2022;170;Outros Recursos Não Vinculados;3;PREFEITURA MUNICIPAL DE UBERLÂNDIA;Serv de Exped de Certificados - Div Ativa - FMTT;SECRETARIA MUNICIPAL DE TRÂNSITO E TRANSPORTES;15;21.01;166.67
02;1611030301;2022;170;Outros Recursos Não Vinculados;4;PREFEITURA MUNICIPAL DE UBERLÂNDIA;Serv de Exped de Certificados - Div Ativa - FMTT;SECRETARIA MUNICIPAL DE TRÂNSITO E TRANSPORTES;15;0.00;166.67
02;1611030301;2022;170;Outros Recursos Não Vinculados;5;PREFEITURA MUNICIPAL DE UBERLÂNDIA;Serv de Exped de Certificados - Div Ativa - FMTT;SECRETARIA MUNICIPAL DE TRÂNSITO E TRANSPORTES;15;0.00;166.67
02;1611030301;2022;170;Outros Recursos Não Vinculados;6;PREFEITURA MUNICIPAL DE UBERLÂNDIA;Serv de Exped de Certificados - Div Ativa - FMTT;SECRETARIA MUNICIPAL DE TRÂNSITO E TRANSPORTES;15;22.21;166.67
02;1611030301;2022;170;Outros Recursos Não Vinculados;7;PREFEITURA MUNICIPAL DE UBERLÂNDIA;Serv de Exped de Certificados - Div Ativa - FMTT;SECRETARIA MUNICIPAL DE TRÂNSITO E TRANSPORTES;15;0.00;166.67
02;1611030301;2022;170;Outros Recursos Não Vinculados;8;PREFEITURA MUNICIPAL DE UBERLÂNDIA;Serv de Exped de Certificados - Div Ativa - FMTT;SECRETARIA MUNICIPAL DE TRÂNSITO E TRANSPORTES;15;0.00;166.67
02;1611030301;2022;170;Outros Recursos Não Vinculados;9;PREFEITURA MUNICIPAL DE UBERLÂNDIA;Serv de Exped de Certificados - Div Ativa - FMTT;SECRETARIA MUNICIPAL DE TRÂNSITO E TRANSPORTES;15;0.00;166.67
02;1611030301;2022;170;Outros Recursos Não Vinculados;10;PREFEITURA MUNICIPAL DE UBERLÂNDIA;Serv de Exped de Certificados - Div Ativa - FMTT;SECRETARIA MUNICIPAL DE TRÂNSITO E TRANSPORTES;15;0.00;166.67
02;1611030301;2022;170;Outros Recursos Não Vinculados;11;PREFEITURA MUNICIPAL DE UBERLÂNDIA;Serv de Exped de Certificados - Div Ativa - FMTT;SECRETARIA MUNICIPAL DE TRÂNSITO E TRANSPORTES;15;0.00;166.67
02;1611030301;2022;170;Outros Recursos Não Vinculados;12;PREFEITURA MUNICIPAL DE UBERLÂNDIA;Serv de Exped de Certificados - Div Ativa - FMTT;SECRETARIA MUNICIPAL DE TRÂNSITO E TRANSPORTES;15;0.00;166.63
02;1611030401;2022;170;Outros Recursos Não Vinculados;1;PREFEITURA MUNICIPAL DE UBERLÂNDIA;Serv de Exped de Certificados - Mul Jur DA - FMTT;SECRETARIA MUNICIPAL DE TRÂNSITO E TRANSPORTES;15;5.61;166.67
02;1611030401;2022;170;Outros Recursos Não Vinculados;2;PREFEITURA MUNICIPAL DE UBERLÂNDIA;Serv de Exped de Certificados - Mul Jur DA - FMTT;SECRETARIA MUNICIPAL DE TRÂNSITO E TRANSPORTES;15;6.02;166.67
02;1611030401;2022;170;Outros Recursos Não Vinculados;3;PREFEITURA MUNICIPAL DE UBERLÂNDIA;Serv de Exped de Certificados - Mul Jur DA - FMTT;SECRETARIA MUNICIPAL DE TRÂNSITO E TRANSPORTES;15;6.13;166.67
02;1611030401;2022;170;Outros Recursos Não Vinculados;4;PREFEITURA MUNICIPAL DE UBERLÂNDIA;Serv de Exped de Certificados - Mul Jur DA - FMTT;SECRETARIA MUNICIPAL DE TRÂNSITO E TRANSPORTES;15;0.00;166.67
02;1611030401;2022;170;Outros Recursos Não Vinculados;5;PREFEITURA MUNICIPAL DE UBERLÂNDIA;Serv de Exped de Certificados - Mul Jur DA - FMTT;SECRETARIA MUNICIPAL DE TRÂNSITO E TRANSPORTES;15;0.00;166.67
02;1611030401;2022;170;Outros Recursos Não Vinculados;6;PREFEITURA MUNICIPAL DE UBERLÂNDIA;Serv de Exped de Certificados - Mul Jur DA - FMTT;SECRETARIA MUNICIPAL DE TRÂNSITO E TRANSPORTES;15;5.92;166.67
02;1611030401;2022;170;Outros Recursos Não Vinculados;7;PREFEITURA MUNICIPAL DE UBERLÂNDIA;Serv de Exped de Certificados - Mul Jur DA - FMTT;SECRETARIA MUNICIPAL DE TRÂNSITO E TRANSPORTES;15;0.00;166.67
02;1611030401;2022;170;Outros Recursos Não Vinculados;8;PREFEITURA MUNICIPAL DE UBERLÂNDIA;Serv de Exped de Certificados - Mul Jur DA - FMTT;SECRETARIA MUNICIPAL DE TRÂNSITO E TRANSPORTES;15;0.00;166.67
02;1611030401;2022;170;Outros Recursos Não Vinculados;9;PREFEITURA MUNICIPAL DE UBERLÂNDIA;Serv de Exped de Certificados - Mul Jur DA - FMTT;SECRETARIA MUNICIPAL DE TRÂNSITO E TRANSPORTES;15;0.00;166.67
02;1611030401;2022;170;Outros Recursos Não Vinculados;10;PREFEITURA MUNICIPAL DE UBERLÂNDIA;Serv de Exped de Certificados - Mul Jur DA - FMTT;SECRETARIA MUNICIPAL DE TRÂNSITO E TRANSPORTES;15;0.00;166.67
02;1611030401;2022;170;Outros Recursos Não Vinculados;11;PREFEITURA MUNICIPAL DE UBERLÂNDIA;Serv de Exped de Certificados - Mul Jur DA - FMTT;SECRETARIA MUNICIPAL DE TRÂNSITO E TRANSPORTES;15;0.00;166.67
02;1611030401;2022;170;Outros Recursos Não Vinculados;12;PREFEITURA MUNICIPAL DE UBERLÂNDIA;Serv de Exped de Certificados - Mul Jur DA - FMTT;SECRETARIA MUNICIPAL DE TRÂNSITO E TRANSPORTES;15;0.00;166.63
02;1699990101;2022;170;Outros Recursos Não Vinculados;1;PREFEITURA MUNICIPAL DE UBERLÂNDIA;Receita de Custeio Investimento CGO - FMTT;SECRETARIA MUNICIPAL DE TRÂNSITO E TRANSPORTES;15;0.00;458579.58
02;1699990101;2022;170;Outros Recursos Não Vinculados;2;PREFEITURA MUNICIPAL DE UBERLÂNDIA;Receita de Custeio Investimento CGO - FMTT;SECRETARIA MUNICIPAL DE TRÂNSITO E TRANSPORTES;15;0.00;592048.06
02;1699990101;2022;170;Outros Recursos Não Vinculados;3;PREFEITURA MUNICIPAL DE UBERLÂNDIA;Receita de Custeio Investimento CGO - FMTT;SECRETARIA MUNICIPAL DE TRÂNSITO E TRANSPORTES;15;153256.45;330807.09
02;1699990101;2022;170;Outros Recursos Não Vinculados;4;PREFEITURA MUNICIPAL DE UBERLÂNDIA;Receita de Custeio Investimento CGO - FMTT;SECRETARIA MUNICIPAL DE TRÂNSITO E TRANSPORTES;15;289042.76;332511.08
02;1699990101;2022;170;Outros Recursos Não Vinculados;5;PREFEITURA MUNICIPAL DE UBERLÂNDIA;Receita de Custeio Investimento CGO - FMTT;SECRETARIA MUNICIPAL DE TRÂNSITO E TRANSPORTES;15;271840.46;462753.28
02;1699990101;2022;170;Outros Recursos Não Vinculados;6;PREFEITURA MUNICIPAL DE UBERLÂNDIA;Receita de Custeio Investimento CGO - FMTT;SECRETARIA MUNICIPAL DE TRÂNSITO E TRANSPORTES;15;247307.54;229582.51
02;1699990101;2022;170;Outros Recursos Não Vinculados;7;PREFEITURA MUNICIPAL DE UBERLÂNDIA;Receita de Custeio Investimento CGO - FMTT;SECRETARIA MUNICIPAL DE TRÂNSITO E TRANSPORTES;15;0.00;0.00
02;1699990101;2022;170;Outros Recursos Não Vinculados;8;PREFEITURA MUNICIPAL DE UBERLÂNDIA;Receita de Custeio Investimento CGO - FMTT;SECRETARIA MUNICIPAL DE TRÂNSITO E TRANSPORTES;15;483664.05;164447.52
02;1699990101;2022;170;Outros Recursos Não Vinculados;9;PREFEITURA MUNICIPAL DE UBERLÂNDIA;Receita de Custeio Investimento CGO - FMTT;SECRETARIA MUNICIPAL DE TRÂNSITO E TRANSPORTES;15;0.00;214996.65
02;1699990101;2022;170;Outros Recursos Não Vinculados;10;PREFEITURA MUNICIPAL DE UBERLÂNDIA;Receita de Custeio Investimento CGO - FMTT;SECRETARIA MUNICIPAL DE TRÂNSITO E TRANSPORTES;15;11552013.84;188417.97
02;1699990101;2022;170;Outros Recursos Não Vinculados;11;PREFEITURA MUNICIPAL DE UBERLÂNDIA;Receita de Custeio Investimento CGO - FMTT;SECRETARIA MUNICIPAL DE TRÂNSITO E TRANSPORTES;15;888501.42;728368.04
02;1699990101;2022;170;Outros Recursos Não Vinculados;12;PREFEITURA MUNICIPAL DE UBERLÂNDIA;Receita de Custeio Investimento CGO - FMTT;SECRETARIA MUNICIPAL DE TRÂNSITO E TRANSPORTES;15;0.00;797488.22
02;1699990102;2022;170;Outros Recursos Não Vinculados;1;PREFEITURA MUNICIPAL DE UBERLÂNDIA;Outros Serviços - FUMHIS;SECRETARIA MUNICIPAL DE DESENVOLVIMENTO SOCIAL E T;10;578.55;22873.86
02;1699990102;2022;170;Outros Recursos Não Vinculados;2;PREFEITURA MUNICIPAL DE UBERLÂNDIA;Outros Serviços - FUMHIS;SECRETARIA MUNICIPAL DE DESENVOLVIMENTO SOCIAL E T;10;2693.86;29298.62
02;1699990102;2022;170;Outros Recursos Não Vinculados;3;PREFEITURA MUNICIPAL DE UBERLÂNDIA;Outros Serviços - FUMHIS;SECRETARIA MUNICIPAL DE DESENVOLVIMENTO SOCIAL E T;10;1211.77;20886.08
02;1699990102;2022;170;Outros Recursos Não Vinculados;4;PREFEITURA MUNICIPAL DE UBERLÂNDIA;Outros Serviços - FUMHIS;SECRETARIA MUNICIPAL DE DESENVOLVIMENTO SOCIAL E T;10;1379.71;10136.19
02;1699990102;2022;170;Outros Recursos Não Vinculados;5;PREFEITURA MUNICIPAL DE UBERLÂNDIA;Outros Serviços - FUMHIS;SECRETARIA MUNICIPAL DE DESENVOLVIMENTO SOCIAL E T;10;10812.92;18918.66
02;1699990102;2022;170;Outros Recursos Não Vinculados;6;PREFEITURA MUNICIPAL DE UBERLÂNDIA;Outros Serviços - FUMHIS;SECRETARIA MUNICIPAL DE DESENVOLVIMENTO SOCIAL E T;10;4629.79;19657.22
02;1699990102;2022;170;Outros Recursos Não Vinculados;7;PREFEITURA MUNICIPAL DE UBERLÂNDIA;Outros Serviços - FUMHIS;SECRETARIA MUNICIPAL DE DESENVOLVIMENTO SOCIAL E T;10;5277.11;16013.61
02;1699990102;2022;170;Outros Recursos Não Vinculados;8;PREFEITURA MUNICIPAL DE UBERLÂNDIA;Outros Serviços - FUMHIS;SECRETARIA MUNICIPAL DE DESENVOLVIMENTO SOCIAL E T;10;7437.75;12795.88
02;1699990102;2022;170;Outros Recursos Não Vinculados;9;PREFEITURA MUNICIPAL DE UBERLÂNDIA;Outros Serviços - FUMHIS;SECRETARIA MUNICIPAL DE DESENVOLVIMENTO SOCIAL E T;10;2457.39;9610.85
02;1699990102;2022;170;Outros Recursos Não Vinculados;10;PREFEITURA MUNICIPAL DE UBERLÂNDIA;Outros Serviços - FUMHIS;SECRETARIA MUNICIPAL DE DESENVOLVIMENTO SOCIAL E T;10;2801.54;13990.17
02;1699990102;2022;170;Outros Recursos Não Vinculados;11;PREFEITURA MUNICIPAL DE UBERLÂNDIA;Outros Serviços - FUMHIS;SECRETARIA MUNICIPAL DE DESENVOLVIMENTO SOCIAL E T;10;4420.86;7994.55
02;1699990102;2022;170;Outros Recursos Não Vinculados;12;PREFEITURA MUNICIPAL DE UBERLÂNDIA;Outros Serviços - FUMHIS;SECRETARIA MUNICIPAL DE DESENVOLVIMENTO SOCIAL E T;10;2553.70;6824.31
02;1699990103;2022;170;Outros Recursos Não Vinculados;1;PREFEITURA MUNICIPAL DE UBERLÂNDIA;Serviço de Roçagem de Terrenos;SECRETARIA MUNICIPAL DE FINANÇAS;06;57.99;577.75
02;1699990103;2022;170;Outros Recursos Não Vinculados;2;PREFEITURA MUNICIPAL DE UBERLÂNDIA;Serviço de Roçagem de Terrenos;SECRETARIA MUNICIPAL DE FINANÇAS;06;57.99;295.56
02;1699990103;2022;170;Outros Recursos Não Vinculados;3;PREFEITURA MUNICIPAL DE UBERLÂNDIA;Serviço de Roçagem de Terrenos;SECRETARIA MUNICIPAL DE FINANÇAS;06;60.04;354.79
02;1699990103;2022;170;Outros Recursos Não Vinculados;4;PREFEITURA MUNICIPAL DE UBERLÂNDIA;Serviço de Roçagem de Terrenos;SECRETARIA MUNICIPAL DE FINANÇAS;06;60.04;385.76
02;1699990103;2022;170;Outros Recursos Não Vinculados;5;PREFEITURA MUNICIPAL DE UBERLÂNDIA;Serviço de Roçagem de Terrenos;SECRETARIA MUNICIPAL DE FINANÇAS;06;1055.53;232.87
02;1699990103;2022;170;Outros Recursos Não Vinculados;6;PREFEITURA MUNICIPAL DE UBERLÂNDIA;Serviço de Roçagem de Terrenos;SECRETARIA MUNICIPAL DE FINANÇAS;06;63.47;289.27
02;1699990103;2022;170;Outros Recursos Não Vinculados;7;PREFEITURA MUNICIPAL DE UBERLÂNDIA;Serviço de Roçagem de Terrenos;SECRETARIA MUNICIPAL DE FINANÇAS;06;63.47;215.54
02;1699990103;2022;170;Outros Recursos Não Vinculados;8;PREFEITURA MUNICIPAL DE UBERLÂNDIA;Serviço de Roçagem de Terrenos;SECRETARIA MUNICIPAL DE FINANÇAS;06;641.55;175.57
02;1699990103;2022;170;Outros Recursos Não Vinculados;9;PREFEITURA MUNICIPAL DE UBERLÂNDIA;Serviço de Roçagem de Terrenos;SECRETARIA MUNICIPAL DE FINANÇAS;06;73.24;201.67
02;1699990103;2022;170;Outros Recursos Não Vinculados;10;PREFEITURA MUNICIPAL DE UBERLÂNDIA;Serviço de Roçagem de Terrenos;SECRETARIA MUNICIPAL DE FINANÇAS;06;61.75;137.99
02;1699990103;2022;170;Outros Recursos Não Vinculados;11;PREFEITURA MUNICIPAL DE UBERLÂNDIA;Serviço de Roçagem de Terrenos;SECRETARIA MUNICIPAL DE FINANÇAS;06;0.00;123.34
02;1699990103;2022;170;Outros Recursos Não Vinculados;12;PREFEITURA MUNICIPAL DE UBERLÂNDIA;Serviço de Roçagem de Terrenos;SECRETARIA MUNICIPAL DE FINANÇAS;06;0.00;34.89
02;1699990104;2022;170;Outros Recursos Não Vinculados;1;PREFEITURA MUNICIPAL DE UBERLÂNDIA;Outros Serviços Comerciais;SECRETARIA MUNICIPAL DE FINANÇAS;06;0.00;83.33
02;1699990104;2022;170;Outros Recursos Não Vinculados;2;PREFEITURA MUNICIPAL DE UBERLÂNDIA;Outros Serviços Comerciais;SECRETARIA MUNICIPAL DE FINANÇAS;06;0.00;83.33
02;1699990104;2022;170;Outros Recursos Não Vinculados;3;PREFEITURA MUNICIPAL DE UBERLÂNDIA;Outros Serviços Comerciais;SECRETARIA MUNICIPAL DE FINANÇAS;06;0.00;83.33
02;1699990104;2022;170;Outros Recursos Não Vinculados;4;PREFEITURA MUNICIPAL DE UBERLÂNDIA;Outros Serviços Comerciais;SECRETARIA MUNICIPAL DE FINANÇAS;06;0.00;83.33
02;1699990104;2022;170;Outros Recursos Não Vinculados;5;PREFEITURA MUNICIPAL DE UBERLÂNDIA;Outros Serviços Comerciais;SECRETARIA MUNICIPAL DE FINANÇAS;06;0.00;83.33
02;1699990104;2022;170;Outros Recursos Não Vinculados;6;PREFEITURA MUNICIPAL DE UBERLÂNDIA;Outros Serviços Comerciais;SECRETARIA MUNICIPAL DE FINANÇAS;06;0.00;83.33
02;1699990104;2022;170;Outros Recursos Não Vinculados;7;PREFEITURA MUNICIPAL DE UBERLÂNDIA;Outros Serviços Comerciais;SECRETARIA MUNICIPAL DE FINANÇAS;06;0.00;83.33
02;1699990104;2022;170;Outros Recursos Não Vinculados;8;PREFEITURA MUNICIPAL DE UBERLÂNDIA;Outros Serviços Comerciais;SECRETARIA MUNICIPAL DE FINANÇAS;06;0.00;83.33
02;1699990104;2022;170;Outros Recursos Não Vinculados;9;PREFEITURA MUNICIPAL DE UBERLÂNDIA;Outros Serviços Comerciais;SECRETARIA MUNICIPAL DE FINANÇAS;06;0.00;83.33
02;1699990104;2022;170;Outros Recursos Não Vinculados;10;PREFEITURA MUNICIPAL DE UBERLÂNDIA;Outros Serviços Comerciais;SECRETARIA MUNICIPAL DE FINANÇAS;06;0.00;83.33
02;1699990104;2022;170;Outros Recursos Não Vinculados;11;PREFEITURA MUNICIPAL DE UBERLÂNDIA;Outros Serviços Comerciais;SECRETARIA MUNICIPAL DE FINANÇAS;06;0.00;83.33
02;1699990104;2022;170;Outros Recursos Não Vinculados;12;PREFEITURA MUNICIPAL DE UBERLÂNDIA;Outros Serviços Comerciais;SECRETARIA MUNICIPAL DE FINANÇAS;06;0.00;83.37
02;1699990105;2022;170;Outros Recursos Não Vinculados;1;PREFEITURA MUNICIPAL DE UBERLÂNDIA;Outros Serviços - FMSAN;SECRETARIA MUNICIPAL DE AGROPECUÁRIA E ABASTECIMEN;12;771.20;4166.67
02;1699990105;2022;170;Outros Recursos Não Vinculados;2;PREFEITURA MUNICIPAL DE UBERLÂNDIA;Outros Serviços - FMSAN;SECRETARIA MUNICIPAL DE AGROPECUÁRIA E ABASTECIMEN;12;1478.83;4166.67
02;1699990105;2022;170;Outros Recursos Não Vinculados;3;PREFEITURA MUNICIPAL DE UBERLÂNDIA;Outros Serviços - FMSAN;SECRETARIA MUNICIPAL DE AGROPECUÁRIA E ABASTECIMEN;12;856.94;4166.67
02;1699990105;2022;170;Outros Recursos Não Vinculados;4;PREFEITURA MUNICIPAL DE UBERLÂNDIA;Outros Serviços - FMSAN;SECRETARIA MUNICIPAL DE AGROPECUÁRIA E ABASTECIMEN;12;946.00;4166.67
02;1699990105;2022;170;Outros Recursos Não Vinculados;5;PREFEITURA MUNICIPAL DE UBERLÂNDIA;Outros Serviços - FMSAN;SECRETARIA MUNICIPAL DE AGROPECUÁRIA E ABASTECIMEN;12;3556.24;4166.67
02;1699990105;2022;170;Outros Recursos Não Vinculados;6;PREFEITURA MUNICIPAL DE UBERLÂNDIA;Outros Serviços - FMSAN;SECRETARIA MUNICIPAL DE AGROPECUÁRIA E ABASTECIMEN;12;2194.38;4166.67
02;1699990105;2022;170;Outros Recursos Não Vinculados;7;PREFEITURA MUNICIPAL DE UBERLÂNDIA;Outros Serviços - FMSAN;SECRETARIA MUNICIPAL DE AGROPECUÁRIA E ABASTECIMEN;12;6568.26;4166.67
02;1699990105;2022;170;Outros Recursos Não Vinculados;8;PREFEITURA MUNICIPAL DE UBERLÂNDIA;Outros Serviços - FMSAN;SECRETARIA MUNICIPAL DE AGROPECUÁRIA E ABASTECIMEN;12;6121.71;4166.67
02;1699990105;2022;170;Outros Recursos Não Vinculados;9;PREFEITURA MUNICIPAL DE UBERLÂNDIA;Outros Serviços - FMSAN;SECRETARIA MUNICIPAL DE AGROPECUÁRIA E ABASTECIMEN;12;746.39;4166.67
02;1699990105;2022;170;Outros Recursos Não Vinculados;10;PREFEITURA MUNICIPAL DE UBERLÂNDIA;Outros Serviços - FMSAN;SECRETARIA MUNICIPAL DE AGROPECUÁRIA E ABASTECIMEN;12;2278.58;4166.67
02;1699990105;2022;170;Outros Recursos Não Vinculados;11;PREFEITURA MUNICIPAL DE UBERLÂNDIA;Outros Serviços - FMSAN;SECRETARIA MUNICIPAL DE AGROPECUÁRIA E ABASTECIMEN;12;1920.15;4166.67
02;1699990105;2022;170;Outros Recursos Não Vinculados;12;PREFEITURA MUNICIPAL DE UBERLÂNDIA;Outros Serviços - FMSAN;SECRETARIA MUNICIPAL DE AGROPECUÁRIA E ABASTECIMEN;12;315.67;4166.63
02;1699990106;2022;170;Outros Recursos Não Vinculados;1;PREFEITURA MUNICIPAL DE UBERLÂNDIA;Outros Serviços - PMU;SECRETARIA MUNICIPAL DE FINANÇAS;06;0.00;83.33
02;1699990106;2022;170;Outros Recursos Não Vinculados;2;PREFEITURA MUNICIPAL DE UBERLÂNDIA;Outros Serviços - PMU;SECRETARIA MUNICIPAL DE FINANÇAS;06;0.00;83.33
02;1699990106;2022;170;Outros Recursos Não Vinculados;3;PREFEITURA MUNICIPAL DE UBERLÂNDIA;Outros Serviços - PMU;SECRETARIA MUNICIPAL DE FINANÇAS;06;0.00;83.33
02;1699990106;2022;170;Outros Recursos Não Vinculados;4;PREFEITURA MUNICIPAL DE UBERLÂNDIA;Outros Serviços - PMU;SECRETARIA MUNICIPAL DE FINANÇAS;06;0.00;83.33
02;1699990106;2022;170;Outros Recursos Não Vinculados;5;PREFEITURA MUNICIPAL DE UBERLÂNDIA;Outros Serviços - PMU;SECRETARIA MUNICIPAL DE FINANÇAS;06;0.00;83.33
02;1699990106;2022;170;Outros Recursos Não Vinculados;6;PREFEITURA MUNICIPAL DE UBERLÂNDIA;Outros Serviços - PMU;SECRETARIA MUNICIPAL DE FINANÇAS;06;0.00;83.33
02;1699990106;2022;170;Outros Recursos Não Vinculados;7;PREFEITURA MUNICIPAL DE UBERLÂNDIA;Outros Serviços - PMU;SECRETARIA MUNICIPAL DE FINANÇAS;06;0.00;83.33
02;1699990106;2022;170;Outros Recursos Não Vinculados;8;PREFEITURA MUNICIPAL DE UBERLÂNDIA;Outros Serviços - PMU;SECRETARIA MUNICIPAL DE FINANÇAS;06;0.00;83.33
02;1699990106;2022;170;Outros Recursos Não Vinculados;9;PREFEITURA MUNICIPAL DE UBERLÂNDIA;Outros Serviços - PMU;SECRETARIA MUNICIPAL DE FINANÇAS;06;0.00;83.33
02;1699990106;2022;170;Outros Recursos Não Vinculados;10;PREFEITURA MUNICIPAL DE UBERLÂNDIA;Outros Serviços - PMU;SECRETARIA MUNICIPAL DE FINANÇAS;06;0.00;83.33
02;1699990106;2022;170;Outros Recursos Não Vinculados;11;PREFEITURA MUNICIPAL DE UBERLÂNDIA;Outros Serviços - PMU;SECRETARIA MUNICIPAL DE FINANÇAS;06;0.00;83.33
02;1699990106;2022;170;Outros Recursos Não Vinculados;12;PREFEITURA MUNICIPAL DE UBERLÂNDIA;Outros Serviços - PMU;SECRETARIA MUNICIPAL DE FINANÇAS;06;0.00;83.37
02;1699990107;2022;170;Outros Recursos Não Vinculados;1;PREFEITURA MUNICIPAL DE UBERLÂNDIA;Outros Serviços - FMTT;SECRETARIA MUNICIPAL DE TRÂNSITO E TRANSPORTES;15;10151.28;10413.01
02;1699990107;2022;170;Outros Recursos Não Vinculados;2;PREFEITURA MUNICIPAL DE UBERLÂNDIA;Outros Serviços - FMTT;SECRETARIA MUNICIPAL DE TRÂNSITO E TRANSPORTES;15;0.00;11600.11
02;1699990107;2022;170;Outros Recursos Não Vinculados;3;PREFEITURA MUNICIPAL DE UBERLÂNDIA;Outros Serviços - FMTT;SECRETARIA MUNICIPAL DE TRÂNSITO E TRANSPORTES;15;11753.28;18739.36
02;1699990107;2022;170;Outros Recursos Não Vinculados;4;PREFEITURA MUNICIPAL DE UBERLÂNDIA;Outros Serviços - FMTT;SECRETARIA MUNICIPAL DE TRÂNSITO E TRANSPORTES;15;10120.88;9466.04
02;1699990107;2022;170;Outros Recursos Não Vinculados;5;PREFEITURA MUNICIPAL DE UBERLÂNDIA;Outros Serviços - FMTT;SECRETARIA MUNICIPAL DE TRÂNSITO E TRANSPORTES;15;0.00;7116.54
02;1699990107;2022;170;Outros Recursos Não Vinculados;6;PREFEITURA MUNICIPAL DE UBERLÂNDIA;Outros Serviços - FMTT;SECRETARIA MUNICIPAL DE TRÂNSITO E TRANSPORTES;15;29219.96;12342.65
02;1699990107;2022;170;Outros Recursos Não Vinculados;7;PREFEITURA MUNICIPAL DE UBERLÂNDIA;Outros Serviços - FMTT;SECRETARIA MUNICIPAL DE TRÂNSITO E TRANSPORTES;15;10120.88;8907.08
02;1699990107;2022;170;Outros Recursos Não Vinculados;8;PREFEITURA MUNICIPAL DE UBERLÂNDIA;Outros Serviços - FMTT;SECRETARIA MUNICIPAL DE TRÂNSITO E TRANSPORTES;15;10610.60;4099.18
02;1699990107;2022;170;Outros Recursos Não Vinculados;9;PREFEITURA MUNICIPAL DE UBERLÂNDIA;Outros Serviços - FMTT;SECRETARIA MUNICIPAL DE TRÂNSITO E TRANSPORTES;15;10692.22;8158.45
02;1699990107;2022;170;Outros Recursos Não Vinculados;10;PREFEITURA MUNICIPAL DE UBERLÂNDIA;Outros Serviços - FMTT;SECRETARIA MUNICIPAL DE TRÂNSITO E TRANSPORTES;15;0.00;8862.40
02;1699990107;2022;170;Outros Recursos Não Vinculados;11;PREFEITURA MUNICIPAL DE UBERLÂNDIA;Outros Serviços - FMTT;SECRETARIA MUNICIPAL DE TRÂNSITO E TRANSPORTES;15;22935.22;9527.59
02;1699990107;2022;170;Outros Recursos Não Vinculados;12;PREFEITURA MUNICIPAL DE UBERLÂNDIA;Outros Serviços - FMTT;SECRETARIA MUNICIPAL DE TRÂNSITO E TRANSPORTES;15;0.00;10767.59
03;1699990108;2022;170;Outros Recursos Não Vinculados;1;Departamento Municipal de Agua e Esgoto;Preço de Aferição Hidrômetro - DMAE;DEPARTAMENTO MUNICIPAL DE AGUA E ESGOTO - DMAE;17;502.47;0.00
03;1699990108;2022;170;Outros Recursos Não Vinculados;2;Departamento Municipal de Agua e Esgoto;Preço de Aferição Hidrômetro - DMAE;DEPARTAMENTO MUNICIPAL DE AGUA E ESGOTO - DMAE;17;291.32;0.00
03;1699990108;2022;170;Outros Recursos Não Vinculados;3;Departamento Municipal de Agua e Esgoto;Preço de Aferição Hidrômetro - DMAE;DEPARTAMENTO MUNICIPAL DE AGUA E ESGOTO - DMAE;17;122.44;0.00
03;1699990108;2022;170;Outros Recursos Não Vinculados;4;Departamento Municipal de Agua e Esgoto;Preço de Aferição Hidrômetro - DMAE;DEPARTAMENTO MUNICIPAL DE AGUA E ESGOTO - DMAE;17;253.32;0.00
03;1699990108;2022;170;Outros Recursos Não Vinculados;5;Departamento Municipal de Agua e Esgoto;Preço de Aferição Hidrômetro - DMAE;DEPARTAMENTO MUNICIPAL DE AGUA E ESGOTO - DMAE;17;131.69;0.00
03;1699990108;2022;170;Outros Recursos Não Vinculados;6;Departamento Municipal de Agua e Esgoto;Preço de Aferição Hidrômetro - DMAE;DEPARTAMENTO MUNICIPAL DE AGUA E ESGOTO - DMAE;17;319.07;0.00
03;1699990108;2022;170;Outros Recursos Não Vinculados;7;Departamento Municipal de Agua e Esgoto;Preço de Aferição Hidrômetro - DMAE;DEPARTAMENTO MUNICIPAL DE AGUA E ESGOTO - DMAE;17;131.69;10000.00
03;1699990108;2022;170;Outros Recursos Não Vinculados;8;Departamento Municipal de Agua e Esgoto;Preço de Aferição Hidrômetro - DMAE;DEPARTAMENTO MUNICIPAL DE AGUA E ESGOTO - DMAE;17;319.07;0.00
03;1699990108;2022;170;Outros Recursos Não Vinculados;9;Departamento Municipal de Agua e Esgoto;Preço de Aferição Hidrômetro - DMAE;DEPARTAMENTO MUNICIPAL DE AGUA E ESGOTO - DMAE;17;131.69;0.00
03;1699990108;2022;170;Outros Recursos Não Vinculados;10;Departamento Municipal de Agua e Esgoto;Preço de Aferição Hidrômetro - DMAE;DEPARTAMENTO MUNICIPAL DE AGUA E ESGOTO - DMAE;17;131.69;0.00
03;1699990108;2022;170;Outros Recursos Não Vinculados;11;Departamento Municipal de Agua e Esgoto;Preço de Aferição Hidrômetro - DMAE;DEPARTAMENTO MUNICIPAL DE AGUA E ESGOTO - DMAE;17;281.07;1000.00
03;1699990108;2022;170;Outros Recursos Não Vinculados;12;Departamento Municipal de Agua e Esgoto;Preço de Aferição Hidrômetro - DMAE;DEPARTAMENTO MUNICIPAL DE AGUA E ESGOTO - DMAE;17;38.00;0.00
03;1699990109;2022;170;Outros Recursos Não Vinculados;1;Departamento Municipal de Agua e Esgoto;Entrega de Fatura - DMAE;DEPARTAMENTO MUNICIPAL DE AGUA E ESGOTO - DMAE;17;119.91;1000.00
03;1699990109;2022;170;Outros Recursos Não Vinculados;2;Departamento Municipal de Agua e Esgoto;Entrega de Fatura - DMAE;DEPARTAMENTO MUNICIPAL DE AGUA E ESGOTO - DMAE;17;130.11;1000.00
03;1699990109;2022;170;Outros Recursos Não Vinculados;3;Departamento Municipal de Agua e Esgoto;Entrega de Fatura - DMAE;DEPARTAMENTO MUNICIPAL DE AGUA E ESGOTO - DMAE;17;206.52;1000.00
03;1699990109;2022;170;Outros Recursos Não Vinculados;4;Departamento Municipal de Agua e Esgoto;Entrega de Fatura - DMAE;DEPARTAMENTO MUNICIPAL DE AGUA E ESGOTO - DMAE;17;177.97;500.00
03;1699990109;2022;170;Outros Recursos Não Vinculados;5;Departamento Municipal de Agua e Esgoto;Entrega de Fatura - DMAE;DEPARTAMENTO MUNICIPAL DE AGUA E ESGOTO - DMAE;17;236.29;1000.00
03;1699990109;2022;170;Outros Recursos Não Vinculados;6;Departamento Municipal de Agua e Esgoto;Entrega de Fatura - DMAE;DEPARTAMENTO MUNICIPAL DE AGUA E ESGOTO - DMAE;17;254.28;500.00
03;1699990109;2022;170;Outros Recursos Não Vinculados;7;Departamento Municipal de Agua e Esgoto;Entrega de Fatura - DMAE;DEPARTAMENTO MUNICIPAL DE AGUA E ESGOTO - DMAE;17;168.44;1000.00
03;1699990109;2022;170;Outros Recursos Não Vinculados;8;Departamento Municipal de Agua e Esgoto;Entrega de Fatura - DMAE;DEPARTAMENTO MUNICIPAL DE AGUA E ESGOTO - DMAE;17;251.54;500.00
03;1699990109;2022;170;Outros Recursos Não Vinculados;9;Departamento Municipal de Agua e Esgoto;Entrega de Fatura - DMAE;DEPARTAMENTO MUNICIPAL DE AGUA E ESGOTO - DMAE;17;285.68;1000.00
03;1699990109;2022;170;Outros Recursos Não Vinculados;10;Departamento Municipal de Agua e Esgoto;Entrega de Fatura - DMAE;DEPARTAMENTO MUNICIPAL DE AGUA E ESGOTO - DMAE;17;115.48;500.00
03;1699990109;2022;170;Outros Recursos Não Vinculados;11;Departamento Municipal de Agua e Esgoto;Entrega de Fatura - DMAE;DEPARTAMENTO MUNICIPAL DE AGUA E ESGOTO - DMAE;17;265.60;1000.00
03;1699990109;2022;170;Outros Recursos Não Vinculados;12;Departamento Municipal de Agua e Esgoto;Entrega de Fatura - DMAE;DEPARTAMENTO MUNICIPAL DE AGUA E ESGOTO - DMAE;17;220.32;1000.00
03;1699990110;2022;170;Outros Recursos Não Vinculados;1;Departamento Municipal de Agua e Esgoto;Vistoria de Vazamento no Imóvel;DEPARTAMENTO MUNICIPAL DE AGUA E ESGOTO - DMAE;17;1291.87;5000.00
03;1699990110;2022;170;Outros Recursos Não Vinculados;2;Departamento Municipal de Agua e Esgoto;Vistoria de Vazamento no Imóvel;DEPARTAMENTO MUNICIPAL DE AGUA E ESGOTO - DMAE;17;983.42;5000.00
03;1699990110;2022;170;Outros Recursos Não Vinculados;3;Departamento Municipal de Agua e Esgoto;Vistoria de Vazamento no Imóvel;DEPARTAMENTO MUNICIPAL DE AGUA E ESGOTO - DMAE;17;669.20;10000.00
03;1699990110;2022;170;Outros Recursos Não Vinculados;4;Departamento Municipal de Agua e Esgoto;Vistoria de Vazamento no Imóvel;DEPARTAMENTO MUNICIPAL DE AGUA E ESGOTO - DMAE;17;999.12;5000.00
03;1699990110;2022;170;Outros Recursos Não Vinculados;5;Departamento Municipal de Agua e Esgoto;Vistoria de Vazamento no Imóvel;DEPARTAMENTO MUNICIPAL DE AGUA E ESGOTO - DMAE;17;688.43;5000.00
03;1699990110;2022;170;Outros Recursos Não Vinculados;6;Departamento Municipal de Agua e Esgoto;Vistoria de Vazamento no Imóvel;DEPARTAMENTO MUNICIPAL DE AGUA E ESGOTO - DMAE;17;624.21;10000.00
03;1699990110;2022;170;Outros Recursos Não Vinculados;7;Departamento Municipal de Agua e Esgoto;Vistoria de Vazamento no Imóvel;DEPARTAMENTO MUNICIPAL DE AGUA E ESGOTO - DMAE;17;612.38;5000.00
03;1699990110;2022;170;Outros Recursos Não Vinculados;8;Departamento Municipal de Agua e Esgoto;Vistoria de Vazamento no Imóvel;DEPARTAMENTO MUNICIPAL DE AGUA E ESGOTO - DMAE;17;632.24;10000.00
03;1699990110;2022;170;Outros Recursos Não Vinculados;9;Departamento Municipal de Agua e Esgoto;Vistoria de Vazamento no Imóvel;DEPARTAMENTO MUNICIPAL DE AGUA E ESGOTO - DMAE;17;501.25;5000.00
03;1699990110;2022;170;Outros Recursos Não Vinculados;10;Departamento Municipal de Agua e Esgoto;Vistoria de Vazamento no Imóvel;DEPARTAMENTO MUNICIPAL DE AGUA E ESGOTO - DMAE;17;317.53;10000.00
03;1699990110;2022;170;Outros Recursos Não Vinculados;11;Departamento Municipal de Agua e Esgoto;Vistoria de Vazamento no Imóvel;DEPARTAMENTO MUNICIPAL DE AGUA E ESGOTO - DMAE;17;579.18;5000.00
03;1699990110;2022;170;Outros Recursos Não Vinculados;12;Departamento Municipal de Agua e Esgoto;Vistoria de Vazamento no Imóvel;DEPARTAMENTO MUNICIPAL DE AGUA E ESGOTO - DMAE;17;483.29;8000.00
02;1699990201;2022;170;Outros Recursos Não Vinculados;1;PREFEITURA MUNICIPAL DE UBERLÂNDIA;Multa e Juros - Outros Serviços - FUMHIS;SECRETARIA MUNICIPAL DE DESENVOLVIMENTO SOCIAL E T;10;431.70;9166.67
02;1699990201;2022;170;Outros Recursos Não Vinculados;2;PREFEITURA MUNICIPAL DE UBERLÂNDIA;Multa e Juros - Outros Serviços - FUMHIS;SECRETARIA MUNICIPAL DE DESENVOLVIMENTO SOCIAL E T;10;4215.94;9166.67
02;1699990201;2022;170;Outros Recursos Não Vinculados;3;PREFEITURA MUNICIPAL DE UBERLÂNDIA;Multa e Juros - Outros Serviços - FUMHIS;SECRETARIA MUNICIPAL DE DESENVOLVIMENTO SOCIAL E T;10;783.51;9166.67
02;1699990201;2022;170;Outros Recursos Não Vinculados;4;PREFEITURA MUNICIPAL DE UBERLÂNDIA;Multa e Juros - Outros Serviços - FUMHIS;SECRETARIA MUNICIPAL DE DESENVOLVIMENTO SOCIAL E T;10;1115.71;9166.67
02;1699990201;2022;170;Outros Recursos Não Vinculados;5;PREFEITURA MUNICIPAL DE UBERLÂNDIA;Multa e Juros - Outros Serviços - FUMHIS;SECRETARIA MUNICIPAL DE DESENVOLVIMENTO SOCIAL E T;10;14535.82;9166.67
02;1699990201;2022;170;Outros Recursos Não Vinculados;6;PREFEITURA MUNICIPAL DE UBERLÂNDIA;Multa e Juros - Outros Serviços - FUMHIS;SECRETARIA MUNICIPAL DE DESENVOLVIMENTO SOCIAL E T;10;2415.29;9166.67
02;1699990201;2022;170;Outros Recursos Não Vinculados;7;PREFEITURA MUNICIPAL DE UBERLÂNDIA;Multa e Juros - Outros Serviços - FUMHIS;SECRETARIA MUNICIPAL DE DESENVOLVIMENTO SOCIAL E T;10;1077.55;9166.67
02;1699990201;2022;170;Outros Recursos Não Vinculados;8;PREFEITURA MUNICIPAL DE UBERLÂNDIA;Multa e Juros - Outros Serviços - FUMHIS;SECRETARIA MUNICIPAL DE DESENVOLVIMENTO SOCIAL E T;10;1295.90;9166.67
02;1699990201;2022;170;Outros Recursos Não Vinculados;9;PREFEITURA MUNICIPAL DE UBERLÂNDIA;Multa e Juros - Outros Serviços - FUMHIS;SECRETARIA MUNICIPAL DE DESENVOLVIMENTO SOCIAL E T;10;806.54;9166.67
02;1699990201;2022;170;Outros Recursos Não Vinculados;10;PREFEITURA MUNICIPAL DE UBERLÂNDIA;Multa e Juros - Outros Serviços - FUMHIS;SECRETARIA MUNICIPAL DE DESENVOLVIMENTO SOCIAL E T;10;1082.84;9166.67
02;1699990201;2022;170;Outros Recursos Não Vinculados;11;PREFEITURA MUNICIPAL DE UBERLÂNDIA;Multa e Juros - Outros Serviços - FUMHIS;SECRETARIA MUNICIPAL DE DESENVOLVIMENTO SOCIAL E T;10;1025.74;9166.67
02;1699990201;2022;170;Outros Recursos Não Vinculados;12;PREFEITURA MUNICIPAL DE UBERLÂNDIA;Multa e Juros - Outros Serviços - FUMHIS;SECRETARIA MUNICIPAL DE DESENVOLVIMENTO SOCIAL E T;10;1373.16;9166.63
02;1699990202;2022;170;Outros Recursos Não Vinculados;1;PREFEITURA MUNICIPAL DE UBERLÂNDIA;Multa e Juros - Outros Serviços - FMSAN;SECRETARIA MUNICIPAL DE AGROPECUÁRIA E ABASTECIMEN;12;5.44;83.33
02;1699990202;2022;170;Outros Recursos Não Vinculados;2;PREFEITURA MUNICIPAL DE UBERLÂNDIA;Multa e Juros - Outros Serviços - FMSAN;SECRETARIA MUNICIPAL DE AGROPECUÁRIA E ABASTECIMEN;12;17.24;83.33
02;1699990202;2022;170;Outros Recursos Não Vinculados;3;PREFEITURA MUNICIPAL DE UBERLÂNDIA;Multa e Juros - Outros Serviços - FMSAN;SECRETARIA MUNICIPAL DE AGROPECUÁRIA E ABASTECIMEN;12;2.10;83.33
02;1699990202;2022;170;Outros Recursos Não Vinculados;4;PREFEITURA MUNICIPAL DE UBERLÂNDIA;Multa e Juros - Outros Serviços - FMSAN;SECRETARIA MUNICIPAL DE AGROPECUÁRIA E ABASTECIMEN;12;3.87;83.33
02;1699990202;2022;170;Outros Recursos Não Vinculados;5;PREFEITURA MUNICIPAL DE UBERLÂNDIA;Multa e Juros - Outros Serviços - FMSAN;SECRETARIA MUNICIPAL DE AGROPECUÁRIA E ABASTECIMEN;12;15.89;83.33
02;1699990202;2022;170;Outros Recursos Não Vinculados;6;PREFEITURA MUNICIPAL DE UBERLÂNDIA;Multa e Juros - Outros Serviços - FMSAN;SECRETARIA MUNICIPAL DE AGROPECUÁRIA E ABASTECIMEN;12;18.47;83.33
02;1699990202;2022;170;Outros Recursos Não Vinculados;7;PREFEITURA MUNICIPAL DE UBERLÂNDIA;Multa e Juros - Outros Serviços - FMSAN;SECRETARIA MUNICIPAL DE AGROPECUÁRIA E ABASTECIMEN;12;172.46;83.33
02;1699990202;2022;170;Outros Recursos Não Vinculados;8;PREFEITURA MUNICIPAL DE UBERLÂNDIA;Multa e Juros - Outros Serviços - FMSAN;SECRETARIA MUNICIPAL DE AGROPECUÁRIA E ABASTECIMEN;12;96.25;83.33
02;1699990202;2022;170;Outros Recursos Não Vinculados;9;PREFEITURA MUNICIPAL DE UBERLÂNDIA;Multa e Juros - Outros Serviços - FMSAN;SECRETARIA MUNICIPAL DE AGROPECUÁRIA E ABASTECIMEN;12;6.82;83.33
02;1699990202;2022;170;Outros Recursos Não Vinculados;10;PREFEITURA MUNICIPAL DE UBERLÂNDIA;Multa e Juros - Outros Serviços - FMSAN;SECRETARIA MUNICIPAL DE AGROPECUÁRIA E ABASTECIMEN;12;23.65;83.33
02;1699990202;2022;170;Outros Recursos Não Vinculados;11;PREFEITURA MUNICIPAL DE UBERLÂNDIA;Multa e Juros - Outros Serviços - FMSAN;SECRETARIA MUNICIPAL DE AGROPECUÁRIA E ABASTECIMEN;12;14.64;83.33
02;1699990202;2022;170;Outros Recursos Não Vinculados;12;PREFEITURA MUNICIPAL DE UBERLÂNDIA;Multa e Juros - Outros Serviços - FMSAN;SECRETARIA MUNICIPAL DE AGROPECUÁRIA E ABASTECIMEN;12;2.17;83.37
02;1699990203;2022;170;Outros Recursos Não Vinculados;1;PREFEITURA MUNICIPAL DE UBERLÂNDIA;Multa e Juros - Outros Serviços - FMTT;SECRETARIA MUNICIPAL DE TRÂNSITO E TRANSPORTES;15;0.00;5833.33
02;1699990203;2022;170;Outros Recursos Não Vinculados;2;PREFEITURA MUNICIPAL DE UBERLÂNDIA;Multa e Juros - Outros Serviços - FMTT;SECRETARIA MUNICIPAL DE TRÂNSITO E TRANSPORTES;15;0.00;5833.33
02;1699990203;2022;170;Outros Recursos Não Vinculados;3;PREFEITURA MUNICIPAL DE UBERLÂNDIA;Multa e Juros - Outros Serviços - FMTT;SECRETARIA MUNICIPAL DE TRÂNSITO E TRANSPORTES;15;0.00;5833.33
02;1699990203;2022;170;Outros Recursos Não Vinculados;4;PREFEITURA MUNICIPAL DE UBERLÂNDIA;Multa e Juros - Outros Serviços - FMTT;SECRETARIA MUNICIPAL DE TRÂNSITO E TRANSPORTES;15;2428.40;5833.33
02;1699990203;2022;170;Outros Recursos Não Vinculados;5;PREFEITURA MUNICIPAL DE UBERLÂNDIA;Multa e Juros - Outros Serviços - FMTT;SECRETARIA MUNICIPAL DE TRÂNSITO E TRANSPORTES;15;0.00;5833.33
02;1699990203;2022;170;Outros Recursos Não Vinculados;6;PREFEITURA MUNICIPAL DE UBERLÂNDIA;Multa e Juros - Outros Serviços - FMTT;SECRETARIA MUNICIPAL DE TRÂNSITO E TRANSPORTES;15;0.00;5833.33
02;1699990203;2022;170;Outros Recursos Não Vinculados;7;PREFEITURA MUNICIPAL DE UBERLÂNDIA;Multa e Juros - Outros Serviços - FMTT;SECRETARIA MUNICIPAL DE TRÂNSITO E TRANSPORTES;15;0.00;5833.33
02;1699990203;2022;170;Outros Recursos Não Vinculados;8;PREFEITURA MUNICIPAL DE UBERLÂNDIA;Multa e Juros - Outros Serviços - FMTT;SECRETARIA MUNICIPAL DE TRÂNSITO E TRANSPORTES;15;0.00;5833.33
02;1699990203;2022;170;Outros Recursos Não Vinculados;9;PREFEITURA MUNICIPAL DE UBERLÂNDIA;Multa e Juros - Outros Serviços - FMTT;SECRETARIA MUNICIPAL DE TRÂNSITO E TRANSPORTES;15;0.00;5833.33
02;1699990203;2022;170;Outros Recursos Não Vinculados;10;PREFEITURA MUNICIPAL DE UBERLÂNDIA;Multa e Juros - Outros Serviços - FMTT;SECRETARIA MUNICIPAL DE TRÂNSITO E TRANSPORTES;15;15954.69;5833.33
02;1699990203;2022;170;Outros Recursos Não Vinculados;11;PREFEITURA MUNICIPAL DE UBERLÂNDIA;Multa e Juros - Outros Serviços - FMTT;SECRETARIA MUNICIPAL DE TRÂNSITO E TRANSPORTES;15;0.00;5833.33
02;1699990203;2022;170;Outros Recursos Não Vinculados;12;PREFEITURA MUNICIPAL DE UBERLÂNDIA;Multa e Juros - Outros Serviços - FMTT;SECRETARIA MUNICIPAL DE TRÂNSITO E TRANSPORTES;15;0.00;5833.37
02;1699990204;2022;170;Outros Recursos Não Vinculados;1;PREFEITURA MUNICIPAL DE UBERLÂNDIA;Multa e Juros - Outros Serviços - PMU;SECRETARIA MUNICIPAL DE FINANÇAS;06;16.29;0.00
02;1699990204;2022;170;Outros Recursos Não Vinculados;2;PREFEITURA MUNICIPAL DE UBERLÂNDIA;Multa e Juros - Outros Serviços - PMU;SECRETARIA MUNICIPAL DE FINANÇAS;06;16.29;0.00
02;1699990204;2022;170;Outros Recursos Não Vinculados;3;PREFEITURA MUNICIPAL DE UBERLÂNDIA;Multa e Juros - Outros Serviços - PMU;SECRETARIA MUNICIPAL DE FINANÇAS;06;16.29;0.00
02;1699990204;2022;170;Outros Recursos Não Vinculados;4;PREFEITURA MUNICIPAL DE UBERLÂNDIA;Multa e Juros - Outros Serviços - PMU;SECRETARIA MUNICIPAL DE FINANÇAS;06;16.29;0.00
02;1699990204;2022;170;Outros Recursos Não Vinculados;5;PREFEITURA MUNICIPAL DE UBERLÂNDIA;Multa e Juros - Outros Serviços - PMU;SECRETARIA MUNICIPAL DE FINANÇAS;06;301.11;0.00
02;1699990204;2022;170;Outros Recursos Não Vinculados;6;PREFEITURA MUNICIPAL DE UBERLÂNDIA;Multa e Juros - Outros Serviços - PMU;SECRETARIA MUNICIPAL DE FINANÇAS;06;16.29;0.00
02;1699990204;2022;170;Outros Recursos Não Vinculados;7;PREFEITURA MUNICIPAL DE UBERLÂNDIA;Multa e Juros - Outros Serviços - PMU;SECRETARIA MUNICIPAL DE FINANÇAS;06;16.29;0.00
02;1699990204;2022;170;Outros Recursos Não Vinculados;8;PREFEITURA MUNICIPAL DE UBERLÂNDIA;Multa e Juros - Outros Serviços - PMU;SECRETARIA MUNICIPAL DE FINANÇAS;06;0.25;0.00
02;1699990204;2022;170;Outros Recursos Não Vinculados;9;PREFEITURA MUNICIPAL DE UBERLÂNDIA;Multa e Juros - Outros Serviços - PMU;SECRETARIA MUNICIPAL DE FINANÇAS;06;12.51;0.00
02;1699990204;2022;170;Outros Recursos Não Vinculados;10;PREFEITURA MUNICIPAL DE UBERLÂNDIA;Multa e Juros - Outros Serviços - PMU;SECRETARIA MUNICIPAL DE FINANÇAS;06;10.46;0.00
02;1699990301;2022;170;Outros Recursos Não Vinculados;1;PREFEITURA MUNICIPAL DE UBERLÂNDIA;Divida Ativa - Outros Serviços - PMU;SECRETARIA MUNICIPAL DE FINANÇAS;06;9261.92;48019.83
02;1699990301;2022;170;Outros Recursos Não Vinculados;2;PREFEITURA MUNICIPAL DE UBERLÂNDIA;Divida Ativa - Outros Serviços - PMU;SECRETARIA MUNICIPAL DE FINANÇAS;06;16338.19;48019.83
02;1699990301;2022;170;Outros Recursos Não Vinculados;3;PREFEITURA MUNICIPAL DE UBERLÂNDIA;Divida Ativa - Outros Serviços - PMU;SECRETARIA MUNICIPAL DE FINANÇAS;06;15294.84;48019.83
02;1699990301;2022;170;Outros Recursos Não Vinculados;4;PREFEITURA MUNICIPAL DE UBERLÂNDIA;Divida Ativa - Outros Serviços - PMU;SECRETARIA MUNICIPAL DE FINANÇAS;06;46897.63;48019.83
02;1699990301;2022;170;Outros Recursos Não Vinculados;5;PREFEITURA MUNICIPAL DE UBERLÂNDIA;Divida Ativa - Outros Serviços - PMU;SECRETARIA MUNICIPAL DE FINANÇAS;06;8575.79;48019.83
02;1699990301;2022;170;Outros Recursos Não Vinculados;6;PREFEITURA MUNICIPAL DE UBERLÂNDIA;Divida Ativa - Outros Serviços - PMU;SECRETARIA MUNICIPAL DE FINANÇAS;06;13796.13;48019.83
02;1699990301;2022;170;Outros Recursos Não Vinculados;7;PREFEITURA MUNICIPAL DE UBERLÂNDIA;Divida Ativa - Outros Serviços - PMU;SECRETARIA MUNICIPAL DE FINANÇAS;06;14543.67;48019.83
02;1699990301;2022;170;Outros Recursos Não Vinculados;8;PREFEITURA MUNICIPAL DE UBERLÂNDIA;Divida Ativa - Outros Serviços - PMU;SECRETARIA MUNICIPAL DE FINANÇAS;06;5896.47;48019.83
02;1699990301;2022;170;Outros Recursos Não Vinculados;9;PREFEITURA MUNICIPAL DE UBERLÂNDIA;Divida Ativa - Outros Serviços - PMU;SECRETARIA MUNICIPAL DE FINANÇAS;06;10579.79;48019.83
02;1699990301;2022;170;Outros Recursos Não Vinculados;10;PREFEITURA MUNICIPAL DE UBERLÂNDIA;Divida Ativa - Outros Serviços - PMU;SECRETARIA MUNICIPAL DE FINANÇAS;06;6189.30;48019.83
02;1699990301;2022;170;Outros Recursos Não Vinculados;11;PREFEITURA MUNICIPAL DE UBERLÂNDIA;Divida Ativa - Outros Serviços - PMU;SECRETARIA MUNICIPAL DE FINANÇAS;06;7767.35;48019.83
02;1699990301;2022;170;Outros Recursos Não Vinculados;12;PREFEITURA MUNICIPAL DE UBERLÂNDIA;Divida Ativa - Outros Serviços - PMU;SECRETARIA MUNICIPAL DE FINANÇAS;06;20710.90;48019.87
02;1699990302;2022;170;Outros Recursos Não Vinculados;1;PREFEITURA MUNICIPAL DE UBERLÂNDIA;Divida Ativa - Outros Serviços - FUMHIS;SECRETARIA MUNICIPAL DE DESENVOLVIMENTO SOCIAL E T;10;0.00;833.33
02;1699990302;2022;170;Outros Recursos Não Vinculados;2;PREFEITURA MUNICIPAL DE UBERLÂNDIA;Divida Ativa - Outros Serviços - FUMHIS;SECRETARIA MUNICIPAL DE DESENVOLVIMENTO SOCIAL E T;10;215.16;833.33
02;1699990302;2022;170;Outros Recursos Não Vinculados;3;PREFEITURA MUNICIPAL DE UBERLÂNDIA;Divida Ativa - Outros Serviços - FUMHIS;SECRETARIA MUNICIPAL DE DESENVOLVIMENTO SOCIAL E T;10;0.00;833.33
02;1699990302;2022;170;Outros Recursos Não Vinculados;4;PREFEITURA MUNICIPAL DE UBERLÂNDIA;Divida Ativa - Outros Serviços - FUMHIS;SECRETARIA MUNICIPAL DE DESENVOLVIMENTO SOCIAL E T;10;70.56;833.33
02;1699990302;2022;170;Outros Recursos Não Vinculados;5;PREFEITURA MUNICIPAL DE UBERLÂNDIA;Divida Ativa - Outros Serviços - FUMHIS;SECRETARIA MUNICIPAL DE DESENVOLVIMENTO SOCIAL E T;10;861.80;833.33
02;1699990302;2022;170;Outros Recursos Não Vinculados;6;PREFEITURA MUNICIPAL DE UBERLÂNDIA;Divida Ativa - Outros Serviços - FUMHIS;SECRETARIA MUNICIPAL DE DESENVOLVIMENTO SOCIAL E T;10;32.42;833.33
02;1699990302;2022;170;Outros Recursos Não Vinculados;7;PREFEITURA MUNICIPAL DE UBERLÂNDIA;Divida Ativa - Outros Serviços - FUMHIS;SECRETARIA MUNICIPAL DE DESENVOLVIMENTO SOCIAL E T;10;1418.07;833.33
02;1699990302;2022;170;Outros Recursos Não Vinculados;8;PREFEITURA MUNICIPAL DE UBERLÂNDIA;Divida Ativa - Outros Serviços - FUMHIS;SECRETARIA MUNICIPAL DE DESENVOLVIMENTO SOCIAL E T;10;67.16;833.33
02;1699990302;2022;170;Outros Recursos Não Vinculados;9;PREFEITURA MUNICIPAL DE UBERLÂNDIA;Divida Ativa - Outros Serviços - FUMHIS;SECRETARIA MUNICIPAL DE DESENVOLVIMENTO SOCIAL E T;10;0.00;833.33
02;1699990302;2022;170;Outros Recursos Não Vinculados;10;PREFEITURA MUNICIPAL DE UBERLÂNDIA;Divida Ativa - Outros Serviços - FUMHIS;SECRETARIA MUNICIPAL DE DESENVOLVIMENTO SOCIAL E T;10;0.00;833.33
02;1699990302;2022;170;Outros Recursos Não Vinculados;11;PREFEITURA MUNICIPAL DE UBERLÂNDIA;Divida Ativa - Outros Serviços - FUMHIS;SECRETARIA MUNICIPAL DE DESENVOLVIMENTO SOCIAL E T;10;0.00;833.33
02;1699990302;2022;170;Outros Recursos Não Vinculados;12;PREFEITURA MUNICIPAL DE UBERLÂNDIA;Divida Ativa - Outros Serviços - FUMHIS;SECRETARIA MUNICIPAL DE DESENVOLVIMENTO SOCIAL E T;10;57.92;833.37
02;1699990303;2022;170;Outros Recursos Não Vinculados;1;PREFEITURA MUNICIPAL DE UBERLÂNDIA;Divida Ativa - Outros Serviços - FMSAN;SECRETARIA MUNICIPAL DE AGROPECUÁRIA E ABASTECIMEN;12;3641.76;83.33
02;1699990303;2022;170;Outros Recursos Não Vinculados;2;PREFEITURA MUNICIPAL DE UBERLÂNDIA;Divida Ativa - Outros Serviços - FMSAN;SECRETARIA MUNICIPAL DE AGROPECUÁRIA E ABASTECIMEN;12;2451.87;83.33
02;1699990303;2022;170;Outros Recursos Não Vinculados;3;PREFEITURA MUNICIPAL DE UBERLÂNDIA;Divida Ativa - Outros Serviços - FMSAN;SECRETARIA MUNICIPAL DE AGROPECUÁRIA E ABASTECIMEN;12;2493.50;83.33
02;1699990303;2022;170;Outros Recursos Não Vinculados;4;PREFEITURA MUNICIPAL DE UBERLÂNDIA;Divida Ativa - Outros Serviços - FMSAN;SECRETARIA MUNICIPAL DE AGROPECUÁRIA E ABASTECIMEN;12;650.52;83.33
02;1699990303;2022;170;Outros Recursos Não Vinculados;5;PREFEITURA MUNICIPAL DE UBERLÂNDIA;Divida Ativa - Outros Serviços - FMSAN;SECRETARIA MUNICIPAL DE AGROPECUÁRIA E ABASTECIMEN;12;2600.80;83.33
02;1699990303;2022;170;Outros Recursos Não Vinculados;6;PREFEITURA MUNICIPAL DE UBERLÂNDIA;Divida Ativa - Outros Serviços - FMSAN;SECRETARIA MUNICIPAL DE AGROPECUÁRIA E ABASTECIMEN;12;349.15;83.33
02;1699990303;2022;170;Outros Recursos Não Vinculados;7;PREFEITURA MUNICIPAL DE UBERLÂNDIA;Divida Ativa - Outros Serviços - FMSAN;SECRETARIA MUNICIPAL DE AGROPECUÁRIA E ABASTECIMEN;12;5280.49;83.33
02;1699990303;2022;170;Outros Recursos Não Vinculados;8;PREFEITURA MUNICIPAL DE UBERLÂNDIA;Divida Ativa - Outros Serviços - FMSAN;SECRETARIA MUNICIPAL DE AGROPECUÁRIA E ABASTECIMEN;12;969.76;83.33
02;1699990303;2022;170;Outros Recursos Não Vinculados;9;PREFEITURA MUNICIPAL DE UBERLÂNDIA;Divida Ativa - Outros Serviços - FMSAN;SECRETARIA MUNICIPAL DE AGROPECUÁRIA E ABASTECIMEN;12;346.64;83.33
02;1699990303;2022;170;Outros Recursos Não Vinculados;10;PREFEITURA MUNICIPAL DE UBERLÂNDIA;Divida Ativa - Outros Serviços - FMSAN;SECRETARIA MUNICIPAL DE AGROPECUÁRIA E ABASTECIMEN;12;327.77;83.33
02;1699990303;2022;170;Outros Recursos Não Vinculados;11;PREFEITURA MUNICIPAL DE UBERLÂNDIA;Divida Ativa - Outros Serviços - FMSAN;SECRETARIA MUNICIPAL DE AGROPECUÁRIA E ABASTECIMEN;12;792.17;83.33
02;1699990303;2022;170;Outros Recursos Não Vinculados;12;PREFEITURA MUNICIPAL DE UBERLÂNDIA;Divida Ativa - Outros Serviços - FMSAN;SECRETARIA MUNICIPAL DE AGROPECUÁRIA E ABASTECIMEN;12;1450.52;83.37
02;1699990304;2022;170;Outros Recursos Não Vinculados;1;PREFEITURA MUNICIPAL DE UBERLÂNDIA;Divida Ativa - Outros Serviços - FMTT;SECRETARIA MUNICIPAL DE TRÂNSITO E TRANSPORTES;15;0.00;5833.33
02;1699990304;2022;170;Outros Recursos Não Vinculados;2;PREFEITURA MUNICIPAL DE UBERLÂNDIA;Divida Ativa - Outros Serviços - FMTT;SECRETARIA MUNICIPAL DE TRÂNSITO E TRANSPORTES;15;29.86;5833.33
02;1699990304;2022;170;Outros Recursos Não Vinculados;3;PREFEITURA MUNICIPAL DE UBERLÂNDIA;Divida Ativa - Outros Serviços - FMTT;SECRETARIA MUNICIPAL DE TRÂNSITO E TRANSPORTES;15;29.86;5833.33
02;1699990304;2022;170;Outros Recursos Não Vinculados;4;PREFEITURA MUNICIPAL DE UBERLÂNDIA;Divida Ativa - Outros Serviços - FMTT;SECRETARIA MUNICIPAL DE TRÂNSITO E TRANSPORTES;15;31.67;5833.33
02;1699990304;2022;170;Outros Recursos Não Vinculados;5;PREFEITURA MUNICIPAL DE UBERLÂNDIA;Divida Ativa - Outros Serviços - FMTT;SECRETARIA MUNICIPAL DE TRÂNSITO E TRANSPORTES;15;32.12;5833.33
02;1699990304;2022;170;Outros Recursos Não Vinculados;6;PREFEITURA MUNICIPAL DE UBERLÂNDIA;Divida Ativa - Outros Serviços - FMTT;SECRETARIA MUNICIPAL DE TRÂNSITO E TRANSPORTES;15;433.67;5833.33
02;1699990304;2022;170;Outros Recursos Não Vinculados;7;PREFEITURA MUNICIPAL DE UBERLÂNDIA;Divida Ativa - Outros Serviços - FMTT;SECRETARIA MUNICIPAL DE TRÂNSITO E TRANSPORTES;15;848.37;5833.33
02;1699990304;2022;170;Outros Recursos Não Vinculados;8;PREFEITURA MUNICIPAL DE UBERLÂNDIA;Divida Ativa - Outros Serviços - FMTT;SECRETARIA MUNICIPAL DE TRÂNSITO E TRANSPORTES;15;480.36;5833.33
02;1699990304;2022;170;Outros Recursos Não Vinculados;9;PREFEITURA MUNICIPAL DE UBERLÂNDIA;Divida Ativa - Outros Serviços - FMTT;SECRETARIA MUNICIPAL DE TRÂNSITO E TRANSPORTES;15;320.97;5833.33
02;1699990304;2022;170;Outros Recursos Não Vinculados;10;PREFEITURA MUNICIPAL DE UBERLÂNDIA;Divida Ativa - Outros Serviços - FMTT;SECRETARIA MUNICIPAL DE TRÂNSITO E TRANSPORTES;15;261.76;5833.33
02;1699990304;2022;170;Outros Recursos Não Vinculados;11;PREFEITURA MUNICIPAL DE UBERLÂNDIA;Divida Ativa - Outros Serviços - FMTT;SECRETARIA MUNICIPAL DE TRÂNSITO E TRANSPORTES;15;3888.79;5833.33
02;1699990304;2022;170;Outros Recursos Não Vinculados;12;PREFEITURA MUNICIPAL DE UBERLÂNDIA;Divida Ativa - Outros Serviços - FMTT;SECRETARIA MUNICIPAL DE TRÂNSITO E TRANSPORTES;15;534.16;5833.37
02;1699990401;2022;170;Outros Recursos Não Vinculados;1;PREFEITURA MUNICIPAL DE UBERLÂNDIA;Divida Ativa Mul e Jur- Outros Serviços - FUMHIS;SECRETARIA MUNICIPAL DE DESENVOLVIMENTO SOCIAL E T;10;0.00;416.67
02;1699990401;2022;170;Outros Recursos Não Vinculados;2;PREFEITURA MUNICIPAL DE UBERLÂNDIA;Divida Ativa Mul e Jur- Outros Serviços - FUMHIS;SECRETARIA MUNICIPAL DE DESENVOLVIMENTO SOCIAL E T;10;473.24;416.67
02;1699990401;2022;170;Outros Recursos Não Vinculados;3;PREFEITURA MUNICIPAL DE UBERLÂNDIA;Divida Ativa Mul e Jur- Outros Serviços - FUMHIS;SECRETARIA MUNICIPAL DE DESENVOLVIMENTO SOCIAL E T;10;0.00;416.67
02;1699990401;2022;170;Outros Recursos Não Vinculados;4;PREFEITURA MUNICIPAL DE UBERLÂNDIA;Divida Ativa Mul e Jur- Outros Serviços - FUMHIS;SECRETARIA MUNICIPAL DE DESENVOLVIMENTO SOCIAL E T;10;49.37;416.67
02;1699990401;2022;170;Outros Recursos Não Vinculados;5;PREFEITURA MUNICIPAL DE UBERLÂNDIA;Divida Ativa Mul e Jur- Outros Serviços - FUMHIS;SECRETARIA MUNICIPAL DE DESENVOLVIMENTO SOCIAL E T;10;1189.98;416.67
02;1699990401;2022;170;Outros Recursos Não Vinculados;6;PREFEITURA MUNICIPAL DE UBERLÂNDIA;Divida Ativa Mul e Jur- Outros Serviços - FUMHIS;SECRETARIA MUNICIPAL DE DESENVOLVIMENTO SOCIAL E T;10;30.67;416.67
02;1699990401;2022;170;Outros Recursos Não Vinculados;7;PREFEITURA MUNICIPAL DE UBERLÂNDIA;Divida Ativa Mul e Jur- Outros Serviços - FUMHIS;SECRETARIA MUNICIPAL DE DESENVOLVIMENTO SOCIAL E T;10;0.00;416.67
02;1699990401;2022;170;Outros Recursos Não Vinculados;8;PREFEITURA MUNICIPAL DE UBERLÂNDIA;Divida Ativa Mul e Jur- Outros Serviços - FUMHIS;SECRETARIA MUNICIPAL DE DESENVOLVIMENTO SOCIAL E T;10;100.19;416.67
02;1699990401;2022;170;Outros Recursos Não Vinculados;9;PREFEITURA MUNICIPAL DE UBERLÂNDIA;Divida Ativa Mul e Jur- Outros Serviços - FUMHIS;SECRETARIA MUNICIPAL DE DESENVOLVIMENTO SOCIAL E T;10;0.00;416.67
02;1699990401;2022;170;Outros Recursos Não Vinculados;10;PREFEITURA MUNICIPAL DE UBERLÂNDIA;Divida Ativa Mul e Jur- Outros Serviços - FUMHIS;SECRETARIA MUNICIPAL DE DESENVOLVIMENTO SOCIAL E T;10;0.00;416.67
02;1699990401;2022;170;Outros Recursos Não Vinculados;11;PREFEITURA MUNICIPAL DE UBERLÂNDIA;Divida Ativa Mul e Jur- Outros Serviços - FUMHIS;SECRETARIA MUNICIPAL DE DESENVOLVIMENTO SOCIAL E T;10;0.00;416.67
02;1699990401;2022;170;Outros Recursos Não Vinculados;12;PREFEITURA MUNICIPAL DE UBERLÂNDIA;Divida Ativa Mul e Jur- Outros Serviços - FUMHIS;SECRETARIA MUNICIPAL DE DESENVOLVIMENTO SOCIAL E T;10;78.24;416.63
02;1699990402;2022;170;Outros Recursos Não Vinculados;1;PREFEITURA MUNICIPAL DE UBERLÂNDIA;Divida Ativa Mul e Jur- Outros Serviços - FMSAN;SECRETARIA MUNICIPAL DE AGROPECUÁRIA E ABASTECIMEN;12;252.52;83.33
02;1699990402;2022;170;Outros Recursos Não Vinculados;2;PREFEITURA MUNICIPAL DE UBERLÂNDIA;Divida Ativa Mul e Jur- Outros Serviços - FMSAN;SECRETARIA MUNICIPAL DE AGROPECUÁRIA E ABASTECIMEN;12;162.92;83.33
02;1699990402;2022;170;Outros Recursos Não Vinculados;3;PREFEITURA MUNICIPAL DE UBERLÂNDIA;Divida Ativa Mul e Jur- Outros Serviços - FMSAN;SECRETARIA MUNICIPAL DE AGROPECUÁRIA E ABASTECIMEN;12;215.83;83.33
02;1699990402;2022;170;Outros Recursos Não Vinculados;4;PREFEITURA MUNICIPAL DE UBERLÂNDIA;Divida Ativa Mul e Jur- Outros Serviços - FMSAN;SECRETARIA MUNICIPAL DE AGROPECUÁRIA E ABASTECIMEN;12;58.25;83.33
02;1699990402;2022;170;Outros Recursos Não Vinculados;5;PREFEITURA MUNICIPAL DE UBERLÂNDIA;Divida Ativa Mul e Jur- Outros Serviços - FMSAN;SECRETARIA MUNICIPAL DE AGROPECUÁRIA E ABASTECIMEN;12;260.96;83.33
02;1699990402;2022;170;Outros Recursos Não Vinculados;6;PREFEITURA MUNICIPAL DE UBERLÂNDIA;Divida Ativa Mul e Jur- Outros Serviços - FMSAN;SECRETARIA MUNICIPAL DE AGROPECUÁRIA E ABASTECIMEN;12;19.28;83.33
02;1699990402;2022;170;Outros Recursos Não Vinculados;7;PREFEITURA MUNICIPAL DE UBERLÂNDIA;Divida Ativa Mul e Jur- Outros Serviços - FMSAN;SECRETARIA MUNICIPAL DE AGROPECUÁRIA E ABASTECIMEN;12;305.60;83.33
02;1699990402;2022;170;Outros Recursos Não Vinculados;8;PREFEITURA MUNICIPAL DE UBERLÂNDIA;Divida Ativa Mul e Jur- Outros Serviços - FMSAN;SECRETARIA MUNICIPAL DE AGROPECUÁRIA E ABASTECIMEN;12;23.44;83.33
02;1699990402;2022;170;Outros Recursos Não Vinculados;9;PREFEITURA MUNICIPAL DE UBERLÂNDIA;Divida Ativa Mul e Jur- Outros Serviços - FMSAN;SECRETARIA MUNICIPAL DE AGROPECUÁRIA E ABASTECIMEN;12;9.10;83.33
02;1699990402;2022;170;Outros Recursos Não Vinculados;10;PREFEITURA MUNICIPAL DE UBERLÂNDIA;Divida Ativa Mul e Jur- Outros Serviços - FMSAN;SECRETARIA MUNICIPAL DE AGROPECUÁRIA E ABASTECIMEN;12;21.31;83.33
02;1699990402;2022;170;Outros Recursos Não Vinculados;11;PREFEITURA MUNICIPAL DE UBERLÂNDIA;Divida Ativa Mul e Jur- Outros Serviços - FMSAN;SECRETARIA MUNICIPAL DE AGROPECUÁRIA E ABASTECIMEN;12;57.58;83.33
02;1699990402;2022;170;Outros Recursos Não Vinculados;12;PREFEITURA MUNICIPAL DE UBERLÂNDIA;Divida Ativa Mul e Jur- Outros Serviços - FMSAN;SECRETARIA MUNICIPAL DE AGROPECUÁRIA E ABASTECIMEN;12;139.82;83.37
02;1699990403;2022;170;Outros Recursos Não Vinculados;1;PREFEITURA MUNICIPAL DE UBERLÂNDIA;Divida Ativa Mul e Jur- Outros Serviços - FMTT;SECRETARIA MUNICIPAL DE TRÂNSITO E TRANSPORTES;15;0.00;5833.33
02;1699990403;2022;170;Outros Recursos Não Vinculados;2;PREFEITURA MUNICIPAL DE UBERLÂNDIA;Divida Ativa Mul e Jur- Outros Serviços - FMTT;SECRETARIA MUNICIPAL DE TRÂNSITO E TRANSPORTES;15;35.67;5833.33
02;1699990403;2022;170;Outros Recursos Não Vinculados;3;PREFEITURA MUNICIPAL DE UBERLÂNDIA;Divida Ativa Mul e Jur- Outros Serviços - FMTT;SECRETARIA MUNICIPAL DE TRÂNSITO E TRANSPORTES;15;35.67;5833.33
02;1699990403;2022;170;Outros Recursos Não Vinculados;4;PREFEITURA MUNICIPAL DE UBERLÂNDIA;Divida Ativa Mul e Jur- Outros Serviços - FMTT;SECRETARIA MUNICIPAL DE TRÂNSITO E TRANSPORTES;15;35.67;5833.33
02;1699990403;2022;170;Outros Recursos Não Vinculados;5;PREFEITURA MUNICIPAL DE UBERLÂNDIA;Divida Ativa Mul e Jur- Outros Serviços - FMTT;SECRETARIA MUNICIPAL DE TRÂNSITO E TRANSPORTES;15;35.67;5833.33
02;1699990403;2022;170;Outros Recursos Não Vinculados;6;PREFEITURA MUNICIPAL DE UBERLÂNDIA;Divida Ativa Mul e Jur- Outros Serviços - FMTT;SECRETARIA MUNICIPAL DE TRÂNSITO E TRANSPORTES;15;743.30;5833.33
02;1699990403;2022;170;Outros Recursos Não Vinculados;7;PREFEITURA MUNICIPAL DE UBERLÂNDIA;Divida Ativa Mul e Jur- Outros Serviços - FMTT;SECRETARIA MUNICIPAL DE TRÂNSITO E TRANSPORTES;15;826.10;5833.33
02;1699990403;2022;170;Outros Recursos Não Vinculados;8;PREFEITURA MUNICIPAL DE UBERLÂNDIA;Divida Ativa Mul e Jur- Outros Serviços - FMTT;SECRETARIA MUNICIPAL DE TRÂNSITO E TRANSPORTES;15;59.33;5833.33
02;1699990403;2022;170;Outros Recursos Não Vinculados;9;PREFEITURA MUNICIPAL DE UBERLÂNDIA;Divida Ativa Mul e Jur- Outros Serviços - FMTT;SECRETARIA MUNICIPAL DE TRÂNSITO E TRANSPORTES;15;177.65;5833.33
02;1699990403;2022;170;Outros Recursos Não Vinculados;10;PREFEITURA MUNICIPAL DE UBERLÂNDIA;Divida Ativa Mul e Jur- Outros Serviços - FMTT;SECRETARIA MUNICIPAL DE TRÂNSITO E TRANSPORTES;15;188.32;5833.33
02;1699990403;2022;170;Outros Recursos Não Vinculados;11;PREFEITURA MUNICIPAL DE UBERLÂNDIA;Divida Ativa Mul e Jur- Outros Serviços - FMTT;SECRETARIA MUNICIPAL DE TRÂNSITO E TRANSPORTES;15;547.26;5833.33
02;1699990403;2022;170;Outros Recursos Não Vinculados;12;PREFEITURA MUNICIPAL DE UBERLÂNDIA;Divida Ativa Mul e Jur- Outros Serviços - FMTT;SECRETARIA MUNICIPAL DE TRÂNSITO E TRANSPORTES;15;174.36;5833.37
02;1699990404;2022;170;Outros Recursos Não Vinculados;1;PREFEITURA MUNICIPAL DE UBERLÂNDIA;Divida Ativa Mul e Jur- Outros Serviços - PMU;SECRETARIA MUNICIPAL DE FINANÇAS;06;6200.79;11871.67
02;1699990404;2022;170;Outros Recursos Não Vinculados;2;PREFEITURA MUNICIPAL DE UBERLÂNDIA;Divida Ativa Mul e Jur- Outros Serviços - PMU;SECRETARIA MUNICIPAL DE FINANÇAS;06;10278.24;11871.67
02;1699990404;2022;170;Outros Recursos Não Vinculados;3;PREFEITURA MUNICIPAL DE UBERLÂNDIA;Divida Ativa Mul e Jur- Outros Serviços - PMU;SECRETARIA MUNICIPAL DE FINANÇAS;06;9582.52;11871.67
02;1699990404;2022;170;Outros Recursos Não Vinculados;4;PREFEITURA MUNICIPAL DE UBERLÂNDIA;Divida Ativa Mul e Jur- Outros Serviços - PMU;SECRETARIA MUNICIPAL DE FINANÇAS;06;18813.28;11871.67
02;1699990404;2022;170;Outros Recursos Não Vinculados;5;PREFEITURA MUNICIPAL DE UBERLÂNDIA;Divida Ativa Mul e Jur- Outros Serviços - PMU;SECRETARIA MUNICIPAL DE FINANÇAS;06;5749.80;11871.67
02;1699990404;2022;170;Outros Recursos Não Vinculados;6;PREFEITURA MUNICIPAL DE UBERLÂNDIA;Divida Ativa Mul e Jur- Outros Serviços - PMU;SECRETARIA MUNICIPAL DE FINANÇAS;06;5223.77;11871.67
02;1699990404;2022;170;Outros Recursos Não Vinculados;7;PREFEITURA MUNICIPAL DE UBERLÂNDIA;Divida Ativa Mul e Jur- Outros Serviços - PMU;SECRETARIA MUNICIPAL DE FINANÇAS;06;3582.26;11871.67
02;1699990404;2022;170;Outros Recursos Não Vinculados;8;PREFEITURA MUNICIPAL DE UBERLÂNDIA;Divida Ativa Mul e Jur- Outros Serviços - PMU;SECRETARIA MUNICIPAL DE FINANÇAS;06;6852.61;11871.67
02;1699990404;2022;170;Outros Recursos Não Vinculados;9;PREFEITURA MUNICIPAL DE UBERLÂNDIA;Divida Ativa Mul e Jur- Outros Serviços - PMU;SECRETARIA MUNICIPAL DE FINANÇAS;06;17193.10;11871.67
02;1699990404;2022;170;Outros Recursos Não Vinculados;10;PREFEITURA MUNICIPAL DE UBERLÂNDIA;Divida Ativa Mul e Jur- Outros Serviços - PMU;SECRETARIA MUNICIPAL DE FINANÇAS;06;6293.24;11871.67
02;1699990404;2022;170;Outros Recursos Não Vinculados;11;PREFEITURA MUNICIPAL DE UBERLÂNDIA;Divida Ativa Mul e Jur- Outros Serviços - PMU;SECRETARIA MUNICIPAL DE FINANÇAS;06;5350.53;11871.67
02;1699990404;2022;170;Outros Recursos Não Vinculados;12;PREFEITURA MUNICIPAL DE UBERLÂNDIA;Divida Ativa Mul e Jur- Outros Serviços - PMU;SECRETARIA MUNICIPAL DE FINANÇAS;06;5948.93;11871.63
02;1711511101;2022;100;Recursos Não Vinculados de Impostos/ Recursos Ordinários;1;PREFEITURA MUNICIPAL DE UBERLÂNDIA;Cota-Parte do Fundo de Participação dos Municípios;SECRETARIA MUNICIPAL DE FINANÇAS;06;3277815.86;5280695.34
02;1711511101;2022;101;Receitas de Impostos e de Transferências de Impostos Vinculados à Educação;1;PREFEITURA MUNICIPAL DE UBERLÂNDIA;Cota-Parte do Fundo de Participação dos Municípios;SECRETARIA MUNICIPAL DE FINANÇAS;06;2700431.27;2933719.73
02;1711511101;2022;102;Receitas de Impostos e de Transferências de Impostos Vinculados à Saúde;1;PREFEITURA MUNICIPAL DE UBERLÂNDIA;Cota-Parte do Fundo de Participação dos Municípios;SECRETARIA MUNICIPAL DE FINANÇAS;06;4557965.56;3520463.63
02;1711511101;2022;100;Recursos Não Vinculados de Impostos/ Recursos Ordinários;2;PREFEITURA MUNICIPAL DE UBERLÂNDIA;Cota-Parte do Fundo de Participação dos Municípios;SECRETARIA MUNICIPAL DE FINANÇAS;06;4575554.53;6793115.04
02;1711511101;2022;101;Receitas de Impostos e de Transferências de Impostos Vinculados à Educação;2;PREFEITURA MUNICIPAL DE UBERLÂNDIA;Cota-Parte do Fundo de Participação dos Municípios;SECRETARIA MUNICIPAL DE FINANÇAS;06;3769574.35;3773952.92
02;1711511101;2022;102;Receitas de Impostos e de Transferências de Impostos Vinculados à Saúde;2;PREFEITURA MUNICIPAL DE UBERLÂNDIA;Cota-Parte do Fundo de Participação dos Municípios;SECRETARIA MUNICIPAL DE FINANÇAS;06;6362535.60;4528743.45
02;1711511101;2022;100;Recursos Não Vinculados de Impostos/ Recursos Ordinários;3;PREFEITURA MUNICIPAL DE UBERLÂNDIA;Cota-Parte do Fundo de Participação dos Municípios;SECRETARIA MUNICIPAL DE FINANÇAS;06;2773886.85;4521925.03
02;1711511101;2022;101;Receitas de Impostos e de Transferências de Impostos Vinculados à Educação;3;PREFEITURA MUNICIPAL DE UBERLÂNDIA;Cota-Parte do Fundo de Participação dos Municípios;SECRETARIA MUNICIPAL DE FINANÇAS;06;2285268.90;2512180.65
02;1711511101;2022;102;Receitas de Impostos e de Transferências de Impostos Vinculados à Saúde;3;PREFEITURA MUNICIPAL DE UBERLÂNDIA;Cota-Parte do Fundo de Participação dos Municípios;SECRETARIA MUNICIPAL DE FINANÇAS;06;3857227.22;3014616.75
02;1711511101;2022;100;Recursos Não Vinculados de Impostos/ Recursos Ordinários;4;PREFEITURA MUNICIPAL DE UBERLÂNDIA;Cota-Parte do Fundo de Participação dos Municípios;SECRETARIA MUNICIPAL DE FINANÇAS;06;4572180.10;4582221.52
02;1711511101;2022;101;Receitas de Impostos e de Transferências de Impostos Vinculados à Educação;4;PREFEITURA MUNICIPAL DE UBERLÂNDIA;Cota-Parte do Fundo de Participação dos Municípios;SECRETARIA MUNICIPAL DE FINANÇAS;06;2708852.86;2545678.70
02;1711511101;2022;102;Receitas de Impostos e de Transferências de Impostos Vinculados à Saúde;4;PREFEITURA MUNICIPAL DE UBERLÂNDIA;Cota-Parte do Fundo de Participação dos Municípios;SECRETARIA MUNICIPAL DE FINANÇAS;06;3288038.14;3054814.41
02;1711511101;2022;100;Recursos Não Vinculados de Impostos/ Recursos Ordinários;5;PREFEITURA MUNICIPAL DE UBERLÂNDIA;Cota-Parte do Fundo de Participação dos Municípios;SECRETARIA MUNICIPAL DE FINANÇAS;06;5086094.09;5461136.19
02;1711511101;2022;101;Receitas de Impostos e de Transferências de Impostos Vinculados à Educação;5;PREFEITURA MUNICIPAL DE UBERLÂNDIA;Cota-Parte do Fundo de Participação dos Municípios;SECRETARIA MUNICIPAL DE FINANÇAS;06;3013328.66;3033964.64
02;1711511101;2022;102;Receitas de Impostos e de Transferências de Impostos Vinculados à Saúde;5;PREFEITURA MUNICIPAL DE UBERLÂNDIA;Cota-Parte do Fundo de Participação dos Municípios;SECRETARIA MUNICIPAL DE FINANÇAS;06;3657614.12;3640757.53
02;1711511101;2022;100;Recursos Não Vinculados de Impostos/ Recursos Ordinários;6;PREFEITURA MUNICIPAL DE UBERLÂNDIA;Cota-Parte do Fundo de Participação dos Municípios;SECRETARIA MUNICIPAL DE FINANÇAS;06;4759011.63;4651156.06
02;1711511101;2022;101;Receitas de Impostos e de Transferências de Impostos Vinculados à Educação;6;PREFEITURA MUNICIPAL DE UBERLÂNDIA;Cota-Parte do Fundo de Participação dos Municípios;SECRETARIA MUNICIPAL DE FINANÇAS;06;2819543.87;2583975.67
02;1711511101;2022;102;Receitas de Impostos e de Transferências de Impostos Vinculados à Saúde;6;PREFEITURA MUNICIPAL DE UBERLÂNDIA;Cota-Parte do Fundo de Participação dos Municípios;SECRETARIA MUNICIPAL DE FINANÇAS;06;3422396.11;3100770.77
02;1711511101;2022;100;Recursos Não Vinculados de Impostos/ Recursos Ordinários;7;PREFEITURA MUNICIPAL DE UBERLÂNDIA;Cota-Parte do Fundo de Participação dos Municípios;SECRETARIA MUNICIPAL DE FINANÇAS;06;4081464.23;2647916.35
02;1711511101;2022;101;Receitas de Impostos e de Transferências de Impostos Vinculados à Educação;7;PREFEITURA MUNICIPAL DE UBERLÂNDIA;Cota-Parte do Fundo de Participação dos Municípios;SECRETARIA MUNICIPAL DE FINANÇAS;06;2418121.44;1471064.69
02;1711511101;2022;102;Receitas de Impostos e de Transferências de Impostos Vinculados à Saúde;7;PREFEITURA MUNICIPAL DE UBERLÂNDIA;Cota-Parte do Fundo de Participação dos Municípios;SECRETARIA MUNICIPAL DE FINANÇAS;06;2935144.50;1765277.60
02;1711511101;2022;100;Recursos Não Vinculados de Impostos/ Recursos Ordinários;8;PREFEITURA MUNICIPAL DE UBERLÂNDIA;Cota-Parte do Fundo de Participação dos Municípios;SECRETARIA MUNICIPAL DE FINANÇAS;06;4651439.96;3121128.97
02;1711511101;2022;101;Receitas de Impostos e de Transferências de Impostos Vinculados à Educação;8;PREFEITURA MUNICIPAL DE UBERLÂNDIA;Cota-Parte do Fundo de Participação dos Municípios;SECRETARIA MUNICIPAL DE FINANÇAS;06;2755811.64;1733960.59
02;1711511101;2022;102;Receitas de Impostos e de Transferências de Impostos Vinculados à Saúde;8;PREFEITURA MUNICIPAL DE UBERLÂNDIA;Cota-Parte do Fundo de Participação dos Municípios;SECRETARIA MUNICIPAL DE FINANÇAS;06;3345036.90;2080752.69
02;1711511101;2022;100;Recursos Não Vinculados de Impostos/ Recursos Ordinários;9;PREFEITURA MUNICIPAL DE UBERLÂNDIA;Cota-Parte do Fundo de Participação dos Municípios;SECRETARIA MUNICIPAL DE FINANÇAS;06;3858512.52;2555285.29
02;1711511101;2022;101;Receitas de Impostos e de Transferências de Impostos Vinculados à Educação;9;PREFEITURA MUNICIPAL DE UBERLÂNDIA;Cota-Parte do Fundo de Participação dos Municípios;SECRETARIA MUNICIPAL DE FINANÇAS;06;2286030.50;1419602.98
02;1711511101;2022;102;Receitas de Impostos e de Transferências de Impostos Vinculados à Saúde;9;PREFEITURA MUNICIPAL DE UBERLÂNDIA;Cota-Parte do Fundo de Participação dos Municípios;SECRETARIA MUNICIPAL DE FINANÇAS;06;2774811.00;1703523.56
02;1711511101;2022;100;Recursos Não Vinculados de Impostos/ Recursos Ordinários;10;PREFEITURA MUNICIPAL DE UBERLÂNDIA;Cota-Parte do Fundo de Participação dos Municípios;SECRETARIA MUNICIPAL DE FINANÇAS;06;4069954.60;2851910.33
02;1711511101;2022;101;Receitas de Impostos e de Transferências de Impostos Vinculados à Educação;10;PREFEITURA MUNICIPAL DE UBERLÂNDIA;Cota-Parte do Fundo de Participação dos Municípios;SECRETARIA MUNICIPAL DE FINANÇAS;06;2411302.36;1584394.68
02;1711511101;2022;102;Receitas de Impostos e de Transferências de Impostos Vinculados à Saúde;10;PREFEITURA MUNICIPAL DE UBERLÂNDIA;Cota-Parte do Fundo de Participação dos Municípios;SECRETARIA MUNICIPAL DE FINANÇAS;06;2926867.49;1901273.59
02;1711511101;2022;100;Recursos Não Vinculados de Impostos/ Recursos Ordinários;11;PREFEITURA MUNICIPAL DE UBERLÂNDIA;Cota-Parte do Fundo de Participação dos Municípios;SECRETARIA MUNICIPAL DE FINANÇAS;06;5115192.07;3747331.72
02;1711511101;2022;101;Receitas de Impostos e de Transferências de Impostos Vinculados à Educação;11;PREFEITURA MUNICIPAL DE UBERLÂNDIA;Cota-Parte do Fundo de Participação dos Municípios;SECRETARIA MUNICIPAL DE FINANÇAS;06;3030568.12;2081851.02
02;1711511101;2022;102;Receitas de Impostos e de Transferências de Impostos Vinculados à Saúde;11;PREFEITURA MUNICIPAL DE UBERLÂNDIA;Cota-Parte do Fundo de Participação dos Municípios;SECRETARIA MUNICIPAL DE FINANÇAS;06;3678539.64;2498221.20
02;1711511101;2022;100;Recursos Não Vinculados de Impostos/ Recursos Ordinários;12;PREFEITURA MUNICIPAL DE UBERLÂNDIA;Cota-Parte do Fundo de Participação dos Municípios;SECRETARIA MUNICIPAL DE FINANÇAS;06;5474464.60;4307185.16
02;1711511101;2022;101;Receitas de Impostos e de Transferências de Impostos Vinculados à Educação;12;PREFEITURA MUNICIPAL DE UBERLÂNDIA;Cota-Parte do Fundo de Participação dos Municípios;SECRETARIA MUNICIPAL DE FINANÇAS;06;3243424.04;2392880.73
02;1711511101;2022;102;Receitas de Impostos e de Transferências de Impostos Vinculados à Saúde;12;PREFEITURA MUNICIPAL DE UBERLÂNDIA;Cota-Parte do Fundo de Participação dos Municípios;SECRETARIA MUNICIPAL DE FINANÇAS;06;3936906.84;2871456.82
02;1711512101;2022;100;Recursos Não Vinculados de Impostos/ Recursos Ordinários;1;PREFEITURA MUNICIPAL DE UBERLÂNDIA;Cota Parte FPM 1% Cota Dezembro;SECRETARIA MUNICIPAL DE FINANÇAS;06;0.00;0.00
02;1711512101;2022;101;Receitas de Impostos e de Transferências de Impostos Vinculados à Educação;1;PREFEITURA MUNICIPAL DE UBERLÂNDIA;Cota Parte FPM 1% Cota Dezembro;SECRETARIA MUNICIPAL DE FINANÇAS;06;0.00;0.00
02;1711512101;2022;100;Recursos Não Vinculados de Impostos/ Recursos Ordinários;2;PREFEITURA MUNICIPAL DE UBERLÂNDIA;Cota Parte FPM 1% Cota Dezembro;SECRETARIA MUNICIPAL DE FINANÇAS;06;0.00;0.00
02;1711512101;2022;101;Receitas de Impostos e de Transferências de Impostos Vinculados à Educação;2;PREFEITURA MUNICIPAL DE UBERLÂNDIA;Cota Parte FPM 1% Cota Dezembro;SECRETARIA MUNICIPAL DE FINANÇAS;06;0.00;0.00
02;1711512101;2022;100;Recursos Não Vinculados de Impostos/ Recursos Ordinários;3;PREFEITURA MUNICIPAL DE UBERLÂNDIA;Cota Parte FPM 1% Cota Dezembro;SECRETARIA MUNICIPAL DE FINANÇAS;06;0.00;0.00
02;1711512101;2022;101;Receitas de Impostos e de Transferências de Impostos Vinculados à Educação;3;PREFEITURA MUNICIPAL DE UBERLÂNDIA;Cota Parte FPM 1% Cota Dezembro;SECRETARIA MUNICIPAL DE FINANÇAS;06;0.00;0.00
02;1711512101;2022;100;Recursos Não Vinculados de Impostos/ Recursos Ordinários;4;PREFEITURA MUNICIPAL DE UBERLÂNDIA;Cota Parte FPM 1% Cota Dezembro;SECRETARIA MUNICIPAL DE FINANÇAS;06;0.00;0.00
02;1711512101;2022;101;Receitas de Impostos e de Transferências de Impostos Vinculados à Educação;4;PREFEITURA MUNICIPAL DE UBERLÂNDIA;Cota Parte FPM 1% Cota Dezembro;SECRETARIA MUNICIPAL DE FINANÇAS;06;0.00;0.00
02;1711512101;2022;100;Recursos Não Vinculados de Impostos/ Recursos Ordinários;5;PREFEITURA MUNICIPAL DE UBERLÂNDIA;Cota Parte FPM 1% Cota Dezembro;SECRETARIA MUNICIPAL DE FINANÇAS;06;0.00;0.00
02;1711512101;2022;101;Receitas de Impostos e de Transferências de Impostos Vinculados à Educação;5;PREFEITURA MUNICIPAL DE UBERLÂNDIA;Cota Parte FPM 1% Cota Dezembro;SECRETARIA MUNICIPAL DE FINANÇAS;06;0.00;0.00
02;1711512101;2022;100;Recursos Não Vinculados de Impostos/ Recursos Ordinários;6;PREFEITURA MUNICIPAL DE UBERLÂNDIA;Cota Parte FPM 1% Cota Dezembro;SECRETARIA MUNICIPAL DE FINANÇAS;06;0.00;0.00
02;1711512101;2022;101;Receitas de Impostos e de Transferências de Impostos Vinculados à Educação;6;PREFEITURA MUNICIPAL DE UBERLÂNDIA;Cota Parte FPM 1% Cota Dezembro;SECRETARIA MUNICIPAL DE FINANÇAS;06;0.00;0.00
02;1711512101;2022;100;Recursos Não Vinculados de Impostos/ Recursos Ordinários;7;PREFEITURA MUNICIPAL DE UBERLÂNDIA;Cota Parte FPM 1% Cota Dezembro;SECRETARIA MUNICIPAL DE FINANÇAS;06;0.00;0.00
02;1711512101;2022;101;Receitas de Impostos e de Transferências de Impostos Vinculados à Educação;7;PREFEITURA MUNICIPAL DE UBERLÂNDIA;Cota Parte FPM 1% Cota Dezembro;SECRETARIA MUNICIPAL DE FINANÇAS;06;0.00;0.00
02;1711512101;2022;100;Recursos Não Vinculados de Impostos/ Recursos Ordinários;8;PREFEITURA MUNICIPAL DE UBERLÂNDIA;Cota Parte FPM 1% Cota Dezembro;SECRETARIA MUNICIPAL DE FINANÇAS;06;0.00;0.00
02;1711512101;2022;101;Receitas de Impostos e de Transferências de Impostos Vinculados à Educação;8;PREFEITURA MUNICIPAL DE UBERLÂNDIA;Cota Parte FPM 1% Cota Dezembro;SECRETARIA MUNICIPAL DE FINANÇAS;06;0.00;0.00
02;1711512101;2022;100;Recursos Não Vinculados de Impostos/ Recursos Ordinários;9;PREFEITURA MUNICIPAL DE UBERLÂNDIA;Cota Parte FPM 1% Cota Dezembro;SECRETARIA MUNICIPAL DE FINANÇAS;06;726505.68;0.00
02;1711512101;2022;101;Receitas de Impostos e de Transferências de Impostos Vinculados à Educação;9;PREFEITURA MUNICIPAL DE UBERLÂNDIA;Cota Parte FPM 1% Cota Dezembro;SECRETARIA MUNICIPAL DE FINANÇAS;06;242168.56;0.00
02;1711512101;2022;100;Recursos Não Vinculados de Impostos/ Recursos Ordinários;10;PREFEITURA MUNICIPAL DE UBERLÂNDIA;Cota Parte FPM 1% Cota Dezembro;SECRETARIA MUNICIPAL DE FINANÇAS;06;0.00;0.00
02;1711512101;2022;101;Receitas de Impostos e de Transferências de Impostos Vinculados à Educação;10;PREFEITURA MUNICIPAL DE UBERLÂNDIA;Cota Parte FPM 1% Cota Dezembro;SECRETARIA MUNICIPAL DE FINANÇAS;06;0.00;0.00
02;1711512101;2022;100;Recursos Não Vinculados de Impostos/ Recursos Ordinários;11;PREFEITURA MUNICIPAL DE UBERLÂNDIA;Cota Parte FPM 1% Cota Dezembro;SECRETARIA MUNICIPAL DE FINANÇAS;06;0.00;0.00
02;1711512101;2022;101;Receitas de Impostos e de Transferências de Impostos Vinculados à Educação;11;PREFEITURA MUNICIPAL DE UBERLÂNDIA;Cota Parte FPM 1% Cota Dezembro;SECRETARIA MUNICIPAL DE FINANÇAS;06;0.00;0.00
02;1711512101;2022;100;Recursos Não Vinculados de Impostos/ Recursos Ordinários;12;PREFEITURA MUNICIPAL DE UBERLÂNDIA;Cota Parte FPM 1% Cota Dezembro;SECRETARIA MUNICIPAL DE FINANÇAS;06;4288346.52;3270673.00
02;1711512101;2022;101;Receitas de Impostos e de Transferências de Impostos Vinculados à Educação;12;PREFEITURA MUNICIPAL DE UBERLÂNDIA;Cota Parte FPM 1% Cota Dezembro;SECRETARIA MUNICIPAL DE FINANÇAS;06;1429448.84;1090225.00
02;1711513101;2022;100;Recursos Não Vinculados de Impostos/ Recursos Ordinários;1;PREFEITURA MUNICIPAL DE UBERLÂNDIA;Cota Parte FPM 1% Cota Julho;SECRETARIA MUNICIPAL DE FINANÇAS;06;0.00;0.00
02;1711513101;2022;101;Receitas de Impostos e de Transferências de Impostos Vinculados à Educação;1;PREFEITURA MUNICIPAL DE UBERLÂNDIA;Cota Parte FPM 1% Cota Julho;SECRETARIA MUNICIPAL DE FINANÇAS;06;0.00;0.00
02;1711513101;2022;100;Recursos Não Vinculados de Impostos/ Recursos Ordinários;2;PREFEITURA MUNICIPAL DE UBERLÂNDIA;Cota Parte FPM 1% Cota Julho;SECRETARIA MUNICIPAL DE FINANÇAS;06;0.00;0.00
02;1711513101;2022;101;Receitas de Impostos e de Transferências de Impostos Vinculados à Educação;2;PREFEITURA MUNICIPAL DE UBERLÂNDIA;Cota Parte FPM 1% Cota Julho;SECRETARIA MUNICIPAL DE FINANÇAS;06;0.00;0.00
02;1711513101;2022;100;Recursos Não Vinculados de Impostos/ Recursos Ordinários;3;PREFEITURA MUNICIPAL DE UBERLÂNDIA;Cota Parte FPM 1% Cota Julho;SECRETARIA MUNICIPAL DE FINANÇAS;06;0.00;0.00
02;1711513101;2022;101;Receitas de Impostos e de Transferências de Impostos Vinculados à Educação;3;PREFEITURA MUNICIPAL DE UBERLÂNDIA;Cota Parte FPM 1% Cota Julho;SECRETARIA MUNICIPAL DE FINANÇAS;06;0.00;0.00
02;1711513101;2022;100;Recursos Não Vinculados de Impostos/ Recursos Ordinários;4;PREFEITURA MUNICIPAL DE UBERLÂNDIA;Cota Parte FPM 1% Cota Julho;SECRETARIA MUNICIPAL DE FINANÇAS;06;0.00;0.00
02;1711513101;2022;101;Receitas de Impostos e de Transferências de Impostos Vinculados à Educação;4;PREFEITURA MUNICIPAL DE UBERLÂNDIA;Cota Parte FPM 1% Cota Julho;SECRETARIA MUNICIPAL DE FINANÇAS;06;0.00;0.00
02;1711513101;2022;100;Recursos Não Vinculados de Impostos/ Recursos Ordinários;5;PREFEITURA MUNICIPAL DE UBERLÂNDIA;Cota Parte FPM 1% Cota Julho;SECRETARIA MUNICIPAL DE FINANÇAS;06;0.00;0.00
02;1711513101;2022;101;Receitas de Impostos e de Transferências de Impostos Vinculados à Educação;5;PREFEITURA MUNICIPAL DE UBERLÂNDIA;Cota Parte FPM 1% Cota Julho;SECRETARIA MUNICIPAL DE FINANÇAS;06;0.00;0.00
02;1711513101;2022;100;Recursos Não Vinculados de Impostos/ Recursos Ordinários;6;PREFEITURA MUNICIPAL DE UBERLÂNDIA;Cota Parte FPM 1% Cota Julho;SECRETARIA MUNICIPAL DE FINANÇAS;06;0.00;0.00
02;1711513101;2022;101;Receitas de Impostos e de Transferências de Impostos Vinculados à Educação;6;PREFEITURA MUNICIPAL DE UBERLÂNDIA;Cota Parte FPM 1% Cota Julho;SECRETARIA MUNICIPAL DE FINANÇAS;06;0.00;0.00
02;1711513101;2022;100;Recursos Não Vinculados de Impostos/ Recursos Ordinários;7;PREFEITURA MUNICIPAL DE UBERLÂNDIA;Cota Parte FPM 1% Cota Julho;SECRETARIA MUNICIPAL DE FINANÇAS;06;4028893.93;3277647.00
02;1711513101;2022;101;Receitas de Impostos e de Transferências de Impostos Vinculados à Educação;7;PREFEITURA MUNICIPAL DE UBERLÂNDIA;Cota Parte FPM 1% Cota Julho;SECRETARIA MUNICIPAL DE FINANÇAS;06;1342964.65;1092549.00
02;1711513101;2022;100;Recursos Não Vinculados de Impostos/ Recursos Ordinários;8;PREFEITURA MUNICIPAL DE UBERLÂNDIA;Cota Parte FPM 1% Cota Julho;SECRETARIA MUNICIPAL DE FINANÇAS;06;0.00;0.00
02;1711513101;2022;101;Receitas de Impostos e de Transferências de Impostos Vinculados à Educação;8;PREFEITURA MUNICIPAL DE UBERLÂNDIA;Cota Parte FPM 1% Cota Julho;SECRETARIA MUNICIPAL DE FINANÇAS;06;0.00;0.00
02;1711513101;2022;100;Recursos Não Vinculados de Impostos/ Recursos Ordinários;9;PREFEITURA MUNICIPAL DE UBERLÂNDIA;Cota Parte FPM 1% Cota Julho;SECRETARIA MUNICIPAL DE FINANÇAS;06;0.00;0.00
02;1711513101;2022;101;Receitas de Impostos e de Transferências de Impostos Vinculados à Educação;9;PREFEITURA MUNICIPAL DE UBERLÂNDIA;Cota Parte FPM 1% Cota Julho;SECRETARIA MUNICIPAL DE FINANÇAS;06;0.00;0.00
02;1711513101;2022;100;Recursos Não Vinculados de Impostos/ Recursos Ordinários;10;PREFEITURA MUNICIPAL DE UBERLÂNDIA;Cota Parte FPM 1% Cota Julho;SECRETARIA MUNICIPAL DE FINANÇAS;06;0.00;0.00
02;1711513101;2022;101;Receitas de Impostos e de Transferências de Impostos Vinculados à Educação;10;PREFEITURA MUNICIPAL DE UBERLÂNDIA;Cota Parte FPM 1% Cota Julho;SECRETARIA MUNICIPAL DE FINANÇAS;06;0.00;0.00
02;1711513101;2022;100;Recursos Não Vinculados de Impostos/ Recursos Ordinários;11;PREFEITURA MUNICIPAL DE UBERLÂNDIA;Cota Parte FPM 1% Cota Julho;SECRETARIA MUNICIPAL DE FINANÇAS;06;0.00;0.00
02;1711513101;2022;101;Receitas de Impostos e de Transferências de Impostos Vinculados à Educação;11;PREFEITURA MUNICIPAL DE UBERLÂNDIA;Cota Parte FPM 1% Cota Julho;SECRETARIA MUNICIPAL DE FINANÇAS;06;0.00;0.00
02;1711513101;2022;100;Recursos Não Vinculados de Impostos/ Recursos Ordinários;12;PREFEITURA MUNICIPAL DE UBERLÂNDIA;Cota Parte FPM 1% Cota Julho;SECRETARIA MUNICIPAL DE FINANÇAS;06;0.00;0.00
02;1711513101;2022;101;Receitas de Impostos e de Transferências de Impostos Vinculados à Educação;12;PREFEITURA MUNICIPAL DE UBERLÂNDIA;Cota Parte FPM 1% Cota Julho;SECRETARIA MUNICIPAL DE FINANÇAS;06;0.00;0.00
02;1711520101;2022;100;Recursos Não Vinculados de Impostos/ Recursos Ordinários;1;PREFEITURA MUNICIPAL DE UBERLÂNDIA;Cota-Parte Imposto Propriedade Territorial Rural;SECRETARIA MUNICIPAL DE FINANÇAS;06;157071.63;337099.12
02;1711520101;2022;101;Receitas de Impostos e de Transferências de Impostos Vinculados à Educação;1;PREFEITURA MUNICIPAL DE UBERLÂNDIA;Cota-Parte Imposto Propriedade Territorial Rural;SECRETARIA MUNICIPAL DE FINANÇAS;06;129403.48;252824.34
02;1711520101;2022;102;Receitas de Impostos e de Transferências de Impostos Vinculados à Saúde;1;PREFEITURA MUNICIPAL DE UBERLÂNDIA;Cota-Parte Imposto Propriedade Territorial Rural;SECRETARIA MUNICIPAL DE FINANÇAS;06;218415.75;252824.34
02;1711520101;2022;100;Recursos Não Vinculados de Impostos/ Recursos Ordinários;2;PREFEITURA MUNICIPAL DE UBERLÂNDIA;Cota-Parte Imposto Propriedade Territorial Rural;SECRETARIA MUNICIPAL DE FINANÇAS;06;110590.86;55430.49
02;1711520101;2022;101;Receitas de Impostos e de Transferências de Impostos Vinculados à Educação;2;PREFEITURA MUNICIPAL DE UBERLÂNDIA;Cota-Parte Imposto Propriedade Territorial Rural;SECRETARIA MUNICIPAL DE FINANÇAS;06;91110.26;41572.87
02;1711520101;2022;102;Receitas de Impostos e de Transferências de Impostos Vinculados à Saúde;2;PREFEITURA MUNICIPAL DE UBERLÂNDIA;Cota-Parte Imposto Propriedade Territorial Rural;SECRETARIA MUNICIPAL DE FINANÇAS;06;153781.92;41572.87
02;1711520101;2022;100;Recursos Não Vinculados de Impostos/ Recursos Ordinários;3;PREFEITURA MUNICIPAL DE UBERLÂNDIA;Cota-Parte Imposto Propriedade Territorial Rural;SECRETARIA MUNICIPAL DE FINANÇAS;06;34596.58;72103.37
02;1711520101;2022;101;Receitas de Impostos e de Transferências de Impostos Vinculados à Educação;3;PREFEITURA MUNICIPAL DE UBERLÂNDIA;Cota-Parte Imposto Propriedade Territorial Rural;SECRETARIA MUNICIPAL DE FINANÇAS;06;28502.31;54077.53
02;1711520101;2022;102;Receitas de Impostos e de Transferências de Impostos Vinculados à Saúde;3;PREFEITURA MUNICIPAL DE UBERLÂNDIA;Cota-Parte Imposto Propriedade Territorial Rural;SECRETARIA MUNICIPAL DE FINANÇAS;06;48108.12;54077.53
02;1711520101;2022;100;Recursos Não Vinculados de Impostos/ Recursos Ordinários;4;PREFEITURA MUNICIPAL DE UBERLÂNDIA;Cota-Parte Imposto Propriedade Territorial Rural;SECRETARIA MUNICIPAL DE FINANÇAS;06;30808.44;63267.97
02;1711520101;2022;101;Receitas de Impostos e de Transferências de Impostos Vinculados à Educação;4;PREFEITURA MUNICIPAL DE UBERLÂNDIA;Cota-Parte Imposto Propriedade Territorial Rural;SECRETARIA MUNICIPAL DE FINANÇAS;06;18252.87;47450.97
02;1711520101;2022;102;Receitas de Impostos e de Transferências de Impostos Vinculados à Saúde;4;PREFEITURA MUNICIPAL DE UBERLÂNDIA;Cota-Parte Imposto Propriedade Territorial Rural;SECRETARIA MUNICIPAL DE FINANÇAS;06;22155.68;47450.97
02;1711520101;2022;100;Recursos Não Vinculados de Impostos/ Recursos Ordinários;5;PREFEITURA MUNICIPAL DE UBERLÂNDIA;Cota-Parte Imposto Propriedade Territorial Rural;SECRETARIA MUNICIPAL DE FINANÇAS;06;50946.36;54535.82
02;1711520101;2022;101;Receitas de Impostos e de Transferências de Impostos Vinculados à Educação;5;PREFEITURA MUNICIPAL DE UBERLÂNDIA;Cota-Parte Imposto Propriedade Territorial Rural;SECRETARIA MUNICIPAL DE FINANÇAS;06;30184.00;40901.86
02;1711520101;2022;102;Receitas de Impostos e de Transferências de Impostos Vinculados à Saúde;5;PREFEITURA MUNICIPAL DE UBERLÂNDIA;Cota-Parte Imposto Propriedade Territorial Rural;SECRETARIA MUNICIPAL DE FINANÇAS;06;36637.56;40901.86
02;1711520101;2022;100;Recursos Não Vinculados de Impostos/ Recursos Ordinários;6;PREFEITURA MUNICIPAL DE UBERLÂNDIA;Cota-Parte Imposto Propriedade Territorial Rural;SECRETARIA MUNICIPAL DE FINANÇAS;06;43546.44;83709.83
02;1711520101;2022;101;Receitas de Impostos e de Transferências de Impostos Vinculados à Educação;6;PREFEITURA MUNICIPAL DE UBERLÂNDIA;Cota-Parte Imposto Propriedade Territorial Rural;SECRETARIA MUNICIPAL DE FINANÇAS;06;25799.68;62782.37
02;1711520101;2022;102;Receitas de Impostos e de Transferências de Impostos Vinculados à Saúde;6;PREFEITURA MUNICIPAL DE UBERLÂNDIA;Cota-Parte Imposto Propriedade Territorial Rural;SECRETARIA MUNICIPAL DE FINANÇAS;06;31316.12;62782.37
02;1711520101;2022;100;Recursos Não Vinculados de Impostos/ Recursos Ordinários;7;PREFEITURA MUNICIPAL DE UBERLÂNDIA;Cota-Parte Imposto Propriedade Territorial Rural;SECRETARIA MUNICIPAL DE FINANÇAS;06;53687.54;49389.81
02;1711520101;2022;101;Receitas de Impostos e de Transferências de Impostos Vinculados à Educação;7;PREFEITURA MUNICIPAL DE UBERLÂNDIA;Cota-Parte Imposto Propriedade Territorial Rural;SECRETARIA MUNICIPAL DE FINANÇAS;06;31808.03;37042.36
02;1711520101;2022;102;Receitas de Impostos e de Transferências de Impostos Vinculados à Saúde;7;PREFEITURA MUNICIPAL DE UBERLÂNDIA;Cota-Parte Imposto Propriedade Territorial Rural;SECRETARIA MUNICIPAL DE FINANÇAS;06;38608.85;37042.36
02;1711520101;2022;100;Recursos Não Vinculados de Impostos/ Recursos Ordinários;8;PREFEITURA MUNICIPAL DE UBERLÂNDIA;Cota-Parte Imposto Propriedade Territorial Rural;SECRETARIA MUNICIPAL DE FINANÇAS;06;48594.11;31625.04
02;1711520101;2022;101;Receitas de Impostos e de Transferências de Impostos Vinculados à Educação;8;PREFEITURA MUNICIPAL DE UBERLÂNDIA;Cota-Parte Imposto Propriedade Territorial Rural;SECRETARIA MUNICIPAL DE FINANÇAS;06;28790.33;23718.78
02;1711520101;2022;102;Receitas de Impostos e de Transferências de Impostos Vinculados à Saúde;8;PREFEITURA MUNICIPAL DE UBERLÂNDIA;Cota-Parte Imposto Propriedade Territorial Rural;SECRETARIA MUNICIPAL DE FINANÇAS;06;34945.97;23718.78
02;1711520101;2022;100;Recursos Não Vinculados de Impostos/ Recursos Ordinários;9;PREFEITURA MUNICIPAL DE UBERLÂNDIA;Cota-Parte Imposto Propriedade Territorial Rural;SECRETARIA MUNICIPAL DE FINANÇAS;06;153209.74;130305.30
02;1711520101;2022;101;Receitas de Impostos e de Transferências de Impostos Vinculados à Educação;9;PREFEITURA MUNICIPAL DE UBERLÂNDIA;Cota-Parte Imposto Propriedade Territorial Rural;SECRETARIA MUNICIPAL DE FINANÇAS;06;90771.39;97728.97
02;1711520101;2022;102;Receitas de Impostos e de Transferências de Impostos Vinculados à Saúde;9;PREFEITURA MUNICIPAL DE UBERLÂNDIA;Cota-Parte Imposto Propriedade Territorial Rural;SECRETARIA MUNICIPAL DE FINANÇAS;06;110179.26;97728.97
02;1711520101;2022;100;Recursos Não Vinculados de Impostos/ Recursos Ordinários;10;PREFEITURA MUNICIPAL DE UBERLÂNDIA;Cota-Parte Imposto Propriedade Territorial Rural;SECRETARIA MUNICIPAL DE FINANÇAS;06;2445774.17;1746784.55
02;1711520101;2022;101;Receitas de Impostos e de Transferências de Impostos Vinculados à Educação;10;PREFEITURA MUNICIPAL DE UBERLÂNDIA;Cota-Parte Imposto Propriedade Territorial Rural;SECRETARIA MUNICIPAL DE FINANÇAS;06;1449033.61;1310088.41
02;1711520101;2022;102;Receitas de Impostos e de Transferências de Impostos Vinculados à Saúde;10;PREFEITURA MUNICIPAL DE UBERLÂNDIA;Cota-Parte Imposto Propriedade Territorial Rural;SECRETARIA MUNICIPAL DE FINANÇAS;06;1758854.21;1310088.41
02;1711520101;2022;100;Recursos Não Vinculados de Impostos/ Recursos Ordinários;11;PREFEITURA MUNICIPAL DE UBERLÂNDIA;Cota-Parte Imposto Propriedade Territorial Rural;SECRETARIA MUNICIPAL DE FINANÇAS;06;189332.06;286534.88
02;1711520101;2022;101;Receitas de Impostos e de Transferências de Impostos Vinculados à Educação;11;PREFEITURA MUNICIPAL DE UBERLÂNDIA;Cota-Parte Imposto Propriedade Territorial Rural;SECRETARIA MUNICIPAL DE FINANÇAS;06;112172.59;214901.16
02;1711520101;2022;102;Receitas de Impostos e de Transferências de Impostos Vinculados à Saúde;11;PREFEITURA MUNICIPAL DE UBERLÂNDIA;Cota-Parte Imposto Propriedade Territorial Rural;SECRETARIA MUNICIPAL DE FINANÇAS;06;136156.25;214901.16
02;1711520101;2022;100;Recursos Não Vinculados de Impostos/ Recursos Ordinários;12;PREFEITURA MUNICIPAL DE UBERLÂNDIA;Cota-Parte Imposto Propriedade Territorial Rural;SECRETARIA MUNICIPAL DE FINANÇAS;06;200095.94;301213.82
02;1711520101;2022;101;Receitas de Impostos e de Transferências de Impostos Vinculados à Educação;12;PREFEITURA MUNICIPAL DE UBERLÂNDIA;Cota-Parte Imposto Propriedade Territorial Rural;SECRETARIA MUNICIPAL DE FINANÇAS;06;118549.61;225910.38
02;1711520101;2022;102;Receitas de Impostos e de Transferências de Impostos Vinculados à Saúde;12;PREFEITURA MUNICIPAL DE UBERLÂNDIA;Cota-Parte Imposto Propriedade Territorial Rural;SECRETARIA MUNICIPAL DE FINANÇAS;06;143896.94;225910.38
02;1712500101;2022;184;Transferência da União referente à Compensação Financeira de Recursos Hídricos;1;PREFEITURA MUNICIPAL DE UBERLÂNDIA;Cota-parte da CompFinanceira de Recursos Hídricos;SECRETARIA MUNICIPAL DE FINANÇAS;06;182067.63;289665.98
02;1712500101;2022;184;Transferência da União referente à Compensação Financeira de Recursos Hídricos;2;PREFEITURA MUNICIPAL DE UBERLÂNDIA;Cota-parte da CompFinanceira de Recursos Hídricos;SECRETARIA MUNICIPAL DE FINANÇAS;06;11642.04;247097.75
02;1712500101;2022;184;Transferência da União referente à Compensação Financeira de Recursos Hídricos;3;PREFEITURA MUNICIPAL DE UBERLÂNDIA;Cota-parte da CompFinanceira de Recursos Hídricos;SECRETARIA MUNICIPAL DE FINANÇAS;06;179710.68;656343.87
02;1712500101;2022;184;Transferência da União referente à Compensação Financeira de Recursos Hídricos;4;PREFEITURA MUNICIPAL DE UBERLÂNDIA;Cota-parte da CompFinanceira de Recursos Hídricos;SECRETARIA MUNICIPAL DE FINANÇAS;06;599237.74;300322.99
02;1712500101;2022;184;Transferência da União referente à Compensação Financeira de Recursos Hídricos;5;PREFEITURA MUNICIPAL DE UBERLÂNDIA;Cota-parte da CompFinanceira de Recursos Hídricos;SECRETARIA MUNICIPAL DE FINANÇAS;06;288382.73;620269.52
02;1712500101;2022;184;Transferência da União referente à Compensação Financeira de Recursos Hídricos;6;PREFEITURA MUNICIPAL DE UBERLÂNDIA;Cota-parte da CompFinanceira de Recursos Hídricos;SECRETARIA MUNICIPAL DE FINANÇAS;06;250098.95;188247.25
02;1712500101;2022;184;Transferência da União referente à Compensação Financeira de Recursos Hídricos;7;PREFEITURA MUNICIPAL DE UBERLÂNDIA;Cota-parte da CompFinanceira de Recursos Hídricos;SECRETARIA MUNICIPAL DE FINANÇAS;06;206340.01;320426.29
02;1712500101;2022;184;Transferência da União referente à Compensação Financeira de Recursos Hídricos;8;PREFEITURA MUNICIPAL DE UBERLÂNDIA;Cota-parte da CompFinanceira de Recursos Hídricos;SECRETARIA MUNICIPAL DE FINANÇAS;06;202664.92;150021.84
02;1712500101;2022;184;Transferência da União referente à Compensação Financeira de Recursos Hídricos;9;PREFEITURA MUNICIPAL DE UBERLÂNDIA;Cota-parte da CompFinanceira de Recursos Hídricos;SECRETARIA MUNICIPAL DE FINANÇAS;06;11319.71;135304.59
02;1712500101;2022;184;Transferência da União referente à Compensação Financeira de Recursos Hídricos;10;PREFEITURA MUNICIPAL DE UBERLÂNDIA;Cota-parte da CompFinanceira de Recursos Hídricos;SECRETARIA MUNICIPAL DE FINANÇAS;06;672604.97;444353.09
02;1712500101;2022;184;Transferência da União referente à Compensação Financeira de Recursos Hídricos;11;PREFEITURA MUNICIPAL DE UBERLÂNDIA;Cota-parte da CompFinanceira de Recursos Hídricos;SECRETARIA MUNICIPAL DE FINANÇAS;06;461970.08;249148.17
02;1712500101;2022;184;Transferência da União referente à Compensação Financeira de Recursos Hídricos;12;PREFEITURA MUNICIPAL DE UBERLÂNDIA;Cota-parte da CompFinanceira de Recursos Hídricos;SECRETARIA MUNICIPAL DE FINANÇAS;06;278828.77;713713.66
02;1712510101;2022;108;Compensação Financeira de Recursos Minerais (CFEM);1;PREFEITURA MUNICIPAL DE UBERLÂNDIA;Cota-parte da Comp Financeira de Rec Minerais;SECRETARIA MUNICIPAL DE FINANÇAS;06;108329.91;119211.27
02;1712510101;2022;108;Compensação Financeira de Recursos Minerais (CFEM);2;PREFEITURA MUNICIPAL DE UBERLÂNDIA;Cota-parte da Comp Financeira de Rec Minerais;SECRETARIA MUNICIPAL DE FINANÇAS;06;0.00;138648.45
02;1712510101;2022;108;Compensação Financeira de Recursos Minerais (CFEM);3;PREFEITURA MUNICIPAL DE UBERLÂNDIA;Cota-parte da Comp Financeira de Rec Minerais;SECRETARIA MUNICIPAL DE FINANÇAS;06;235206.90;122156.63
02;1712510101;2022;108;Compensação Financeira de Recursos Minerais (CFEM);4;PREFEITURA MUNICIPAL DE UBERLÂNDIA;Cota-parte da Comp Financeira de Rec Minerais;SECRETARIA MUNICIPAL DE FINANÇAS;06;95467.61;105718.36
02;1712510101;2022;108;Compensação Financeira de Recursos Minerais (CFEM);5;PREFEITURA MUNICIPAL DE UBERLÂNDIA;Cota-parte da Comp Financeira de Rec Minerais;SECRETARIA MUNICIPAL DE FINANÇAS;06;99531.79;363204.42
02;1712510101;2022;108;Compensação Financeira de Recursos Minerais (CFEM);6;PREFEITURA MUNICIPAL DE UBERLÂNDIA;Cota-parte da Comp Financeira de Rec Minerais;SECRETARIA MUNICIPAL DE FINANÇAS;06;11134.65;89194.37
02;1712510101;2022;108;Compensação Financeira de Recursos Minerais (CFEM);7;PREFEITURA MUNICIPAL DE UBERLÂNDIA;Cota-parte da Comp Financeira de Rec Minerais;SECRETARIA MUNICIPAL DE FINANÇAS;06;13820.33;121121.73
02;1712510101;2022;108;Compensação Financeira de Recursos Minerais (CFEM);8;PREFEITURA MUNICIPAL DE UBERLÂNDIA;Cota-parte da Comp Financeira de Rec Minerais;SECRETARIA MUNICIPAL DE FINANÇAS;06;275784.53;128272.35
02;1712510101;2022;108;Compensação Financeira de Recursos Minerais (CFEM);9;PREFEITURA MUNICIPAL DE UBERLÂNDIA;Cota-parte da Comp Financeira de Rec Minerais;SECRETARIA MUNICIPAL DE FINANÇAS;06;22063.86;68961.58
02;1712510101;2022;108;Compensação Financeira de Recursos Minerais (CFEM);10;PREFEITURA MUNICIPAL DE UBERLÂNDIA;Cota-parte da Comp Financeira de Rec Minerais;SECRETARIA MUNICIPAL DE FINANÇAS;06;235410.51;118479.42
02;1712510101;2022;108;Compensação Financeira de Recursos Minerais (CFEM);11;PREFEITURA MUNICIPAL DE UBERLÂNDIA;Cota-parte da Comp Financeira de Rec Minerais;SECRETARIA MUNICIPAL DE FINANÇAS;06;122612.19;98136.63
02;1712510101;2022;108;Compensação Financeira de Recursos Minerais (CFEM);12;PREFEITURA MUNICIPAL DE UBERLÂNDIA;Cota-parte da Comp Financeira de Rec Minerais;SECRETARIA MUNICIPAL DE FINANÇAS;06;116997.84;115901.79
02;1712524101;2022;186;Transferência da União referente a Royalties do Petróleo e Gás Natural;1;PREFEITURA MUNICIPAL DE UBERLÂNDIA;Cota-Parte do Fundo Especial do Petróleo - FEP;SECRETARIA MUNICIPAL DE FINANÇAS;06;221879.38;215451.80
02;1712524101;2022;186;Transferência da União referente a Royalties do Petróleo e Gás Natural;2;PREFEITURA MUNICIPAL DE UBERLÂNDIA;Cota-Parte do Fundo Especial do Petróleo - FEP;SECRETARIA MUNICIPAL DE FINANÇAS;06;210699.30;230853.32
02;1712524101;2022;186;Transferência da União referente a Royalties do Petróleo e Gás Natural;3;PREFEITURA MUNICIPAL DE UBERLÂNDIA;Cota-Parte do Fundo Especial do Petróleo - FEP;SECRETARIA MUNICIPAL DE FINANÇAS;06;259733.65;251784.46
02;1712524101;2022;186;Transferência da União referente a Royalties do Petróleo e Gás Natural;4;PREFEITURA MUNICIPAL DE UBERLÂNDIA;Cota-Parte do Fundo Especial do Petróleo - FEP;SECRETARIA MUNICIPAL DE FINANÇAS;06;237209.48;225801.60
02;1712524101;2022;186;Transferência da União referente a Royalties do Petróleo e Gás Natural;5;PREFEITURA MUNICIPAL DE UBERLÂNDIA;Cota-Parte do Fundo Especial do Petróleo - FEP;SECRETARIA MUNICIPAL DE FINANÇAS;06;306492.18;240329.38
02;1712524101;2022;186;Transferência da União referente a Royalties do Petróleo e Gás Natural;6;PREFEITURA MUNICIPAL DE UBERLÂNDIA;Cota-Parte do Fundo Especial do Petróleo - FEP;SECRETARIA MUNICIPAL DE FINANÇAS;06;251875.67;229723.82
02;1712524101;2022;186;Transferência da União referente a Royalties do Petróleo e Gás Natural;7;PREFEITURA MUNICIPAL DE UBERLÂNDIA;Cota-Parte do Fundo Especial do Petróleo - FEP;SECRETARIA MUNICIPAL DE FINANÇAS;06;283943.19;167419.69
02;1712524101;2022;186;Transferência da União referente a Royalties do Petróleo e Gás Natural;8;PREFEITURA MUNICIPAL DE UBERLÂNDIA;Cota-Parte do Fundo Especial do Petróleo - FEP;SECRETARIA MUNICIPAL DE FINANÇAS;06;288588.94;179434.25
02;1712524101;2022;186;Transferência da União referente a Royalties do Petróleo e Gás Natural;9;PREFEITURA MUNICIPAL DE UBERLÂNDIA;Cota-Parte do Fundo Especial do Petróleo - FEP;SECRETARIA MUNICIPAL DE FINANÇAS;06;305044.59;183515.59
02;1712524101;2022;186;Transferência da União referente a Royalties do Petróleo e Gás Natural;10;PREFEITURA MUNICIPAL DE UBERLÂNDIA;Cota-Parte do Fundo Especial do Petróleo - FEP;SECRETARIA MUNICIPAL DE FINANÇAS;06;283230.78;186654.01
02;1712524101;2022;186;Transferência da União referente a Royalties do Petróleo e Gás Natural;11;PREFEITURA MUNICIPAL DE UBERLÂNDIA;Cota-Parte do Fundo Especial do Petróleo - FEP;SECRETARIA MUNICIPAL DE FINANÇAS;06;248097.36;194800.85
02;1712524101;2022;186;Transferência da União referente a Royalties do Petróleo e Gás Natural;12;PREFEITURA MUNICIPAL DE UBERLÂNDIA;Cota-Parte do Fundo Especial do Petróleo - FEP;SECRETARIA MUNICIPAL DE FINANÇAS;06;264050.24;186869.23
02;1712990001;2022;160;Transferência da União da Parcela dos Bônus de Assinatura de Contrato de Partilha de Produção/ Transferência da União da parcela dos Bônus de Assinatura de Contrato de Partilha de Produção;5;PREFEITURA MUNICIPAL DE UBERLÂNDIA;Transferência Bônus Assinatura Petróleo;SECRETARIA MUNICIPAL DE FINANÇAS;06;7637653.22;0.00
02;1713501101;2022;159;Transferência de Recursos do Sistema Único de Saúde - SUS - Bloco Custeio das Ações e Serviços Públicos de Saúde./ Transferência de Recursos do Sistema Único de Saúde-SUS-Bloco de Manutenção das Ações e Serviços Públicos de Saúde;1;PREFEITURA MUNICIPAL DE UBERLÂNDIA;Transf de Rec do  SUS - Atenção Básica;SECRETARIA MUNICIPAL DE SAÚDE;09;4060896.56;2902686.80
02;1713501101;2022;159;Transferência de Recursos do Sistema Único de Saúde - SUS - Bloco Custeio das Ações e Serviços Públicos de Saúde./ Transferência de Recursos do Sistema Único de Saúde-SUS-Bloco de Manutenção das Ações e Serviços Públicos de Saúde;2;PREFEITURA MUNICIPAL DE UBERLÂNDIA;Transf de Rec do  SUS - Atenção Básica;SECRETARIA MUNICIPAL DE SAÚDE;09;4362991.22;4233739.97
02;1713501101;2022;159;Transferência de Recursos do Sistema Único de Saúde - SUS - Bloco Custeio das Ações e Serviços Públicos de Saúde./ Transferência de Recursos do Sistema Único de Saúde-SUS-Bloco de Manutenção das Ações e Serviços Públicos de Saúde;3;PREFEITURA MUNICIPAL DE UBERLÂNDIA;Transf de Rec do  SUS - Atenção Básica;SECRETARIA MUNICIPAL DE SAÚDE;09;4193327.00;4758348.68
02;1713501101;2022;159;Transferência de Recursos do Sistema Único de Saúde - SUS - Bloco Custeio das Ações e Serviços Públicos de Saúde./ Transferência de Recursos do Sistema Único de Saúde-SUS-Bloco de Manutenção das Ações e Serviços Públicos de Saúde;4;PREFEITURA MUNICIPAL DE UBERLÂNDIA;Transf de Rec do  SUS - Atenção Básica;SECRETARIA MUNICIPAL DE SAÚDE;09;4176792.02;4826283.03
02;1713501101;2022;159;Transferência de Recursos do Sistema Único de Saúde - SUS - Bloco Custeio das Ações e Serviços Públicos de Saúde./ Transferência de Recursos do Sistema Único de Saúde-SUS-Bloco de Manutenção das Ações e Serviços Públicos de Saúde;5;PREFEITURA MUNICIPAL DE UBERLÂNDIA;Transf de Rec do  SUS - Atenção Básica;SECRETARIA MUNICIPAL DE SAÚDE;09;4167845.27;4459520.94
02;1713501101;2022;159;Transferência de Recursos do Sistema Único de Saúde - SUS - Bloco Custeio das Ações e Serviços Públicos de Saúde./ Transferência de Recursos do Sistema Único de Saúde-SUS-Bloco de Manutenção das Ações e Serviços Públicos de Saúde;6;PREFEITURA MUNICIPAL DE UBERLÂNDIA;Transf de Rec do  SUS - Atenção Básica;SECRETARIA MUNICIPAL DE SAÚDE;09;4319117.90;4789032.85
02;1713501101;2022;159;Transferência de Recursos do Sistema Único de Saúde - SUS - Bloco Custeio das Ações e Serviços Públicos de Saúde./ Transferência de Recursos do Sistema Único de Saúde-SUS-Bloco de Manutenção das Ações e Serviços Públicos de Saúde;7;PREFEITURA MUNICIPAL DE UBERLÂNDIA;Transf de Rec do  SUS - Atenção Básica;SECRETARIA MUNICIPAL DE SAÚDE;09;4330320.19;3659552.61
02;1713501101;2022;159;Transferência de Recursos do Sistema Único de Saúde - SUS - Bloco Custeio das Ações e Serviços Públicos de Saúde./ Transferência de Recursos do Sistema Único de Saúde-SUS-Bloco de Manutenção das Ações e Serviços Públicos de Saúde;8;PREFEITURA MUNICIPAL DE UBERLÂNDIA;Transf de Rec do  SUS - Atenção Básica;SECRETARIA MUNICIPAL DE SAÚDE;09;4386248.71;3230058.16
02;1713501101;2022;159;Transferência de Recursos do Sistema Único de Saúde - SUS - Bloco Custeio das Ações e Serviços Públicos de Saúde./ Transferência de Recursos do Sistema Único de Saúde-SUS-Bloco de Manutenção das Ações e Serviços Públicos de Saúde;9;PREFEITURA MUNICIPAL DE UBERLÂNDIA;Transf de Rec do  SUS - Atenção Básica;SECRETARIA MUNICIPAL DE SAÚDE;09;4306123.73;3372641.12
02;1713501101;2022;159;Transferência de Recursos do Sistema Único de Saúde - SUS - Bloco Custeio das Ações e Serviços Públicos de Saúde./ Transferência de Recursos do Sistema Único de Saúde-SUS-Bloco de Manutenção das Ações e Serviços Públicos de Saúde;10;PREFEITURA MUNICIPAL DE UBERLÂNDIA;Transf de Rec do  SUS - Atenção Básica;SECRETARIA MUNICIPAL DE SAÚDE;09;4707025.91;3601114.26
02;1713501101;2022;159;Transferência de Recursos do Sistema Único de Saúde - SUS - Bloco Custeio das Ações e Serviços Públicos de Saúde./ Transferência de Recursos do Sistema Único de Saúde-SUS-Bloco de Manutenção das Ações e Serviços Públicos de Saúde;11;PREFEITURA MUNICIPAL DE UBERLÂNDIA;Transf de Rec do  SUS - Atenção Básica;SECRETARIA MUNICIPAL DE SAÚDE;09;4362349.43;3492342.38
02;1713501101;2022;159;Transferência de Recursos do Sistema Único de Saúde - SUS - Bloco Custeio das Ações e Serviços Públicos de Saúde./ Transferência de Recursos do Sistema Único de Saúde-SUS-Bloco de Manutenção das Ações e Serviços Públicos de Saúde;12;PREFEITURA MUNICIPAL DE UBERLÂNDIA;Transf de Rec do  SUS - Atenção Básica;SECRETARIA MUNICIPAL DE SAÚDE;09;5014548.89;6674679.20
02;1713502101;2022;159;Transferência de Recursos do Sistema Único de Saúde - SUS - Bloco Custeio das Ações e Serviços Públicos de Saúde./ Transferência de Recursos do Sistema Único de Saúde-SUS-Bloco de Manutenção das Ações e Serviços Públicos de Saúde;1;PREFEITURA MUNICIPAL DE UBERLÂNDIA;Transf SUS - Atenção Média e Alta Complexidade;SECRETARIA MUNICIPAL DE SAÚDE;09;8537488.22;13446967.32
02;1713502101;2022;159;Transferência de Recursos do Sistema Único de Saúde - SUS - Bloco Custeio das Ações e Serviços Públicos de Saúde./ Transferência de Recursos do Sistema Único de Saúde-SUS-Bloco de Manutenção das Ações e Serviços Públicos de Saúde;2;PREFEITURA MUNICIPAL DE UBERLÂNDIA;Transf SUS - Atenção Média e Alta Complexidade;SECRETARIA MUNICIPAL DE SAÚDE;09;12572151.48;15495803.10
02;1713502101;2022;159;Transferência de Recursos do Sistema Único de Saúde - SUS - Bloco Custeio das Ações e Serviços Públicos de Saúde./ Transferência de Recursos do Sistema Único de Saúde-SUS-Bloco de Manutenção das Ações e Serviços Públicos de Saúde;3;PREFEITURA MUNICIPAL DE UBERLÂNDIA;Transf SUS - Atenção Média e Alta Complexidade;SECRETARIA MUNICIPAL DE SAÚDE;09;14851323.18;15331027.61
02;1713502101;2022;159;Transferência de Recursos do Sistema Único de Saúde - SUS - Bloco Custeio das Ações e Serviços Públicos de Saúde./ Transferência de Recursos do Sistema Único de Saúde-SUS-Bloco de Manutenção das Ações e Serviços Públicos de Saúde;4;PREFEITURA MUNICIPAL DE UBERLÂNDIA;Transf SUS - Atenção Média e Alta Complexidade;SECRETARIA MUNICIPAL DE SAÚDE;09;12002931.72;15900483.80
02;1713502101;2022;159;Transferência de Recursos do Sistema Único de Saúde - SUS - Bloco Custeio das Ações e Serviços Públicos de Saúde./ Transferência de Recursos do Sistema Único de Saúde-SUS-Bloco de Manutenção das Ações e Serviços Públicos de Saúde;5;PREFEITURA MUNICIPAL DE UBERLÂNDIA;Transf SUS - Atenção Média e Alta Complexidade;SECRETARIA MUNICIPAL DE SAÚDE;09;13268510.85;15088609.99
02;1713502101;2022;159;Transferência de Recursos do Sistema Único de Saúde - SUS - Bloco Custeio das Ações e Serviços Públicos de Saúde./ Transferência de Recursos do Sistema Único de Saúde-SUS-Bloco de Manutenção das Ações e Serviços Públicos de Saúde;6;PREFEITURA MUNICIPAL DE UBERLÂNDIA;Transf SUS - Atenção Média e Alta Complexidade;SECRETARIA MUNICIPAL DE SAÚDE;09;18961403.16;15441804.59
02;1713502101;2022;159;Transferência de Recursos do Sistema Único de Saúde - SUS - Bloco Custeio das Ações e Serviços Públicos de Saúde./ Transferência de Recursos do Sistema Único de Saúde-SUS-Bloco de Manutenção das Ações e Serviços Públicos de Saúde;7;PREFEITURA MUNICIPAL DE UBERLÂNDIA;Transf SUS - Atenção Média e Alta Complexidade;SECRETARIA MUNICIPAL DE SAÚDE;09;11947363.36;11610648.98
02;1713502101;2022;159;Transferência de Recursos do Sistema Único de Saúde - SUS - Bloco Custeio das Ações e Serviços Públicos de Saúde./ Transferência de Recursos do Sistema Único de Saúde-SUS-Bloco de Manutenção das Ações e Serviços Públicos de Saúde;8;PREFEITURA MUNICIPAL DE UBERLÂNDIA;Transf SUS - Atenção Média e Alta Complexidade;SECRETARIA MUNICIPAL DE SAÚDE;09;12292987.26;10525421.66
02;1713502101;2022;159;Transferência de Recursos do Sistema Único de Saúde - SUS - Bloco Custeio das Ações e Serviços Públicos de Saúde./ Transferência de Recursos do Sistema Único de Saúde-SUS-Bloco de Manutenção das Ações e Serviços Públicos de Saúde;9;PREFEITURA MUNICIPAL DE UBERLÂNDIA;Transf SUS - Atenção Média e Alta Complexidade;SECRETARIA MUNICIPAL DE SAÚDE;09;13740031.52;11155663.95
02;1713502101;2022;159;Transferência de Recursos do Sistema Único de Saúde - SUS - Bloco Custeio das Ações e Serviços Públicos de Saúde./ Transferência de Recursos do Sistema Único de Saúde-SUS-Bloco de Manutenção das Ações e Serviços Públicos de Saúde;10;PREFEITURA MUNICIPAL DE UBERLÂNDIA;Transf SUS - Atenção Média e Alta Complexidade;SECRETARIA MUNICIPAL DE SAÚDE;09;12718787.20;12032742.47
02;1713502101;2022;159;Transferência de Recursos do Sistema Único de Saúde - SUS - Bloco Custeio das Ações e Serviços Públicos de Saúde./ Transferência de Recursos do Sistema Único de Saúde-SUS-Bloco de Manutenção das Ações e Serviços Públicos de Saúde;11;PREFEITURA MUNICIPAL DE UBERLÂNDIA;Transf SUS - Atenção Média e Alta Complexidade;SECRETARIA MUNICIPAL DE SAÚDE;09;10725172.36;11335709.11
02;1713502101;2022;159;Transferência de Recursos do Sistema Único de Saúde - SUS - Bloco Custeio das Ações e Serviços Públicos de Saúde./ Transferência de Recursos do Sistema Único de Saúde-SUS-Bloco de Manutenção das Ações e Serviços Públicos de Saúde;12;PREFEITURA MUNICIPAL DE UBERLÂNDIA;Transf SUS - Atenção Média e Alta Complexidade;SECRETARIA MUNICIPAL DE SAÚDE;09;16754051.88;12635117.42
02;1713502102;2022;159;Transferência de Recursos do Sistema Único de Saúde - SUS - Bloco Custeio das Ações e Serviços Públicos de Saúde./ Transferência de Recursos do Sistema Único de Saúde-SUS-Bloco de Manutenção das Ações e Serviços Públicos de Saúde;12;PREFEITURA MUNICIPAL DE UBERLÂNDIA;Transf SUS - Atenção Média e Alta - Emenda;SECRETARIA MUNICIPAL DE SAÚDE;09;2658330.00;0.00
02;1713503101;2022;159;Transferência de Recursos do Sistema Único de Saúde - SUS - Bloco Custeio das Ações e Serviços Públicos de Saúde./ Transferência de Recursos do Sistema Único de Saúde-SUS-Bloco de Manutenção das Ações e Serviços Públicos de Saúde;1;PREFEITURA MUNICIPAL DE UBERLÂNDIA;Transf SUS - Fundo a Fundo - Vigilância em Saúde;SECRETARIA MUNICIPAL DE SAÚDE;09;0.00;558387.94
02;1713503101;2022;159;Transferência de Recursos do Sistema Único de Saúde - SUS - Bloco Custeio das Ações e Serviços Públicos de Saúde./ Transferência de Recursos do Sistema Único de Saúde-SUS-Bloco de Manutenção das Ações e Serviços Públicos de Saúde;2;PREFEITURA MUNICIPAL DE UBERLÂNDIA;Transf SUS - Fundo a Fundo - Vigilância em Saúde;SECRETARIA MUNICIPAL DE SAÚDE;09;1440141.13;671138.14
02;1713503101;2022;159;Transferência de Recursos do Sistema Único de Saúde - SUS - Bloco Custeio das Ações e Serviços Públicos de Saúde./ Transferência de Recursos do Sistema Único de Saúde-SUS-Bloco de Manutenção das Ações e Serviços Públicos de Saúde;3;PREFEITURA MUNICIPAL DE UBERLÂNDIA;Transf SUS - Fundo a Fundo - Vigilância em Saúde;SECRETARIA MUNICIPAL DE SAÚDE;09;424194.80;590878.56
02;1713503101;2022;159;Transferência de Recursos do Sistema Único de Saúde - SUS - Bloco Custeio das Ações e Serviços Públicos de Saúde./ Transferência de Recursos do Sistema Único de Saúde-SUS-Bloco de Manutenção das Ações e Serviços Públicos de Saúde;4;PREFEITURA MUNICIPAL DE UBERLÂNDIA;Transf SUS - Fundo a Fundo - Vigilância em Saúde;SECRETARIA MUNICIPAL DE SAÚDE;09;424194.80;586602.52
02;1713503101;2022;159;Transferência de Recursos do Sistema Único de Saúde - SUS - Bloco Custeio das Ações e Serviços Públicos de Saúde./ Transferência de Recursos do Sistema Único de Saúde-SUS-Bloco de Manutenção das Ações e Serviços Públicos de Saúde;5;PREFEITURA MUNICIPAL DE UBERLÂNDIA;Transf SUS - Fundo a Fundo - Vigilância em Saúde;SECRETARIA MUNICIPAL DE SAÚDE;09;349923.50;572453.55
02;1713503101;2022;159;Transferência de Recursos do Sistema Único de Saúde - SUS - Bloco Custeio das Ações e Serviços Públicos de Saúde./ Transferência de Recursos do Sistema Único de Saúde-SUS-Bloco de Manutenção das Ações e Serviços Públicos de Saúde;6;PREFEITURA MUNICIPAL DE UBERLÂNDIA;Transf SUS - Fundo a Fundo - Vigilância em Saúde;SECRETARIA MUNICIPAL DE SAÚDE;09;506909.22;466449.58
02;1713503101;2022;159;Transferência de Recursos do Sistema Único de Saúde - SUS - Bloco Custeio das Ações e Serviços Públicos de Saúde./ Transferência de Recursos do Sistema Único de Saúde-SUS-Bloco de Manutenção das Ações e Serviços Públicos de Saúde;7;PREFEITURA MUNICIPAL DE UBERLÂNDIA;Transf SUS - Fundo a Fundo - Vigilância em Saúde;SECRETARIA MUNICIPAL DE SAÚDE;09;409972.77;590171.47
02;1713503101;2022;159;Transferência de Recursos do Sistema Único de Saúde - SUS - Bloco Custeio das Ações e Serviços Públicos de Saúde./ Transferência de Recursos do Sistema Único de Saúde-SUS-Bloco de Manutenção das Ações e Serviços Públicos de Saúde;8;PREFEITURA MUNICIPAL DE UBERLÂNDIA;Transf SUS - Fundo a Fundo - Vigilância em Saúde;SECRETARIA MUNICIPAL DE SAÚDE;09;393086.51;745126.84
02;1713503101;2022;159;Transferência de Recursos do Sistema Único de Saúde - SUS - Bloco Custeio das Ações e Serviços Públicos de Saúde./ Transferência de Recursos do Sistema Único de Saúde-SUS-Bloco de Manutenção das Ações e Serviços Públicos de Saúde;9;PREFEITURA MUNICIPAL DE UBERLÂNDIA;Transf SUS - Fundo a Fundo - Vigilância em Saúde;SECRETARIA MUNICIPAL DE SAÚDE;09;499076.06;641981.74
02;1713503101;2022;159;Transferência de Recursos do Sistema Único de Saúde - SUS - Bloco Custeio das Ações e Serviços Públicos de Saúde./ Transferência de Recursos do Sistema Único de Saúde-SUS-Bloco de Manutenção das Ações e Serviços Públicos de Saúde;10;PREFEITURA MUNICIPAL DE UBERLÂNDIA;Transf SUS - Fundo a Fundo - Vigilância em Saúde;SECRETARIA MUNICIPAL DE SAÚDE;09;1032436.17;984995.67
02;1713503101;2022;159;Transferência de Recursos do Sistema Único de Saúde - SUS - Bloco Custeio das Ações e Serviços Públicos de Saúde./ Transferência de Recursos do Sistema Único de Saúde-SUS-Bloco de Manutenção das Ações e Serviços Públicos de Saúde;11;PREFEITURA MUNICIPAL DE UBERLÂNDIA;Transf SUS - Fundo a Fundo - Vigilância em Saúde;SECRETARIA MUNICIPAL DE SAÚDE;09;428416.36;381409.48
02;1713503101;2022;159;Transferência de Recursos do Sistema Único de Saúde - SUS - Bloco Custeio das Ações e Serviços Públicos de Saúde./ Transferência de Recursos do Sistema Único de Saúde-SUS-Bloco de Manutenção das Ações e Serviços Públicos de Saúde;12;PREFEITURA MUNICIPAL DE UBERLÂNDIA;Transf SUS - Fundo a Fundo - Vigilância em Saúde;SECRETARIA MUNICIPAL DE SAÚDE;09;486824.36;710404.51
02;1713504101;2022;159;Transferência de Recursos do Sistema Único de Saúde - SUS - Bloco Custeio das Ações e Serviços Públicos de Saúde./ Transferência de Recursos do Sistema Único de Saúde-SUS-Bloco de Manutenção das Ações e Serviços Públicos de Saúde;1;PREFEITURA MUNICIPAL DE UBERLÂNDIA;Transf SUS - Fundo a Fundo - Assist Farmacêutica;SECRETARIA MUNICIPAL DE SAÚDE;09;339891.62;305352.55
02;1713504101;2022;159;Transferência de Recursos do Sistema Único de Saúde - SUS - Bloco Custeio das Ações e Serviços Públicos de Saúde./ Transferência de Recursos do Sistema Único de Saúde-SUS-Bloco de Manutenção das Ações e Serviços Públicos de Saúde;2;PREFEITURA MUNICIPAL DE UBERLÂNDIA;Transf SUS - Fundo a Fundo - Assist Farmacêutica;SECRETARIA MUNICIPAL DE SAÚDE;09;339891.62;401284.61
02;1713504101;2022;159;Transferência de Recursos do Sistema Único de Saúde - SUS - Bloco Custeio das Ações e Serviços Públicos de Saúde./ Transferência de Recursos do Sistema Único de Saúde-SUS-Bloco de Manutenção das Ações e Serviços Públicos de Saúde;3;PREFEITURA MUNICIPAL DE UBERLÂNDIA;Transf SUS - Fundo a Fundo - Assist Farmacêutica;SECRETARIA MUNICIPAL DE SAÚDE;09;339891.62;401284.61
02;1713504101;2022;159;Transferência de Recursos do Sistema Único de Saúde - SUS - Bloco Custeio das Ações e Serviços Públicos de Saúde./ Transferência de Recursos do Sistema Único de Saúde-SUS-Bloco de Manutenção das Ações e Serviços Públicos de Saúde;4;PREFEITURA MUNICIPAL DE UBERLÂNDIA;Transf SUS - Fundo a Fundo - Assist Farmacêutica;SECRETARIA MUNICIPAL DE SAÚDE;09;339891.62;401284.61
02;1713504101;2022;159;Transferência de Recursos do Sistema Único de Saúde - SUS - Bloco Custeio das Ações e Serviços Públicos de Saúde./ Transferência de Recursos do Sistema Único de Saúde-SUS-Bloco de Manutenção das Ações e Serviços Públicos de Saúde;5;PREFEITURA MUNICIPAL DE UBERLÂNDIA;Transf SUS - Fundo a Fundo - Assist Farmacêutica;SECRETARIA MUNICIPAL DE SAÚDE;09;339891.62;401284.61
02;1713504101;2022;159;Transferência de Recursos do Sistema Único de Saúde - SUS - Bloco Custeio das Ações e Serviços Públicos de Saúde./ Transferência de Recursos do Sistema Único de Saúde-SUS-Bloco de Manutenção das Ações e Serviços Públicos de Saúde;6;PREFEITURA MUNICIPAL DE UBERLÂNDIA;Transf SUS - Fundo a Fundo - Assist Farmacêutica;SECRETARIA MUNICIPAL DE SAÚDE;09;339891.62;401284.61
02;1713504101;2022;159;Transferência de Recursos do Sistema Único de Saúde - SUS - Bloco Custeio das Ações e Serviços Públicos de Saúde./ Transferência de Recursos do Sistema Único de Saúde-SUS-Bloco de Manutenção das Ações e Serviços Públicos de Saúde;7;PREFEITURA MUNICIPAL DE UBERLÂNDIA;Transf SUS - Fundo a Fundo - Assist Farmacêutica;SECRETARIA MUNICIPAL DE SAÚDE;09;339891.62;200642.31
02;1713504101;2022;159;Transferência de Recursos do Sistema Único de Saúde - SUS - Bloco Custeio das Ações e Serviços Públicos de Saúde./ Transferência de Recursos do Sistema Único de Saúde-SUS-Bloco de Manutenção das Ações e Serviços Públicos de Saúde;8;PREFEITURA MUNICIPAL DE UBERLÂNDIA;Transf SUS - Fundo a Fundo - Assist Farmacêutica;SECRETARIA MUNICIPAL DE SAÚDE;09;339891.62;296574.37
02;1713504101;2022;159;Transferência de Recursos do Sistema Único de Saúde - SUS - Bloco Custeio das Ações e Serviços Públicos de Saúde./ Transferência de Recursos do Sistema Único de Saúde-SUS-Bloco de Manutenção das Ações e Serviços Públicos de Saúde;9;PREFEITURA MUNICIPAL DE UBERLÂNDIA;Transf SUS - Fundo a Fundo - Assist Farmacêutica;SECRETARIA MUNICIPAL DE SAÚDE;09;339891.62;296574.37
02;1713504101;2022;159;Transferência de Recursos do Sistema Único de Saúde - SUS - Bloco Custeio das Ações e Serviços Públicos de Saúde./ Transferência de Recursos do Sistema Único de Saúde-SUS-Bloco de Manutenção das Ações e Serviços Públicos de Saúde;10;PREFEITURA MUNICIPAL DE UBERLÂNDIA;Transf SUS - Fundo a Fundo - Assist Farmacêutica;SECRETARIA MUNICIPAL DE SAÚDE;09;339891.62;392506.44
02;1713504101;2022;159;Transferência de Recursos do Sistema Único de Saúde - SUS - Bloco Custeio das Ações e Serviços Públicos de Saúde./ Transferência de Recursos do Sistema Único de Saúde-SUS-Bloco de Manutenção das Ações e Serviços Públicos de Saúde;11;PREFEITURA MUNICIPAL DE UBERLÂNDIA;Transf SUS - Fundo a Fundo - Assist Farmacêutica;SECRETARIA MUNICIPAL DE SAÚDE;09;339891.62;296574.37
02;1713504101;2022;159;Transferência de Recursos do Sistema Único de Saúde - SUS - Bloco Custeio das Ações e Serviços Públicos de Saúde./ Transferência de Recursos do Sistema Único de Saúde-SUS-Bloco de Manutenção das Ações e Serviços Públicos de Saúde;12;PREFEITURA MUNICIPAL DE UBERLÂNDIA;Transf SUS - Fundo a Fundo - Assist Farmacêutica;SECRETARIA MUNICIPAL DE SAÚDE;09;391230.48;305352.54
02;1713505101;2022;159;Transferência de Recursos do Sistema Único de Saúde - SUS - Bloco Custeio das Ações e Serviços Públicos de Saúde./ Transferência de Recursos do Sistema Único de Saúde-SUS-Bloco de Manutenção das Ações e Serviços Públicos de Saúde;1;PREFEITURA MUNICIPAL DE UBERLÂNDIA;Transf SUS - Fundo a Fundo - Gestão do SUS;SECRETARIA MUNICIPAL DE SAÚDE;09;0.00;0.00
02;1713505101;2022;159;Transferência de Recursos do Sistema Único de Saúde - SUS - Bloco Custeio das Ações e Serviços Públicos de Saúde./ Transferência de Recursos do Sistema Único de Saúde-SUS-Bloco de Manutenção das Ações e Serviços Públicos de Saúde;2;PREFEITURA MUNICIPAL DE UBERLÂNDIA;Transf SUS - Fundo a Fundo - Gestão do SUS;SECRETARIA MUNICIPAL DE SAÚDE;09;0.00;0.00
02;1713505101;2022;159;Transferência de Recursos do Sistema Único de Saúde - SUS - Bloco Custeio das Ações e Serviços Públicos de Saúde./ Transferência de Recursos do Sistema Único de Saúde-SUS-Bloco de Manutenção das Ações e Serviços Públicos de Saúde;3;PREFEITURA MUNICIPAL DE UBERLÂNDIA;Transf SUS - Fundo a Fundo - Gestão do SUS;SECRETARIA MUNICIPAL DE SAÚDE;09;0.00;0.00
02;1713505101;2022;159;Transferência de Recursos do Sistema Único de Saúde - SUS - Bloco Custeio das Ações e Serviços Públicos de Saúde./ Transferência de Recursos do Sistema Único de Saúde-SUS-Bloco de Manutenção das Ações e Serviços Públicos de Saúde;4;PREFEITURA MUNICIPAL DE UBERLÂNDIA;Transf SUS - Fundo a Fundo - Gestão do SUS;SECRETARIA MUNICIPAL DE SAÚDE;09;60000.00;0.00
02;1713505101;2022;159;Transferência de Recursos do Sistema Único de Saúde - SUS - Bloco Custeio das Ações e Serviços Públicos de Saúde./ Transferência de Recursos do Sistema Único de Saúde-SUS-Bloco de Manutenção das Ações e Serviços Públicos de Saúde;5;PREFEITURA MUNICIPAL DE UBERLÂNDIA;Transf SUS - Fundo a Fundo - Gestão do SUS;SECRETARIA MUNICIPAL DE SAÚDE;09;0.00;23606.56
02;1713505101;2022;159;Transferência de Recursos do Sistema Único de Saúde - SUS - Bloco Custeio das Ações e Serviços Públicos de Saúde./ Transferência de Recursos do Sistema Único de Saúde-SUS-Bloco de Manutenção das Ações e Serviços Públicos de Saúde;6;PREFEITURA MUNICIPAL DE UBERLÂNDIA;Transf SUS - Fundo a Fundo - Gestão do SUS;SECRETARIA MUNICIPAL DE SAÚDE;09;0.00;0.00
02;1713505101;2022;159;Transferência de Recursos do Sistema Único de Saúde - SUS - Bloco Custeio das Ações e Serviços Públicos de Saúde./ Transferência de Recursos do Sistema Único de Saúde-SUS-Bloco de Manutenção das Ações e Serviços Públicos de Saúde;7;PREFEITURA MUNICIPAL DE UBERLÂNDIA;Transf SUS - Fundo a Fundo - Gestão do SUS;SECRETARIA MUNICIPAL DE SAÚDE;09;17461.50;0.00
02;1713505101;2022;159;Transferência de Recursos do Sistema Único de Saúde - SUS - Bloco Custeio das Ações e Serviços Públicos de Saúde./ Transferência de Recursos do Sistema Único de Saúde-SUS-Bloco de Manutenção das Ações e Serviços Públicos de Saúde;8;PREFEITURA MUNICIPAL DE UBERLÂNDIA;Transf SUS - Fundo a Fundo - Gestão do SUS;SECRETARIA MUNICIPAL DE SAÚDE;09;0.00;23606.56
02;1713505101;2022;159;Transferência de Recursos do Sistema Único de Saúde - SUS - Bloco Custeio das Ações e Serviços Públicos de Saúde./ Transferência de Recursos do Sistema Único de Saúde-SUS-Bloco de Manutenção das Ações e Serviços Públicos de Saúde;9;PREFEITURA MUNICIPAL DE UBERLÂNDIA;Transf SUS - Fundo a Fundo - Gestão do SUS;SECRETARIA MUNICIPAL DE SAÚDE;09;0.00;11016.39
02;1713505101;2022;159;Transferência de Recursos do Sistema Único de Saúde - SUS - Bloco Custeio das Ações e Serviços Públicos de Saúde./ Transferência de Recursos do Sistema Único de Saúde-SUS-Bloco de Manutenção das Ações e Serviços Públicos de Saúde;10;PREFEITURA MUNICIPAL DE UBERLÂNDIA;Transf SUS - Fundo a Fundo - Gestão do SUS;SECRETARIA MUNICIPAL DE SAÚDE;09;0.00;23606.56
02;1713505101;2022;159;Transferência de Recursos do Sistema Único de Saúde - SUS - Bloco Custeio das Ações e Serviços Públicos de Saúde./ Transferência de Recursos do Sistema Único de Saúde-SUS-Bloco de Manutenção das Ações e Serviços Públicos de Saúde;11;PREFEITURA MUNICIPAL DE UBERLÂNDIA;Transf SUS - Fundo a Fundo - Gestão do SUS;SECRETARIA MUNICIPAL DE SAÚDE;09;0.00;0.00
02;1713505101;2022;159;Transferência de Recursos do Sistema Único de Saúde - SUS - Bloco Custeio das Ações e Serviços Públicos de Saúde./ Transferência de Recursos do Sistema Único de Saúde-SUS-Bloco de Manutenção das Ações e Serviços Públicos de Saúde;12;PREFEITURA MUNICIPAL DE UBERLÂNDIA;Transf SUS - Fundo a Fundo - Gestão do SUS;SECRETARIA MUNICIPAL DE SAÚDE;09;0.00;14163.93
02;1713990101;2022;154;Outras Transferências de Recursos do SUS;1;PREFEITURA MUNICIPAL DE UBERLÂNDIA;Transf SUS - Fundo a Fundo - Ressarc Custas Judici;SECRETARIA MUNICIPAL DE SAÚDE;09;0.00;0.00
02;1713990101;2022;154;Outras Transferências de Recursos do SUS;2;PREFEITURA MUNICIPAL DE UBERLÂNDIA;Transf SUS - Fundo a Fundo - Ressarc Custas Judici;SECRETARIA MUNICIPAL DE SAÚDE;09;0.00;0.00
02;1713990101;2022;154;Outras Transferências de Recursos do SUS;3;PREFEITURA MUNICIPAL DE UBERLÂNDIA;Transf SUS - Fundo a Fundo - Ressarc Custas Judici;SECRETARIA MUNICIPAL DE SAÚDE;09;0.00;1170.08
02;1713990101;2022;154;Outras Transferências de Recursos do SUS;4;PREFEITURA MUNICIPAL DE UBERLÂNDIA;Transf SUS - Fundo a Fundo - Ressarc Custas Judici;SECRETARIA MUNICIPAL DE SAÚDE;09;0.00;0.00
02;1713990101;2022;154;Outras Transferências de Recursos do SUS;5;PREFEITURA MUNICIPAL DE UBERLÂNDIA;Transf SUS - Fundo a Fundo - Ressarc Custas Judici;SECRETARIA MUNICIPAL DE SAÚDE;09;0.00;0.00
02;1713990101;2022;154;Outras Transferências de Recursos do SUS;6;PREFEITURA MUNICIPAL DE UBERLÂNDIA;Transf SUS - Fundo a Fundo - Ressarc Custas Judici;SECRETARIA MUNICIPAL DE SAÚDE;09;0.00;0.00
02;1713990101;2022;154;Outras Transferências de Recursos do SUS;7;PREFEITURA MUNICIPAL DE UBERLÂNDIA;Transf SUS - Fundo a Fundo - Ressarc Custas Judici;SECRETARIA MUNICIPAL DE SAÚDE;09;0.00;0.00
02;1713990101;2022;154;Outras Transferências de Recursos do SUS;8;PREFEITURA MUNICIPAL DE UBERLÂNDIA;Transf SUS - Fundo a Fundo - Ressarc Custas Judici;SECRETARIA MUNICIPAL DE SAÚDE;09;0.00;163286.26
02;1713990101;2022;154;Outras Transferências de Recursos do SUS;9;PREFEITURA MUNICIPAL DE UBERLÂNDIA;Transf SUS - Fundo a Fundo - Ressarc Custas Judici;SECRETARIA MUNICIPAL DE SAÚDE;09;0.00;0.00
02;1713990101;2022;154;Outras Transferências de Recursos do SUS;10;PREFEITURA MUNICIPAL DE UBERLÂNDIA;Transf SUS - Fundo a Fundo - Ressarc Custas Judici;SECRETARIA MUNICIPAL DE SAÚDE;09;0.00;15543.66
02;1713990101;2022;154;Outras Transferências de Recursos do SUS;11;PREFEITURA MUNICIPAL DE UBERLÂNDIA;Transf SUS - Fundo a Fundo - Ressarc Custas Judici;SECRETARIA MUNICIPAL DE SAÚDE;09;0.00;0.00
02;1713990101;2022;154;Outras Transferências de Recursos do SUS;12;PREFEITURA MUNICIPAL DE UBERLÂNDIA;Transf SUS - Fundo a Fundo - Ressarc Custas Judici;SECRETARIA MUNICIPAL DE SAÚDE;09;0.00;0.00
02;1713990102;2022;154;Outras Transferências de Recursos do SUS;1;PREFEITURA MUNICIPAL DE UBERLÂNDIA;Transf SUS - Enfrentamento Coronavirus;SECRETARIA MUNICIPAL DE SAÚDE;09;4863092.90;0.00
02;1713990102;2022;154;Outras Transferências de Recursos do SUS;2;PREFEITURA MUNICIPAL DE UBERLÂNDIA;Transf SUS - Enfrentamento Coronavirus;SECRETARIA MUNICIPAL DE SAÚDE;09;2046000.00;0.00
02;1713990102;2022;154;Outras Transferências de Recursos do SUS;3;PREFEITURA MUNICIPAL DE UBERLÂNDIA;Transf SUS - Enfrentamento Coronavirus;SECRETARIA MUNICIPAL DE SAÚDE;09;152786.09;2051876.47
02;1713990102;2022;154;Outras Transferências de Recursos do SUS;4;PREFEITURA MUNICIPAL DE UBERLÂNDIA;Transf SUS - Enfrentamento Coronavirus;SECRETARIA MUNICIPAL DE SAÚDE;09;246155.44;6293881.14
02;1713990102;2022;154;Outras Transferências de Recursos do SUS;5;PREFEITURA MUNICIPAL DE UBERLÂNDIA;Transf SUS - Enfrentamento Coronavirus;SECRETARIA MUNICIPAL DE SAÚDE;09;62656.57;2222535.05
02;1713990102;2022;154;Outras Transferências de Recursos do SUS;6;PREFEITURA MUNICIPAL DE UBERLÂNDIA;Transf SUS - Enfrentamento Coronavirus;SECRETARIA MUNICIPAL DE SAÚDE;09;832667.01;2390099.22
02;1713990102;2022;154;Outras Transferências de Recursos do SUS;7;PREFEITURA MUNICIPAL DE UBERLÂNDIA;Transf SUS - Enfrentamento Coronavirus;SECRETARIA MUNICIPAL DE SAÚDE;09;54240.85;4542436.99
02;1713990102;2022;154;Outras Transferências de Recursos do SUS;8;PREFEITURA MUNICIPAL DE UBERLÂNDIA;Transf SUS - Enfrentamento Coronavirus;SECRETARIA MUNICIPAL DE SAÚDE;09;745440.85;7823380.15
02;1713990102;2022;154;Outras Transferências de Recursos do SUS;9;PREFEITURA MUNICIPAL DE UBERLÂNDIA;Transf SUS - Enfrentamento Coronavirus;SECRETARIA MUNICIPAL DE SAÚDE;09;57602.80;1131743.38
02;1713990102;2022;154;Outras Transferências de Recursos do SUS;10;PREFEITURA MUNICIPAL DE UBERLÂNDIA;Transf SUS - Enfrentamento Coronavirus;SECRETARIA MUNICIPAL DE SAÚDE;09;56821.96;1619759.87
02;1713990102;2022;154;Outras Transferências de Recursos do SUS;11;PREFEITURA MUNICIPAL DE UBERLÂNDIA;Transf SUS - Enfrentamento Coronavirus;SECRETARIA MUNICIPAL DE SAÚDE;09;54240.85;636899.92
02;1713990102;2022;154;Outras Transferências de Recursos do SUS;12;PREFEITURA MUNICIPAL DE UBERLÂNDIA;Transf SUS - Enfrentamento Coronavirus;SECRETARIA MUNICIPAL DE SAÚDE;09;58123.36;1287387.81
02;1714500101;2022;147;Transferência do Salário-Educação;1;PREFEITURA MUNICIPAL DE UBERLÂNDIA;Transferências do Salário-Educação;SECRETARIA MUNICIPAL DE EDUCAÇÃO;07;2549258.49;3679139.54
02;1714500101;2022;147;Transferência do Salário-Educação;2;PREFEITURA MUNICIPAL DE UBERLÂNDIA;Transferências do Salário-Educação;SECRETARIA MUNICIPAL DE EDUCAÇÃO;07;1727316.28;3474503.44
02;1714500101;2022;147;Transferência do Salário-Educação;3;PREFEITURA MUNICIPAL DE UBERLÂNDIA;Transferências do Salário-Educação;SECRETARIA MUNICIPAL DE EDUCAÇÃO;07;1629714.31;2623564.45
02;1714500101;2022;147;Transferência do Salário-Educação;4;PREFEITURA MUNICIPAL DE UBERLÂNDIA;Transferências do Salário-Educação;SECRETARIA MUNICIPAL DE EDUCAÇÃO;07;1614346.12;2583385.47
02;1714500101;2022;147;Transferência do Salário-Educação;5;PREFEITURA MUNICIPAL DE UBERLÂNDIA;Transferências do Salário-Educação;SECRETARIA MUNICIPAL DE EDUCAÇÃO;07;1661865.55;2551863.27
02;1714500101;2022;147;Transferência do Salário-Educação;6;PREFEITURA MUNICIPAL DE UBERLÂNDIA;Transferências do Salário-Educação;SECRETARIA MUNICIPAL DE EDUCAÇÃO;07;1706484.17;2787638.16
02;1714500101;2022;147;Transferência do Salário-Educação;7;PREFEITURA MUNICIPAL DE UBERLÂNDIA;Transferências do Salário-Educação;SECRETARIA MUNICIPAL DE EDUCAÇÃO;07;1684596.74;1916887.51
02;1714500101;2022;147;Transferência do Salário-Educação;8;PREFEITURA MUNICIPAL DE UBERLÂNDIA;Transferências do Salário-Educação;SECRETARIA MUNICIPAL DE EDUCAÇÃO;07;1730625.38;1904229.58
02;1714500101;2022;147;Transferência do Salário-Educação;9;PREFEITURA MUNICIPAL DE UBERLÂNDIA;Transferências do Salário-Educação;SECRETARIA MUNICIPAL DE EDUCAÇÃO;07;1758142.74;1943719.03
02;1714500101;2022;147;Transferência do Salário-Educação;10;PREFEITURA MUNICIPAL DE UBERLÂNDIA;Transferências do Salário-Educação;SECRETARIA MUNICIPAL DE EDUCAÇÃO;07;1720858.98;1975273.35
02;1714500101;2022;147;Transferência do Salário-Educação;11;PREFEITURA MUNICIPAL DE UBERLÂNDIA;Transferências do Salário-Educação;SECRETARIA MUNICIPAL DE EDUCAÇÃO;07;1930343.70;2371991.20
02;1714500101;2022;147;Transferência do Salário-Educação;12;PREFEITURA MUNICIPAL DE UBERLÂNDIA;Transferências do Salário-Educação;SECRETARIA MUNICIPAL DE EDUCAÇÃO;07;1721089.59;2067805.00
02;1714510101;2022;143;Transferências de Recursos do FNDE Referentes ao Programa Dinheiro Direto na Escola (PDDE);1;PREFEITURA MUNICIPAL DE UBERLÂNDIA;Execução do PDDE;SECRETARIA MUNICIPAL DE EDUCAÇÃO;07;0.00;5000.00
02;1714510101;2022;143;Transferências de Recursos do FNDE Referentes ao Programa Dinheiro Direto na Escola (PDDE);2;PREFEITURA MUNICIPAL DE UBERLÂNDIA;Execução do PDDE;SECRETARIA MUNICIPAL DE EDUCAÇÃO;07;0.00;5000.00
02;1714510101;2022;143;Transferências de Recursos do FNDE Referentes ao Programa Dinheiro Direto na Escola (PDDE);3;PREFEITURA MUNICIPAL DE UBERLÂNDIA;Execução do PDDE;SECRETARIA MUNICIPAL DE EDUCAÇÃO;07;0.00;5000.00
02;1714510101;2022;143;Transferências de Recursos do FNDE Referentes ao Programa Dinheiro Direto na Escola (PDDE);4;PREFEITURA MUNICIPAL DE UBERLÂNDIA;Execução do PDDE;SECRETARIA MUNICIPAL DE EDUCAÇÃO;07;0.00;5000.00
02;1714510101;2022;143;Transferências de Recursos do FNDE Referentes ao Programa Dinheiro Direto na Escola (PDDE);5;PREFEITURA MUNICIPAL DE UBERLÂNDIA;Execução do PDDE;SECRETARIA MUNICIPAL DE EDUCAÇÃO;07;0.00;5000.00
02;1714510101;2022;143;Transferências de Recursos do FNDE Referentes ao Programa Dinheiro Direto na Escola (PDDE);6;PREFEITURA MUNICIPAL DE UBERLÂNDIA;Execução do PDDE;SECRETARIA MUNICIPAL DE EDUCAÇÃO;07;0.00;5000.00
02;1714510101;2022;143;Transferências de Recursos do FNDE Referentes ao Programa Dinheiro Direto na Escola (PDDE);7;PREFEITURA MUNICIPAL DE UBERLÂNDIA;Execução do PDDE;SECRETARIA MUNICIPAL DE EDUCAÇÃO;07;0.00;5000.00
02;1714510101;2022;143;Transferências de Recursos do FNDE Referentes ao Programa Dinheiro Direto na Escola (PDDE);8;PREFEITURA MUNICIPAL DE UBERLÂNDIA;Execução do PDDE;SECRETARIA MUNICIPAL DE EDUCAÇÃO;07;0.00;5000.00
02;1714510101;2022;143;Transferências de Recursos do FNDE Referentes ao Programa Dinheiro Direto na Escola (PDDE);9;PREFEITURA MUNICIPAL DE UBERLÂNDIA;Execução do PDDE;SECRETARIA MUNICIPAL DE EDUCAÇÃO;07;0.00;5000.00
02;1714510101;2022;143;Transferências de Recursos do FNDE Referentes ao Programa Dinheiro Direto na Escola (PDDE);10;PREFEITURA MUNICIPAL DE UBERLÂNDIA;Execução do PDDE;SECRETARIA MUNICIPAL DE EDUCAÇÃO;07;0.00;5000.00
02;1714510101;2022;143;Transferências de Recursos do FNDE Referentes ao Programa Dinheiro Direto na Escola (PDDE);11;PREFEITURA MUNICIPAL DE UBERLÂNDIA;Execução do PDDE;SECRETARIA MUNICIPAL DE EDUCAÇÃO;07;0.00;5000.00
02;1714510101;2022;143;Transferências de Recursos do FNDE Referentes ao Programa Dinheiro Direto na Escola (PDDE);12;PREFEITURA MUNICIPAL DE UBERLÂNDIA;Execução do PDDE;SECRETARIA MUNICIPAL DE EDUCAÇÃO;07;0.00;5000.00
02;1714520101;2022;144;Transferências de Recursos do FNDE Referentes ao Programa Nacional de Alimentação Escolar (PNAE);1;PREFEITURA MUNICIPAL DE UBERLÂNDIA;Transf FNDE referentes ao PNAE ;SECRETARIA MUNICIPAL DE EDUCAÇÃO;07;0.00;0.00
02;1714520101;2022;144;Transferências de Recursos do FNDE Referentes ao Programa Nacional de Alimentação Escolar (PNAE);2;PREFEITURA MUNICIPAL DE UBERLÂNDIA;Transf FNDE referentes ao PNAE ;SECRETARIA MUNICIPAL DE EDUCAÇÃO;07;769774.20;1253939.16
02;1714520101;2022;144;Transferências de Recursos do FNDE Referentes ao Programa Nacional de Alimentação Escolar (PNAE);3;PREFEITURA MUNICIPAL DE UBERLÂNDIA;Transf FNDE referentes ao PNAE ;SECRETARIA MUNICIPAL DE EDUCAÇÃO;07;769774.20;1320093.48
02;1714520101;2022;144;Transferências de Recursos do FNDE Referentes ao Programa Nacional de Alimentação Escolar (PNAE);4;PREFEITURA MUNICIPAL DE UBERLÂNDIA;Transf FNDE referentes ao PNAE ;SECRETARIA MUNICIPAL DE EDUCAÇÃO;07;769774.20;1576814.08
02;1714520101;2022;144;Transferências de Recursos do FNDE Referentes ao Programa Nacional de Alimentação Escolar (PNAE);5;PREFEITURA MUNICIPAL DE UBERLÂNDIA;Transf FNDE referentes ao PNAE ;SECRETARIA MUNICIPAL DE EDUCAÇÃO;07;769774.20;959340.36
02;1714520101;2022;144;Transferências de Recursos do FNDE Referentes ao Programa Nacional de Alimentação Escolar (PNAE);6;PREFEITURA MUNICIPAL DE UBERLÂNDIA;Transf FNDE referentes ao PNAE ;SECRETARIA MUNICIPAL DE EDUCAÇÃO;07;769774.20;1272702.81
02;1714520101;2022;144;Transferências de Recursos do FNDE Referentes ao Programa Nacional de Alimentação Escolar (PNAE);7;PREFEITURA MUNICIPAL DE UBERLÂNDIA;Transf FNDE referentes ao PNAE ;SECRETARIA MUNICIPAL DE EDUCAÇÃO;07;769774.20;950928.46
02;1714520101;2022;144;Transferências de Recursos do FNDE Referentes ao Programa Nacional de Alimentação Escolar (PNAE);8;PREFEITURA MUNICIPAL DE UBERLÂNDIA;Transf FNDE referentes ao PNAE ;SECRETARIA MUNICIPAL DE EDUCAÇÃO;07;769774.20;986851.58
02;1714520101;2022;144;Transferências de Recursos do FNDE Referentes ao Programa Nacional de Alimentação Escolar (PNAE);9;PREFEITURA MUNICIPAL DE UBERLÂNDIA;Transf FNDE referentes ao PNAE ;SECRETARIA MUNICIPAL DE EDUCAÇÃO;07;769774.20;956915.65
02;1714520101;2022;144;Transferências de Recursos do FNDE Referentes ao Programa Nacional de Alimentação Escolar (PNAE);10;PREFEITURA MUNICIPAL DE UBERLÂNDIA;Transf FNDE referentes ao PNAE ;SECRETARIA MUNICIPAL DE EDUCAÇÃO;07;769774.20;956915.65
02;1714520101;2022;144;Transferências de Recursos do FNDE Referentes ao Programa Nacional de Alimentação Escolar (PNAE);11;PREFEITURA MUNICIPAL DE UBERLÂNDIA;Transf FNDE referentes ao PNAE ;SECRETARIA MUNICIPAL DE EDUCAÇÃO;07;769774.20;956915.65
02;1714520101;2022;144;Transferências de Recursos do FNDE Referentes ao Programa Nacional de Alimentação Escolar (PNAE);12;PREFEITURA MUNICIPAL DE UBERLÂNDIA;Transf FNDE referentes ao PNAE ;SECRETARIA MUNICIPAL DE EDUCAÇÃO;07;0.00;638583.12
02;1714530101;2022;145;Transferências de Recursos do FNDE Referentes ao Programa Nacional de Apoio ao Transporte Escolar (PNATE);1;PREFEITURA MUNICIPAL DE UBERLÂNDIA;Transf FNDE ao PNATE ;SECRETARIA MUNICIPAL DE EDUCAÇÃO;07;0.00;0.00
02;1714530101;2022;145;Transferências de Recursos do FNDE Referentes ao Programa Nacional de Apoio ao Transporte Escolar (PNATE);2;PREFEITURA MUNICIPAL DE UBERLÂNDIA;Transf FNDE ao PNATE ;SECRETARIA MUNICIPAL DE EDUCAÇÃO;07;0.00;26866.95
02;1714530101;2022;145;Transferências de Recursos do FNDE Referentes ao Programa Nacional de Apoio ao Transporte Escolar (PNATE);3;PREFEITURA MUNICIPAL DE UBERLÂNDIA;Transf FNDE ao PNATE ;SECRETARIA MUNICIPAL DE EDUCAÇÃO;07;0.00;125736.21
02;1714530101;2022;145;Transferências de Recursos do FNDE Referentes ao Programa Nacional de Apoio ao Transporte Escolar (PNATE);4;PREFEITURA MUNICIPAL DE UBERLÂNDIA;Transf FNDE ao PNATE ;SECRETARIA MUNICIPAL DE EDUCAÇÃO;07;0.00;104145.00
02;1714530101;2022;145;Transferências de Recursos do FNDE Referentes ao Programa Nacional de Apoio ao Transporte Escolar (PNATE);5;PREFEITURA MUNICIPAL DE UBERLÂNDIA;Transf FNDE ao PNATE ;SECRETARIA MUNICIPAL DE EDUCAÇÃO;07;0.00;131781.97
02;1714530101;2022;145;Transferências de Recursos do FNDE Referentes ao Programa Nacional de Apoio ao Transporte Escolar (PNATE);6;PREFEITURA MUNICIPAL DE UBERLÂNDIA;Transf FNDE ao PNATE ;SECRETARIA MUNICIPAL DE EDUCAÇÃO;07;0.00;52779.75
02;1714530101;2022;145;Transferências de Recursos do FNDE Referentes ao Programa Nacional de Apoio ao Transporte Escolar (PNATE);7;PREFEITURA MUNICIPAL DE UBERLÂNDIA;Transf FNDE ao PNATE ;SECRETARIA MUNICIPAL DE EDUCAÇÃO;07;0.00;79830.83
02;1714530101;2022;145;Transferências de Recursos do FNDE Referentes ao Programa Nacional de Apoio ao Transporte Escolar (PNATE);8;PREFEITURA MUNICIPAL DE UBERLÂNDIA;Transf FNDE ao PNATE ;SECRETARIA MUNICIPAL DE EDUCAÇÃO;07;0.00;52779.75
02;1714530101;2022;145;Transferências de Recursos do FNDE Referentes ao Programa Nacional de Apoio ao Transporte Escolar (PNATE);9;PREFEITURA MUNICIPAL DE UBERLÂNDIA;Transf FNDE ao PNATE ;SECRETARIA MUNICIPAL DE EDUCAÇÃO;07;0.00;79646.69
02;1714530101;2022;145;Transferências de Recursos do FNDE Referentes ao Programa Nacional de Apoio ao Transporte Escolar (PNATE);10;PREFEITURA MUNICIPAL DE UBERLÂNDIA;Transf FNDE ao PNATE ;SECRETARIA MUNICIPAL DE EDUCAÇÃO;07;0.00;106329.51
02;1714530101;2022;145;Transferências de Recursos do FNDE Referentes ao Programa Nacional de Apoio ao Transporte Escolar (PNATE);11;PREFEITURA MUNICIPAL DE UBERLÂNDIA;Transf FNDE ao PNATE ;SECRETARIA MUNICIPAL DE EDUCAÇÃO;07;0.00;106329.49
02;1714530101;2022;145;Transferências de Recursos do FNDE Referentes ao Programa Nacional de Apoio ao Transporte Escolar (PNATE);12;PREFEITURA MUNICIPAL DE UBERLÂNDIA;Transf FNDE ao PNATE ;SECRETARIA MUNICIPAL DE EDUCAÇÃO;07;207469.88;33773.85
02;1714990101;2022;146;Outras Transferências de Recursos do FNDE;1;PREFEITURA MUNICIPAL DE UBERLÂNDIA;Transf do FNDE - Brasil Carinhoso - Educação;SECRETARIA MUNICIPAL DE EDUCAÇÃO;07;0.00;0.00
02;1714990101;2022;146;Outras Transferências de Recursos do FNDE;2;PREFEITURA MUNICIPAL DE UBERLÂNDIA;Transf do FNDE - Brasil Carinhoso - Educação;SECRETARIA MUNICIPAL DE EDUCAÇÃO;07;0.00;0.00
02;1714990101;2022;146;Outras Transferências de Recursos do FNDE;3;PREFEITURA MUNICIPAL DE UBERLÂNDIA;Transf do FNDE - Brasil Carinhoso - Educação;SECRETARIA MUNICIPAL DE EDUCAÇÃO;07;0.00;2180000.00
02;1714990101;2022;146;Outras Transferências de Recursos do FNDE;4;PREFEITURA MUNICIPAL DE UBERLÂNDIA;Transf do FNDE - Brasil Carinhoso - Educação;SECRETARIA MUNICIPAL DE EDUCAÇÃO;07;0.00;0.00
02;1714990101;2022;146;Outras Transferências de Recursos do FNDE;5;PREFEITURA MUNICIPAL DE UBERLÂNDIA;Transf do FNDE - Brasil Carinhoso - Educação;SECRETARIA MUNICIPAL DE EDUCAÇÃO;07;0.00;0.00
02;1714990101;2022;146;Outras Transferências de Recursos do FNDE;6;PREFEITURA MUNICIPAL DE UBERLÂNDIA;Transf do FNDE - Brasil Carinhoso - Educação;SECRETARIA MUNICIPAL DE EDUCAÇÃO;07;0.00;0.00
02;1714990101;2022;146;Outras Transferências de Recursos do FNDE;7;PREFEITURA MUNICIPAL DE UBERLÂNDIA;Transf do FNDE - Brasil Carinhoso - Educação;SECRETARIA MUNICIPAL DE EDUCAÇÃO;07;0.00;0.00
02;1714990101;2022;146;Outras Transferências de Recursos do FNDE;8;PREFEITURA MUNICIPAL DE UBERLÂNDIA;Transf do FNDE - Brasil Carinhoso - Educação;SECRETARIA MUNICIPAL DE EDUCAÇÃO;07;0.00;0.00
02;1714990101;2022;146;Outras Transferências de Recursos do FNDE;9;PREFEITURA MUNICIPAL DE UBERLÂNDIA;Transf do FNDE - Brasil Carinhoso - Educação;SECRETARIA MUNICIPAL DE EDUCAÇÃO;07;0.00;0.00
02;1714990101;2022;146;Outras Transferências de Recursos do FNDE;10;PREFEITURA MUNICIPAL DE UBERLÂNDIA;Transf do FNDE - Brasil Carinhoso - Educação;SECRETARIA MUNICIPAL DE EDUCAÇÃO;07;0.00;0.00
02;1714990101;2022;146;Outras Transferências de Recursos do FNDE;11;PREFEITURA MUNICIPAL DE UBERLÂNDIA;Transf do FNDE - Brasil Carinhoso - Educação;SECRETARIA MUNICIPAL DE EDUCAÇÃO;07;0.00;0.00
02;1714990101;2022;146;Outras Transferências de Recursos do FNDE;12;PREFEITURA MUNICIPAL DE UBERLÂNDIA;Transf do FNDE - Brasil Carinhoso - Educação;SECRETARIA MUNICIPAL DE EDUCAÇÃO;07;0.00;0.00
02;1714990102;2022;146;Outras Transferências de Recursos do FNDE;1;PREFEITURA MUNICIPAL DE UBERLÂNDIA;Transf do FNDE - Ed infantil Novas Turmas - EDU;SECRETARIA MUNICIPAL DE EDUCAÇÃO;07;0.00;0.00
02;1714990102;2022;146;Outras Transferências de Recursos do FNDE;2;PREFEITURA MUNICIPAL DE UBERLÂNDIA;Transf do FNDE - Ed infantil Novas Turmas - EDU;SECRETARIA MUNICIPAL DE EDUCAÇÃO;07;0.00;0.00
02;1714990102;2022;146;Outras Transferências de Recursos do FNDE;3;PREFEITURA MUNICIPAL DE UBERLÂNDIA;Transf do FNDE - Ed infantil Novas Turmas - EDU;SECRETARIA MUNICIPAL DE EDUCAÇÃO;07;0.00;0.00
02;1714990102;2022;146;Outras Transferências de Recursos do FNDE;4;PREFEITURA MUNICIPAL DE UBERLÂNDIA;Transf do FNDE - Ed infantil Novas Turmas - EDU;SECRETARIA MUNICIPAL DE EDUCAÇÃO;07;0.00;2270000.00
02;1714990102;2022;146;Outras Transferências de Recursos do FNDE;5;PREFEITURA MUNICIPAL DE UBERLÂNDIA;Transf do FNDE - Ed infantil Novas Turmas - EDU;SECRETARIA MUNICIPAL DE EDUCAÇÃO;07;0.00;0.00
02;1714990102;2022;146;Outras Transferências de Recursos do FNDE;6;PREFEITURA MUNICIPAL DE UBERLÂNDIA;Transf do FNDE - Ed infantil Novas Turmas - EDU;SECRETARIA MUNICIPAL DE EDUCAÇÃO;07;0.00;0.00
02;1714990102;2022;146;Outras Transferências de Recursos do FNDE;7;PREFEITURA MUNICIPAL DE UBERLÂNDIA;Transf do FNDE - Ed infantil Novas Turmas - EDU;SECRETARIA MUNICIPAL DE EDUCAÇÃO;07;0.00;0.00
02;1714990102;2022;146;Outras Transferências de Recursos do FNDE;8;PREFEITURA MUNICIPAL DE UBERLÂNDIA;Transf do FNDE - Ed infantil Novas Turmas - EDU;SECRETARIA MUNICIPAL DE EDUCAÇÃO;07;0.00;0.00
02;1714990102;2022;146;Outras Transferências de Recursos do FNDE;9;PREFEITURA MUNICIPAL DE UBERLÂNDIA;Transf do FNDE - Ed infantil Novas Turmas - EDU;SECRETARIA MUNICIPAL DE EDUCAÇÃO;07;0.00;0.00
02;1714990102;2022;146;Outras Transferências de Recursos do FNDE;10;PREFEITURA MUNICIPAL DE UBERLÂNDIA;Transf do FNDE - Ed infantil Novas Turmas - EDU;SECRETARIA MUNICIPAL DE EDUCAÇÃO;07;0.00;0.00
02;1714990102;2022;146;Outras Transferências de Recursos do FNDE;11;PREFEITURA MUNICIPAL DE UBERLÂNDIA;Transf do FNDE - Ed infantil Novas Turmas - EDU;SECRETARIA MUNICIPAL DE EDUCAÇÃO;07;0.00;0.00
02;1714990102;2022;146;Outras Transferências de Recursos do FNDE;12;PREFEITURA MUNICIPAL DE UBERLÂNDIA;Transf do FNDE - Ed infantil Novas Turmas - EDU;SECRETARIA MUNICIPAL DE EDUCAÇÃO;07;0.00;0.00
02;1716500101;2022;129;Transferências de Recursos do Fundo Nacional de Assistência Social (FNAS);1;PREFEITURA MUNICIPAL DE UBERLÂNDIA;FNAS - Bloco Proteção Social especial de Média e A;SECRETARIA MUNICIPAL DE DESENVOLVIMENTO SOCIAL E T;10;0.00;0.00
02;1716500101;2022;129;Transferências de Recursos do Fundo Nacional de Assistência Social (FNAS);2;PREFEITURA MUNICIPAL DE UBERLÂNDIA;FNAS - Bloco Proteção Social especial de Média e A;SECRETARIA MUNICIPAL DE DESENVOLVIMENTO SOCIAL E T;10;0.00;0.00
02;1716500101;2022;129;Transferências de Recursos do Fundo Nacional de Assistência Social (FNAS);3;PREFEITURA MUNICIPAL DE UBERLÂNDIA;FNAS - Bloco Proteção Social especial de Média e A;SECRETARIA MUNICIPAL DE DESENVOLVIMENTO SOCIAL E T;10;0.00;630660.35
02;1716500101;2022;129;Transferências de Recursos do Fundo Nacional de Assistência Social (FNAS);4;PREFEITURA MUNICIPAL DE UBERLÂNDIA;FNAS - Bloco Proteção Social especial de Média e A;SECRETARIA MUNICIPAL DE DESENVOLVIMENTO SOCIAL E T;10;350105.02;27125.25
02;1716500101;2022;129;Transferências de Recursos do Fundo Nacional de Assistência Social (FNAS);5;PREFEITURA MUNICIPAL DE UBERLÂNDIA;FNAS - Bloco Proteção Social especial de Média e A;SECRETARIA MUNICIPAL DE DESENVOLVIMENTO SOCIAL E T;10;64340.44;492819.75
02;1716500101;2022;129;Transferências de Recursos do Fundo Nacional de Assistência Social (FNAS);6;PREFEITURA MUNICIPAL DE UBERLÂNDIA;FNAS - Bloco Proteção Social especial de Média e A;SECRETARIA MUNICIPAL DE DESENVOLVIMENTO SOCIAL E T;10;56993.17;551675.89
02;1716500101;2022;129;Transferências de Recursos do Fundo Nacional de Assistência Social (FNAS);7;PREFEITURA MUNICIPAL DE UBERLÂNDIA;FNAS - Bloco Proteção Social especial de Média e A;SECRETARIA MUNICIPAL DE DESENVOLVIMENTO SOCIAL E T;10;130681.58;0.00
02;1716500101;2022;129;Transferências de Recursos do Fundo Nacional de Assistência Social (FNAS);8;PREFEITURA MUNICIPAL DE UBERLÂNDIA;FNAS - Bloco Proteção Social especial de Média e A;SECRETARIA MUNICIPAL DE DESENVOLVIMENTO SOCIAL E T;10;0.00;506235.34
02;1716500101;2022;129;Transferências de Recursos do Fundo Nacional de Assistência Social (FNAS);9;PREFEITURA MUNICIPAL DE UBERLÂNDIA;FNAS - Bloco Proteção Social especial de Média e A;SECRETARIA MUNICIPAL DE DESENVOLVIMENTO SOCIAL E T;10;66777.70;451922.54
02;1716500101;2022;129;Transferências de Recursos do Fundo Nacional de Assistência Social (FNAS);10;PREFEITURA MUNICIPAL DE UBERLÂNDIA;FNAS - Bloco Proteção Social especial de Média e A;SECRETARIA MUNICIPAL DE DESENVOLVIMENTO SOCIAL E T;10;66463.26;70643.88
02;1716500101;2022;129;Transferências de Recursos do Fundo Nacional de Assistência Social (FNAS);11;PREFEITURA MUNICIPAL DE UBERLÂNDIA;FNAS - Bloco Proteção Social especial de Média e A;SECRETARIA MUNICIPAL DE DESENVOLVIMENTO SOCIAL E T;10;66066.99;63937.00
02;1716500101;2022;129;Transferências de Recursos do Fundo Nacional de Assistência Social (FNAS);12;PREFEITURA MUNICIPAL DE UBERLÂNDIA;FNAS - Bloco Proteção Social especial de Média e A;SECRETARIA MUNICIPAL DE DESENVOLVIMENTO SOCIAL E T;10;136897.66;304980.00
02;1716500102;2022;129;Transferências de Recursos do Fundo Nacional de Assistência Social (FNAS);1;PREFEITURA MUNICIPAL DE UBERLÂNDIA;FNAS - Bloco da Proteção Social Básica;SECRETARIA MUNICIPAL DE DESENVOLVIMENTO SOCIAL E T;10;0.00;0.00
02;1716500102;2022;129;Transferências de Recursos do Fundo Nacional de Assistência Social (FNAS);2;PREFEITURA MUNICIPAL DE UBERLÂNDIA;FNAS - Bloco da Proteção Social Básica;SECRETARIA MUNICIPAL DE DESENVOLVIMENTO SOCIAL E T;10;0.00;41006.16
02;1716500102;2022;129;Transferências de Recursos do Fundo Nacional de Assistência Social (FNAS);3;PREFEITURA MUNICIPAL DE UBERLÂNDIA;FNAS - Bloco da Proteção Social Básica;SECRETARIA MUNICIPAL DE DESENVOLVIMENTO SOCIAL E T;10;234482.44;181520.47
02;1716500102;2022;129;Transferências de Recursos do Fundo Nacional de Assistência Social (FNAS);4;PREFEITURA MUNICIPAL DE UBERLÂNDIA;FNAS - Bloco da Proteção Social Básica;SECRETARIA MUNICIPAL DE DESENVOLVIMENTO SOCIAL E T;10;265768.08;250265.84
02;1716500102;2022;129;Transferências de Recursos do Fundo Nacional de Assistência Social (FNAS);5;PREFEITURA MUNICIPAL DE UBERLÂNDIA;FNAS - Bloco da Proteção Social Básica;SECRETARIA MUNICIPAL DE DESENVOLVIMENTO SOCIAL E T;10;75668.11;368205.47
02;1716500102;2022;129;Transferências de Recursos do Fundo Nacional de Assistência Social (FNAS);6;PREFEITURA MUNICIPAL DE UBERLÂNDIA;FNAS - Bloco da Proteção Social Básica;SECRETARIA MUNICIPAL DE DESENVOLVIMENTO SOCIAL E T;10;64223.96;522081.59
02;1716500102;2022;129;Transferências de Recursos do Fundo Nacional de Assistência Social (FNAS);7;PREFEITURA MUNICIPAL DE UBERLÂNDIA;FNAS - Bloco da Proteção Social Básica;SECRETARIA MUNICIPAL DE DESENVOLVIMENTO SOCIAL E T;10;153424.46;0.00
02;1716500102;2022;129;Transferências de Recursos do Fundo Nacional de Assistência Social (FNAS);8;PREFEITURA MUNICIPAL DE UBERLÂNDIA;FNAS - Bloco da Proteção Social Básica;SECRETARIA MUNICIPAL DE DESENVOLVIMENTO SOCIAL E T;10;51711.16;353786.54
02;1716500102;2022;129;Transferências de Recursos do Fundo Nacional de Assistência Social (FNAS);9;PREFEITURA MUNICIPAL DE UBERLÂNDIA;FNAS - Bloco da Proteção Social Básica;SECRETARIA MUNICIPAL DE DESENVOLVIMENTO SOCIAL E T;10;26721.88;528133.89
02;1716500102;2022;129;Transferências de Recursos do Fundo Nacional de Assistência Social (FNAS);10;PREFEITURA MUNICIPAL DE UBERLÂNDIA;FNAS - Bloco da Proteção Social Básica;SECRETARIA MUNICIPAL DE DESENVOLVIMENTO SOCIAL E T;10;77977.93;163622.15
02;1716500102;2022;129;Transferências de Recursos do Fundo Nacional de Assistência Social (FNAS);11;PREFEITURA MUNICIPAL DE UBERLÂNDIA;FNAS - Bloco da Proteção Social Básica;SECRETARIA MUNICIPAL DE DESENVOLVIMENTO SOCIAL E T;10;77570.78;136772.91
02;1716500102;2022;129;Transferências de Recursos do Fundo Nacional de Assistência Social (FNAS);12;PREFEITURA MUNICIPAL DE UBERLÂNDIA;FNAS - Bloco da Proteção Social Básica;SECRETARIA MUNICIPAL DE DESENVOLVIMENTO SOCIAL E T;10;64667.20;1214604.98
02;1716500103;2022;129;Transferências de Recursos do Fundo Nacional de Assistência Social (FNAS);1;PREFEITURA MUNICIPAL DE UBERLÂNDIA;FNAS - Índice Gestão Desc/Bolsa Família - DSocial;SECRETARIA MUNICIPAL DE DESENVOLVIMENTO SOCIAL E T;10;0.00;64292.52
02;1716500103;2022;129;Transferências de Recursos do Fundo Nacional de Assistência Social (FNAS);2;PREFEITURA MUNICIPAL DE UBERLÂNDIA;FNAS - Índice Gestão Desc/Bolsa Família - DSocial;SECRETARIA MUNICIPAL DE DESENVOLVIMENTO SOCIAL E T;10;0.00;108863.22
02;1716500103;2022;129;Transferências de Recursos do Fundo Nacional de Assistência Social (FNAS);3;PREFEITURA MUNICIPAL DE UBERLÂNDIA;FNAS - Índice Gestão Desc/Bolsa Família - DSocial;SECRETARIA MUNICIPAL DE DESENVOLVIMENTO SOCIAL E T;10;0.00;126965.88
02;1716500103;2022;129;Transferências de Recursos do Fundo Nacional de Assistência Social (FNAS);4;PREFEITURA MUNICIPAL DE UBERLÂNDIA;FNAS - Índice Gestão Desc/Bolsa Família - DSocial;SECRETARIA MUNICIPAL DE DESENVOLVIMENTO SOCIAL E T;10;0.00;230786.85
02;1716500103;2022;129;Transferências de Recursos do Fundo Nacional de Assistência Social (FNAS);5;PREFEITURA MUNICIPAL DE UBERLÂNDIA;FNAS - Índice Gestão Desc/Bolsa Família - DSocial;SECRETARIA MUNICIPAL DE DESENVOLVIMENTO SOCIAL E T;10;0.00;231169.34
02;1716500103;2022;129;Transferências de Recursos do Fundo Nacional de Assistência Social (FNAS);6;PREFEITURA MUNICIPAL DE UBERLÂNDIA;FNAS - Índice Gestão Desc/Bolsa Família - DSocial;SECRETARIA MUNICIPAL DE DESENVOLVIMENTO SOCIAL E T;10;0.00;71414.00
02;1716500103;2022;129;Transferências de Recursos do Fundo Nacional de Assistência Social (FNAS);7;PREFEITURA MUNICIPAL DE UBERLÂNDIA;FNAS - Índice Gestão Desc/Bolsa Família - DSocial;SECRETARIA MUNICIPAL DE DESENVOLVIMENTO SOCIAL E T;10;0.00;108884.43
02;1716500103;2022;129;Transferências de Recursos do Fundo Nacional de Assistência Social (FNAS);8;PREFEITURA MUNICIPAL DE UBERLÂNDIA;FNAS - Índice Gestão Desc/Bolsa Família - DSocial;SECRETARIA MUNICIPAL DE DESENVOLVIMENTO SOCIAL E T;10;0.00;107933.89
02;1716500103;2022;129;Transferências de Recursos do Fundo Nacional de Assistência Social (FNAS);9;PREFEITURA MUNICIPAL DE UBERLÂNDIA;FNAS - Índice Gestão Desc/Bolsa Família - DSocial;SECRETARIA MUNICIPAL DE DESENVOLVIMENTO SOCIAL E T;10;0.00;108066.33
02;1716500103;2022;129;Transferências de Recursos do Fundo Nacional de Assistência Social (FNAS);10;PREFEITURA MUNICIPAL DE UBERLÂNDIA;FNAS - Índice Gestão Desc/Bolsa Família - DSocial;SECRETARIA MUNICIPAL DE DESENVOLVIMENTO SOCIAL E T;10;0.00;125103.51
02;1716500103;2022;129;Transferências de Recursos do Fundo Nacional de Assistência Social (FNAS);11;PREFEITURA MUNICIPAL DE UBERLÂNDIA;FNAS - Índice Gestão Desc/Bolsa Família - DSocial;SECRETARIA MUNICIPAL DE DESENVOLVIMENTO SOCIAL E T;10;0.00;103294.52
02;1716500103;2022;129;Transferências de Recursos do Fundo Nacional de Assistência Social (FNAS);12;PREFEITURA MUNICIPAL DE UBERLÂNDIA;FNAS - Índice Gestão Desc/Bolsa Família - DSocial;SECRETARIA MUNICIPAL DE DESENVOLVIMENTO SOCIAL E T;10;0.00;213225.51
02;1716500104;2022;129;Transferências de Recursos do Fundo Nacional de Assistência Social (FNAS);1;PREFEITURA MUNICIPAL DE UBERLÂNDIA;FNAS - Piso Variável Média Complexidade - PETI - D;SECRETARIA MUNICIPAL DE DESENVOLVIMENTO SOCIAL E T;10;0.00;16666.67
02;1716500104;2022;129;Transferências de Recursos do Fundo Nacional de Assistência Social (FNAS);2;PREFEITURA MUNICIPAL DE UBERLÂNDIA;FNAS - Piso Variável Média Complexidade - PETI - D;SECRETARIA MUNICIPAL DE DESENVOLVIMENTO SOCIAL E T;10;0.00;16666.67
02;1716500104;2022;129;Transferências de Recursos do Fundo Nacional de Assistência Social (FNAS);3;PREFEITURA MUNICIPAL DE UBERLÂNDIA;FNAS - Piso Variável Média Complexidade - PETI - D;SECRETARIA MUNICIPAL DE DESENVOLVIMENTO SOCIAL E T;10;0.00;16666.67
02;1716500104;2022;129;Transferências de Recursos do Fundo Nacional de Assistência Social (FNAS);4;PREFEITURA MUNICIPAL DE UBERLÂNDIA;FNAS - Piso Variável Média Complexidade - PETI - D;SECRETARIA MUNICIPAL DE DESENVOLVIMENTO SOCIAL E T;10;0.00;16666.67
02;1716500104;2022;129;Transferências de Recursos do Fundo Nacional de Assistência Social (FNAS);5;PREFEITURA MUNICIPAL DE UBERLÂNDIA;FNAS - Piso Variável Média Complexidade - PETI - D;SECRETARIA MUNICIPAL DE DESENVOLVIMENTO SOCIAL E T;10;0.00;16666.67
02;1716500104;2022;129;Transferências de Recursos do Fundo Nacional de Assistência Social (FNAS);6;PREFEITURA MUNICIPAL DE UBERLÂNDIA;FNAS - Piso Variável Média Complexidade - PETI - D;SECRETARIA MUNICIPAL DE DESENVOLVIMENTO SOCIAL E T;10;0.00;16666.67
02;1716500104;2022;129;Transferências de Recursos do Fundo Nacional de Assistência Social (FNAS);7;PREFEITURA MUNICIPAL DE UBERLÂNDIA;FNAS - Piso Variável Média Complexidade - PETI - D;SECRETARIA MUNICIPAL DE DESENVOLVIMENTO SOCIAL E T;10;0.00;16666.67
02;1716500104;2022;129;Transferências de Recursos do Fundo Nacional de Assistência Social (FNAS);8;PREFEITURA MUNICIPAL DE UBERLÂNDIA;FNAS - Piso Variável Média Complexidade - PETI - D;SECRETARIA MUNICIPAL DE DESENVOLVIMENTO SOCIAL E T;10;0.00;16666.67
02;1716500104;2022;129;Transferências de Recursos do Fundo Nacional de Assistência Social (FNAS);9;PREFEITURA MUNICIPAL DE UBERLÂNDIA;FNAS - Piso Variável Média Complexidade - PETI - D;SECRETARIA MUNICIPAL DE DESENVOLVIMENTO SOCIAL E T;10;0.00;16666.67
02;1716500104;2022;129;Transferências de Recursos do Fundo Nacional de Assistência Social (FNAS);10;PREFEITURA MUNICIPAL DE UBERLÂNDIA;FNAS - Piso Variável Média Complexidade - PETI - D;SECRETARIA MUNICIPAL DE DESENVOLVIMENTO SOCIAL E T;10;0.00;16666.67
02;1716500104;2022;129;Transferências de Recursos do Fundo Nacional de Assistência Social (FNAS);11;PREFEITURA MUNICIPAL DE UBERLÂNDIA;FNAS - Piso Variável Média Complexidade - PETI - D;SECRETARIA MUNICIPAL DE DESENVOLVIMENTO SOCIAL E T;10;0.00;16666.67
02;1716500104;2022;129;Transferências de Recursos do Fundo Nacional de Assistência Social (FNAS);12;PREFEITURA MUNICIPAL DE UBERLÂNDIA;FNAS - Piso Variável Média Complexidade - PETI - D;SECRETARIA MUNICIPAL DE DESENVOLVIMENTO SOCIAL E T;10;0.00;16666.63
02;1716500105;2022;129;Transferências de Recursos do Fundo Nacional de Assistência Social (FNAS);1;PREFEITURA MUNICIPAL DE UBERLÂNDIA;FNAS - Programa BCP na Escola - DSocial;SECRETARIA MUNICIPAL DE DESENVOLVIMENTO SOCIAL E T;10;0.00;13157.12
02;1716500105;2022;129;Transferências de Recursos do Fundo Nacional de Assistência Social (FNAS);2;PREFEITURA MUNICIPAL DE UBERLÂNDIA;FNAS - Programa BCP na Escola - DSocial;SECRETARIA MUNICIPAL DE DESENVOLVIMENTO SOCIAL E T;10;0.00;0.00
02;1716500105;2022;129;Transferências de Recursos do Fundo Nacional de Assistência Social (FNAS);3;PREFEITURA MUNICIPAL DE UBERLÂNDIA;FNAS - Programa BCP na Escola - DSocial;SECRETARIA MUNICIPAL DE DESENVOLVIMENTO SOCIAL E T;10;0.00;0.00
02;1716500105;2022;129;Transferências de Recursos do Fundo Nacional de Assistência Social (FNAS);4;PREFEITURA MUNICIPAL DE UBERLÂNDIA;FNAS - Programa BCP na Escola - DSocial;SECRETARIA MUNICIPAL DE DESENVOLVIMENTO SOCIAL E T;10;0.00;0.00
02;1716500105;2022;129;Transferências de Recursos do Fundo Nacional de Assistência Social (FNAS);5;PREFEITURA MUNICIPAL DE UBERLÂNDIA;FNAS - Programa BCP na Escola - DSocial;SECRETARIA MUNICIPAL DE DESENVOLVIMENTO SOCIAL E T;10;0.00;0.00
02;1716500105;2022;129;Transferências de Recursos do Fundo Nacional de Assistência Social (FNAS);6;PREFEITURA MUNICIPAL DE UBERLÂNDIA;FNAS - Programa BCP na Escola - DSocial;SECRETARIA MUNICIPAL DE DESENVOLVIMENTO SOCIAL E T;10;0.00;0.00
02;1716500105;2022;129;Transferências de Recursos do Fundo Nacional de Assistência Social (FNAS);7;PREFEITURA MUNICIPAL DE UBERLÂNDIA;FNAS - Programa BCP na Escola - DSocial;SECRETARIA MUNICIPAL DE DESENVOLVIMENTO SOCIAL E T;10;0.00;0.00
02;1716500105;2022;129;Transferências de Recursos do Fundo Nacional de Assistência Social (FNAS);8;PREFEITURA MUNICIPAL DE UBERLÂNDIA;FNAS - Programa BCP na Escola - DSocial;SECRETARIA MUNICIPAL DE DESENVOLVIMENTO SOCIAL E T;10;0.00;0.00
02;1716500105;2022;129;Transferências de Recursos do Fundo Nacional de Assistência Social (FNAS);9;PREFEITURA MUNICIPAL DE UBERLÂNDIA;FNAS - Programa BCP na Escola - DSocial;SECRETARIA MUNICIPAL DE DESENVOLVIMENTO SOCIAL E T;10;0.00;0.00
02;1716500105;2022;129;Transferências de Recursos do Fundo Nacional de Assistência Social (FNAS);10;PREFEITURA MUNICIPAL DE UBERLÂNDIA;FNAS - Programa BCP na Escola - DSocial;SECRETARIA MUNICIPAL DE DESENVOLVIMENTO SOCIAL E T;10;0.00;0.00
02;1716500105;2022;129;Transferências de Recursos do Fundo Nacional de Assistência Social (FNAS);11;PREFEITURA MUNICIPAL DE UBERLÂNDIA;FNAS - Programa BCP na Escola - DSocial;SECRETARIA MUNICIPAL DE DESENVOLVIMENTO SOCIAL E T;10;0.00;0.00
02;1716500105;2022;129;Transferências de Recursos do Fundo Nacional de Assistência Social (FNAS);12;PREFEITURA MUNICIPAL DE UBERLÂNDIA;FNAS - Programa BCP na Escola - DSocial;SECRETARIA MUNICIPAL DE DESENVOLVIMENTO SOCIAL E T;10;0.00;6842.88
02;1716500106;2022;129;Transferências de Recursos do Fundo Nacional de Assistência Social (FNAS);1;PREFEITURA MUNICIPAL DE UBERLÂNDIA;FNAS - Índice Gestão Desc/IGD SUAS - DSocial;SECRETARIA MUNICIPAL DE DESENVOLVIMENTO SOCIAL E T;10;0.00;25000.00
02;1716500106;2022;129;Transferências de Recursos do Fundo Nacional de Assistência Social (FNAS);2;PREFEITURA MUNICIPAL DE UBERLÂNDIA;FNAS - Índice Gestão Desc/IGD SUAS - DSocial;SECRETARIA MUNICIPAL DE DESENVOLVIMENTO SOCIAL E T;10;0.00;25000.00
02;1716500106;2022;129;Transferências de Recursos do Fundo Nacional de Assistência Social (FNAS);3;PREFEITURA MUNICIPAL DE UBERLÂNDIA;FNAS - Índice Gestão Desc/IGD SUAS - DSocial;SECRETARIA MUNICIPAL DE DESENVOLVIMENTO SOCIAL E T;10;0.00;25000.00
02;1716500106;2022;129;Transferências de Recursos do Fundo Nacional de Assistência Social (FNAS);4;PREFEITURA MUNICIPAL DE UBERLÂNDIA;FNAS - Índice Gestão Desc/IGD SUAS - DSocial;SECRETARIA MUNICIPAL DE DESENVOLVIMENTO SOCIAL E T;10;0.00;25000.00
02;1716500106;2022;129;Transferências de Recursos do Fundo Nacional de Assistência Social (FNAS);5;PREFEITURA MUNICIPAL DE UBERLÂNDIA;FNAS - Índice Gestão Desc/IGD SUAS - DSocial;SECRETARIA MUNICIPAL DE DESENVOLVIMENTO SOCIAL E T;10;0.00;25000.00
02;1716500106;2022;129;Transferências de Recursos do Fundo Nacional de Assistência Social (FNAS);6;PREFEITURA MUNICIPAL DE UBERLÂNDIA;FNAS - Índice Gestão Desc/IGD SUAS - DSocial;SECRETARIA MUNICIPAL DE DESENVOLVIMENTO SOCIAL E T;10;0.00;25000.00
02;1716500106;2022;129;Transferências de Recursos do Fundo Nacional de Assistência Social (FNAS);7;PREFEITURA MUNICIPAL DE UBERLÂNDIA;FNAS - Índice Gestão Desc/IGD SUAS - DSocial;SECRETARIA MUNICIPAL DE DESENVOLVIMENTO SOCIAL E T;10;29020.20;25000.00
02;1716500106;2022;129;Transferências de Recursos do Fundo Nacional de Assistência Social (FNAS);8;PREFEITURA MUNICIPAL DE UBERLÂNDIA;FNAS - Índice Gestão Desc/IGD SUAS - DSocial;SECRETARIA MUNICIPAL DE DESENVOLVIMENTO SOCIAL E T;10;0.00;25000.00
02;1716500106;2022;129;Transferências de Recursos do Fundo Nacional de Assistência Social (FNAS);9;PREFEITURA MUNICIPAL DE UBERLÂNDIA;FNAS - Índice Gestão Desc/IGD SUAS - DSocial;SECRETARIA MUNICIPAL DE DESENVOLVIMENTO SOCIAL E T;10;0.00;25000.00
02;1716500106;2022;129;Transferências de Recursos do Fundo Nacional de Assistência Social (FNAS);10;PREFEITURA MUNICIPAL DE UBERLÂNDIA;FNAS - Índice Gestão Desc/IGD SUAS - DSocial;SECRETARIA MUNICIPAL DE DESENVOLVIMENTO SOCIAL E T;10;0.00;25000.00
02;1716500106;2022;129;Transferências de Recursos do Fundo Nacional de Assistência Social (FNAS);11;PREFEITURA MUNICIPAL DE UBERLÂNDIA;FNAS - Índice Gestão Desc/IGD SUAS - DSocial;SECRETARIA MUNICIPAL DE DESENVOLVIMENTO SOCIAL E T;10;0.00;25000.00
02;1716500106;2022;129;Transferências de Recursos do Fundo Nacional de Assistência Social (FNAS);12;PREFEITURA MUNICIPAL DE UBERLÂNDIA;FNAS - Índice Gestão Desc/IGD SUAS - DSocial;SECRETARIA MUNICIPAL DE DESENVOLVIMENTO SOCIAL E T;10;0.00;25000.00
02;1716500107;2022;129;Transferências de Recursos do Fundo Nacional de Assistência Social (FNAS);1;PREFEITURA MUNICIPAL DE UBERLÂNDIA;FNAS - Programa Nacional Acesso ao Trabalho - DSoc;SECRETARIA MUNICIPAL DE DESENVOLVIMENTO SOCIAL E T;10;0.00;0.00
02;1716500107;2022;129;Transferências de Recursos do Fundo Nacional de Assistência Social (FNAS);2;PREFEITURA MUNICIPAL DE UBERLÂNDIA;FNAS - Programa Nacional Acesso ao Trabalho - DSoc;SECRETARIA MUNICIPAL DE DESENVOLVIMENTO SOCIAL E T;10;0.00;0.00
02;1716500107;2022;129;Transferências de Recursos do Fundo Nacional de Assistência Social (FNAS);3;PREFEITURA MUNICIPAL DE UBERLÂNDIA;FNAS - Programa Nacional Acesso ao Trabalho - DSoc;SECRETARIA MUNICIPAL DE DESENVOLVIMENTO SOCIAL E T;10;0.00;0.00
02;1716500107;2022;129;Transferências de Recursos do Fundo Nacional de Assistência Social (FNAS);4;PREFEITURA MUNICIPAL DE UBERLÂNDIA;FNAS - Programa Nacional Acesso ao Trabalho - DSoc;SECRETARIA MUNICIPAL DE DESENVOLVIMENTO SOCIAL E T;10;0.00;0.00
02;1716500107;2022;129;Transferências de Recursos do Fundo Nacional de Assistência Social (FNAS);5;PREFEITURA MUNICIPAL DE UBERLÂNDIA;FNAS - Programa Nacional Acesso ao Trabalho - DSoc;SECRETARIA MUNICIPAL DE DESENVOLVIMENTO SOCIAL E T;10;0.00;0.00
02;1716500107;2022;129;Transferências de Recursos do Fundo Nacional de Assistência Social (FNAS);6;PREFEITURA MUNICIPAL DE UBERLÂNDIA;FNAS - Programa Nacional Acesso ao Trabalho - DSoc;SECRETARIA MUNICIPAL DE DESENVOLVIMENTO SOCIAL E T;10;0.00;0.00
02;1716500107;2022;129;Transferências de Recursos do Fundo Nacional de Assistência Social (FNAS);7;PREFEITURA MUNICIPAL DE UBERLÂNDIA;FNAS - Programa Nacional Acesso ao Trabalho - DSoc;SECRETARIA MUNICIPAL DE DESENVOLVIMENTO SOCIAL E T;10;0.00;0.00
02;1716500107;2022;129;Transferências de Recursos do Fundo Nacional de Assistência Social (FNAS);8;PREFEITURA MUNICIPAL DE UBERLÂNDIA;FNAS - Programa Nacional Acesso ao Trabalho - DSoc;SECRETARIA MUNICIPAL DE DESENVOLVIMENTO SOCIAL E T;10;0.00;150000.00
02;1716500107;2022;129;Transferências de Recursos do Fundo Nacional de Assistência Social (FNAS);9;PREFEITURA MUNICIPAL DE UBERLÂNDIA;FNAS - Programa Nacional Acesso ao Trabalho - DSoc;SECRETARIA MUNICIPAL DE DESENVOLVIMENTO SOCIAL E T;10;0.00;0.00
02;1716500107;2022;129;Transferências de Recursos do Fundo Nacional de Assistência Social (FNAS);10;PREFEITURA MUNICIPAL DE UBERLÂNDIA;FNAS - Programa Nacional Acesso ao Trabalho - DSoc;SECRETARIA MUNICIPAL DE DESENVOLVIMENTO SOCIAL E T;10;0.00;0.00
02;1716500107;2022;129;Transferências de Recursos do Fundo Nacional de Assistência Social (FNAS);11;PREFEITURA MUNICIPAL DE UBERLÂNDIA;FNAS - Programa Nacional Acesso ao Trabalho - DSoc;SECRETARIA MUNICIPAL DE DESENVOLVIMENTO SOCIAL E T;10;0.00;0.00
02;1716500107;2022;129;Transferências de Recursos do Fundo Nacional de Assistência Social (FNAS);12;PREFEITURA MUNICIPAL DE UBERLÂNDIA;FNAS - Programa Nacional Acesso ao Trabalho - DSoc;SECRETARIA MUNICIPAL DE DESENVOLVIMENTO SOCIAL E T;10;0.00;0.00
02;1716500108;2022;129;Transferências de Recursos do Fundo Nacional de Assistência Social (FNAS);1;PREFEITURA MUNICIPAL DE UBERLÂNDIA;FNAS - Programa Ap Rede - APREDCNEAS - DSocial;SECRETARIA MUNICIPAL DE DESENVOLVIMENTO SOCIAL E T;10;0.00;833.33
02;1716500108;2022;129;Transferências de Recursos do Fundo Nacional de Assistência Social (FNAS);2;PREFEITURA MUNICIPAL DE UBERLÂNDIA;FNAS - Programa Ap Rede - APREDCNEAS - DSocial;SECRETARIA MUNICIPAL DE DESENVOLVIMENTO SOCIAL E T;10;0.00;833.33
02;1716500108;2022;129;Transferências de Recursos do Fundo Nacional de Assistência Social (FNAS);3;PREFEITURA MUNICIPAL DE UBERLÂNDIA;FNAS - Programa Ap Rede - APREDCNEAS - DSocial;SECRETARIA MUNICIPAL DE DESENVOLVIMENTO SOCIAL E T;10;0.00;833.33
02;1716500108;2022;129;Transferências de Recursos do Fundo Nacional de Assistência Social (FNAS);4;PREFEITURA MUNICIPAL DE UBERLÂNDIA;FNAS - Programa Ap Rede - APREDCNEAS - DSocial;SECRETARIA MUNICIPAL DE DESENVOLVIMENTO SOCIAL E T;10;0.00;833.33
02;1716500108;2022;129;Transferências de Recursos do Fundo Nacional de Assistência Social (FNAS);5;PREFEITURA MUNICIPAL DE UBERLÂNDIA;FNAS - Programa Ap Rede - APREDCNEAS - DSocial;SECRETARIA MUNICIPAL DE DESENVOLVIMENTO SOCIAL E T;10;0.00;833.33
02;1716500108;2022;129;Transferências de Recursos do Fundo Nacional de Assistência Social (FNAS);6;PREFEITURA MUNICIPAL DE UBERLÂNDIA;FNAS - Programa Ap Rede - APREDCNEAS - DSocial;SECRETARIA MUNICIPAL DE DESENVOLVIMENTO SOCIAL E T;10;0.00;833.33
02;1716500108;2022;129;Transferências de Recursos do Fundo Nacional de Assistência Social (FNAS);7;PREFEITURA MUNICIPAL DE UBERLÂNDIA;FNAS - Programa Ap Rede - APREDCNEAS - DSocial;SECRETARIA MUNICIPAL DE DESENVOLVIMENTO SOCIAL E T;10;0.00;833.33
02;1716500108;2022;129;Transferências de Recursos do Fundo Nacional de Assistência Social (FNAS);8;PREFEITURA MUNICIPAL DE UBERLÂNDIA;FNAS - Programa Ap Rede - APREDCNEAS - DSocial;SECRETARIA MUNICIPAL DE DESENVOLVIMENTO SOCIAL E T;10;0.00;833.33
02;1716500108;2022;129;Transferências de Recursos do Fundo Nacional de Assistência Social (FNAS);9;PREFEITURA MUNICIPAL DE UBERLÂNDIA;FNAS - Programa Ap Rede - APREDCNEAS - DSocial;SECRETARIA MUNICIPAL DE DESENVOLVIMENTO SOCIAL E T;10;0.00;833.33
02;1716500108;2022;129;Transferências de Recursos do Fundo Nacional de Assistência Social (FNAS);10;PREFEITURA MUNICIPAL DE UBERLÂNDIA;FNAS - Programa Ap Rede - APREDCNEAS - DSocial;SECRETARIA MUNICIPAL DE DESENVOLVIMENTO SOCIAL E T;10;0.00;833.33
02;1716500108;2022;129;Transferências de Recursos do Fundo Nacional de Assistência Social (FNAS);11;PREFEITURA MUNICIPAL DE UBERLÂNDIA;FNAS - Programa Ap Rede - APREDCNEAS - DSocial;SECRETARIA MUNICIPAL DE DESENVOLVIMENTO SOCIAL E T;10;0.00;833.33
02;1716500108;2022;129;Transferências de Recursos do Fundo Nacional de Assistência Social (FNAS);12;PREFEITURA MUNICIPAL DE UBERLÂNDIA;FNAS - Programa Ap Rede - APREDCNEAS - DSocial;SECRETARIA MUNICIPAL DE DESENVOLVIMENTO SOCIAL E T;10;0.00;833.37
02;1716500109;2022;129;Transferências de Recursos do Fundo Nacional de Assistência Social (FNAS);1;PREFEITURA MUNICIPAL DE UBERLÂNDIA;FNAS - Res 19/16 Prog 1º Infância no SUAS - DSocia;SECRETARIA MUNICIPAL DE DESENVOLVIMENTO SOCIAL E T;10;0.00;8333.33
02;1716500109;2022;129;Transferências de Recursos do Fundo Nacional de Assistência Social (FNAS);2;PREFEITURA MUNICIPAL DE UBERLÂNDIA;FNAS - Res 19/16 Prog 1º Infância no SUAS - DSocia;SECRETARIA MUNICIPAL DE DESENVOLVIMENTO SOCIAL E T;10;0.00;8333.33
02;1716500109;2022;129;Transferências de Recursos do Fundo Nacional de Assistência Social (FNAS);3;PREFEITURA MUNICIPAL DE UBERLÂNDIA;FNAS - Res 19/16 Prog 1º Infância no SUAS - DSocia;SECRETARIA MUNICIPAL DE DESENVOLVIMENTO SOCIAL E T;10;0.00;8333.33
02;1716500109;2022;129;Transferências de Recursos do Fundo Nacional de Assistência Social (FNAS);4;PREFEITURA MUNICIPAL DE UBERLÂNDIA;FNAS - Res 19/16 Prog 1º Infância no SUAS - DSocia;SECRETARIA MUNICIPAL DE DESENVOLVIMENTO SOCIAL E T;10;0.00;8333.33
02;1716500109;2022;129;Transferências de Recursos do Fundo Nacional de Assistência Social (FNAS);5;PREFEITURA MUNICIPAL DE UBERLÂNDIA;FNAS - Res 19/16 Prog 1º Infância no SUAS - DSocia;SECRETARIA MUNICIPAL DE DESENVOLVIMENTO SOCIAL E T;10;0.00;8333.33
02;1716500109;2022;129;Transferências de Recursos do Fundo Nacional de Assistência Social (FNAS);6;PREFEITURA MUNICIPAL DE UBERLÂNDIA;FNAS - Res 19/16 Prog 1º Infância no SUAS - DSocia;SECRETARIA MUNICIPAL DE DESENVOLVIMENTO SOCIAL E T;10;0.00;8333.33
02;1716500109;2022;129;Transferências de Recursos do Fundo Nacional de Assistência Social (FNAS);7;PREFEITURA MUNICIPAL DE UBERLÂNDIA;FNAS - Res 19/16 Prog 1º Infância no SUAS - DSocia;SECRETARIA MUNICIPAL DE DESENVOLVIMENTO SOCIAL E T;10;0.00;8333.33
02;1716500109;2022;129;Transferências de Recursos do Fundo Nacional de Assistência Social (FNAS);8;PREFEITURA MUNICIPAL DE UBERLÂNDIA;FNAS - Res 19/16 Prog 1º Infância no SUAS - DSocia;SECRETARIA MUNICIPAL DE DESENVOLVIMENTO SOCIAL E T;10;0.00;8333.33
02;1716500109;2022;129;Transferências de Recursos do Fundo Nacional de Assistência Social (FNAS);9;PREFEITURA MUNICIPAL DE UBERLÂNDIA;FNAS - Res 19/16 Prog 1º Infância no SUAS - DSocia;SECRETARIA MUNICIPAL DE DESENVOLVIMENTO SOCIAL E T;10;0.00;8333.33
02;1716500109;2022;129;Transferências de Recursos do Fundo Nacional de Assistência Social (FNAS);10;PREFEITURA MUNICIPAL DE UBERLÂNDIA;FNAS - Res 19/16 Prog 1º Infância no SUAS - DSocia;SECRETARIA MUNICIPAL DE DESENVOLVIMENTO SOCIAL E T;10;0.00;8333.33
02;1716500109;2022;129;Transferências de Recursos do Fundo Nacional de Assistência Social (FNAS);11;PREFEITURA MUNICIPAL DE UBERLÂNDIA;FNAS - Res 19/16 Prog 1º Infância no SUAS - DSocia;SECRETARIA MUNICIPAL DE DESENVOLVIMENTO SOCIAL E T;10;0.00;8333.33
02;1716500109;2022;129;Transferências de Recursos do Fundo Nacional de Assistência Social (FNAS);12;PREFEITURA MUNICIPAL DE UBERLÂNDIA;FNAS - Res 19/16 Prog 1º Infância no SUAS - DSocia;SECRETARIA MUNICIPAL DE DESENVOLVIMENTO SOCIAL E T;10;0.00;8333.37
02;1716500110;2022;129;Transferências de Recursos do Fundo Nacional de Assistência Social (FNAS);1;PREFEITURA MUNICIPAL DE UBERLÂNDIA;FNAS - Ações Socioassistenciais COVID-19;SECRETARIA MUNICIPAL DE DESENVOLVIMENTO SOCIAL E T;10;0.00;0.00
02;1716500110;2022;129;Transferências de Recursos do Fundo Nacional de Assistência Social (FNAS);2;PREFEITURA MUNICIPAL DE UBERLÂNDIA;FNAS - Ações Socioassistenciais COVID-19;SECRETARIA MUNICIPAL DE DESENVOLVIMENTO SOCIAL E T;10;0.00;0.00
02;1716500110;2022;129;Transferências de Recursos do Fundo Nacional de Assistência Social (FNAS);3;PREFEITURA MUNICIPAL DE UBERLÂNDIA;FNAS - Ações Socioassistenciais COVID-19;SECRETARIA MUNICIPAL DE DESENVOLVIMENTO SOCIAL E T;10;0.00;0.00
02;1716500110;2022;129;Transferências de Recursos do Fundo Nacional de Assistência Social (FNAS);4;PREFEITURA MUNICIPAL DE UBERLÂNDIA;FNAS - Ações Socioassistenciais COVID-19;SECRETARIA MUNICIPAL DE DESENVOLVIMENTO SOCIAL E T;10;0.00;0.00
02;1716500110;2022;129;Transferências de Recursos do Fundo Nacional de Assistência Social (FNAS);5;PREFEITURA MUNICIPAL DE UBERLÂNDIA;FNAS - Ações Socioassistenciais COVID-19;SECRETARIA MUNICIPAL DE DESENVOLVIMENTO SOCIAL E T;10;0.00;100000.00
02;1716500110;2022;129;Transferências de Recursos do Fundo Nacional de Assistência Social (FNAS);6;PREFEITURA MUNICIPAL DE UBERLÂNDIA;FNAS - Ações Socioassistenciais COVID-19;SECRETARIA MUNICIPAL DE DESENVOLVIMENTO SOCIAL E T;10;0.00;86812.86
02;1716500110;2022;129;Transferências de Recursos do Fundo Nacional de Assistência Social (FNAS);7;PREFEITURA MUNICIPAL DE UBERLÂNDIA;FNAS - Ações Socioassistenciais COVID-19;SECRETARIA MUNICIPAL DE DESENVOLVIMENTO SOCIAL E T;10;0.00;0.00
02;1716500110;2022;129;Transferências de Recursos do Fundo Nacional de Assistência Social (FNAS);8;PREFEITURA MUNICIPAL DE UBERLÂNDIA;FNAS - Ações Socioassistenciais COVID-19;SECRETARIA MUNICIPAL DE DESENVOLVIMENTO SOCIAL E T;10;0.00;13187.14
02;1716500110;2022;129;Transferências de Recursos do Fundo Nacional de Assistência Social (FNAS);9;PREFEITURA MUNICIPAL DE UBERLÂNDIA;FNAS - Ações Socioassistenciais COVID-19;SECRETARIA MUNICIPAL DE DESENVOLVIMENTO SOCIAL E T;10;0.00;0.00
02;1716500110;2022;129;Transferências de Recursos do Fundo Nacional de Assistência Social (FNAS);10;PREFEITURA MUNICIPAL DE UBERLÂNDIA;FNAS - Ações Socioassistenciais COVID-19;SECRETARIA MUNICIPAL DE DESENVOLVIMENTO SOCIAL E T;10;0.00;0.00
02;1716500110;2022;129;Transferências de Recursos do Fundo Nacional de Assistência Social (FNAS);11;PREFEITURA MUNICIPAL DE UBERLÂNDIA;FNAS - Ações Socioassistenciais COVID-19;SECRETARIA MUNICIPAL DE DESENVOLVIMENTO SOCIAL E T;10;0.00;0.00
02;1716500110;2022;129;Transferências de Recursos do Fundo Nacional de Assistência Social (FNAS);12;PREFEITURA MUNICIPAL DE UBERLÂNDIA;FNAS - Ações Socioassistenciais COVID-19;SECRETARIA MUNICIPAL DE DESENVOLVIMENTO SOCIAL E T;10;0.00;0.00
02;1716500111;2022;129;Transferências de Recursos do Fundo Nacional de Assistência Social (FNAS);2;PREFEITURA MUNICIPAL DE UBERLÂNDIA;FNAS - Estruturação SUAS SIGTV ;SECRETARIA MUNICIPAL DE DESENVOLVIMENTO SOCIAL E T;10;50000.00;0.00
02;1716500111;2022;129;Transferências de Recursos do Fundo Nacional de Assistência Social (FNAS);3;PREFEITURA MUNICIPAL DE UBERLÂNDIA;FNAS - Estruturação SUAS SIGTV ;SECRETARIA MUNICIPAL DE DESENVOLVIMENTO SOCIAL E T;10;100000.00;0.00
02;1716500111;2022;129;Transferências de Recursos do Fundo Nacional de Assistência Social (FNAS);5;PREFEITURA MUNICIPAL DE UBERLÂNDIA;FNAS - Estruturação SUAS SIGTV ;SECRETARIA MUNICIPAL DE DESENVOLVIMENTO SOCIAL E T;10;100000.00;0.00
02;1716500111;2022;129;Transferências de Recursos do Fundo Nacional de Assistência Social (FNAS);6;PREFEITURA MUNICIPAL DE UBERLÂNDIA;FNAS - Estruturação SUAS SIGTV ;SECRETARIA MUNICIPAL DE DESENVOLVIMENTO SOCIAL E T;10;100000.00;0.00
02;1716500111;2022;129;Transferências de Recursos do Fundo Nacional de Assistência Social (FNAS);10;PREFEITURA MUNICIPAL DE UBERLÂNDIA;FNAS - Estruturação SUAS SIGTV ;SECRETARIA MUNICIPAL DE DESENVOLVIMENTO SOCIAL E T;10;501533.87;0.00
02;1716500112;2022;129;Transferências de Recursos do Fundo Nacional de Assistência Social (FNAS);3;PREFEITURA MUNICIPAL DE UBERLÂNDIA;FNAS - Índice Gestão Prog Auxilio Brasil - IGD;SECRETARIA MUNICIPAL DE DESENVOLVIMENTO SOCIAL E T;10;100073.33;0.00
02;1716500112;2022;129;Transferências de Recursos do Fundo Nacional de Assistência Social (FNAS);4;PREFEITURA MUNICIPAL DE UBERLÂNDIA;FNAS - Índice Gestão Prog Auxilio Brasil - IGD;SECRETARIA MUNICIPAL DE DESENVOLVIMENTO SOCIAL E T;10;58376.11;0.00
02;1716500112;2022;129;Transferências de Recursos do Fundo Nacional de Assistência Social (FNAS);5;PREFEITURA MUNICIPAL DE UBERLÂNDIA;FNAS - Índice Gestão Prog Auxilio Brasil - IGD;SECRETARIA MUNICIPAL DE DESENVOLVIMENTO SOCIAL E T;10;58376.11;0.00
02;1716500112;2022;129;Transferências de Recursos do Fundo Nacional de Assistência Social (FNAS);6;PREFEITURA MUNICIPAL DE UBERLÂNDIA;FNAS - Índice Gestão Prog Auxilio Brasil - IGD;SECRETARIA MUNICIPAL DE DESENVOLVIMENTO SOCIAL E T;10;58376.11;0.00
02;1716500112;2022;129;Transferências de Recursos do Fundo Nacional de Assistência Social (FNAS);7;PREFEITURA MUNICIPAL DE UBERLÂNDIA;FNAS - Índice Gestão Prog Auxilio Brasil - IGD;SECRETARIA MUNICIPAL DE DESENVOLVIMENTO SOCIAL E T;10;139670.25;0.00
02;1716500112;2022;129;Transferências de Recursos do Fundo Nacional de Assistência Social (FNAS);9;PREFEITURA MUNICIPAL DE UBERLÂNDIA;FNAS - Índice Gestão Prog Auxilio Brasil - IGD;SECRETARIA MUNICIPAL DE DESENVOLVIMENTO SOCIAL E T;10;52617.01;0.00
02;1716500112;2022;129;Transferências de Recursos do Fundo Nacional de Assistência Social (FNAS);10;PREFEITURA MUNICIPAL DE UBERLÂNDIA;FNAS - Índice Gestão Prog Auxilio Brasil - IGD;SECRETARIA MUNICIPAL DE DESENVOLVIMENTO SOCIAL E T;10;58665.88;0.00
02;1716500112;2022;129;Transferências de Recursos do Fundo Nacional de Assistência Social (FNAS);12;PREFEITURA MUNICIPAL DE UBERLÂNDIA;FNAS - Índice Gestão Prog Auxilio Brasil - IGD;SECRETARIA MUNICIPAL DE DESENVOLVIMENTO SOCIAL E T;10;151177.60;0.00
02;1716500113;2022;129;Transferências de Recursos do Fundo Nacional de Assistência Social (FNAS);12;PREFEITURA MUNICIPAL DE UBERLÂNDIA;FNAS - Estruturação SUAS SIGTV - Emenda;SECRETARIA MUNICIPAL DE DESENVOLVIMENTO SOCIAL E T;10;339000.00;0.00
02;1717500101;2022;123;Transferências de Convênios Vinculados à Saúde/ Transferências do Governo Federal referentes a Convênios e outros Repasses vinculados à Saúde;1;PREFEITURA MUNICIPAL DE UBERLÂNDIA;Transferências de Convênios 799975/13 Aten Pac Doe;SECRETARIA MUNICIPAL DE SAÚDE;09;0.00;208333.33
02;1717500101;2022;123;Transferências de Convênios Vinculados à Saúde/ Transferências do Governo Federal referentes a Convênios e outros Repasses vinculados à Saúde;2;PREFEITURA MUNICIPAL DE UBERLÂNDIA;Transferências de Convênios 799975/13 Aten Pac Doe;SECRETARIA MUNICIPAL DE SAÚDE;09;0.00;208333.33
02;1717500101;2022;123;Transferências de Convênios Vinculados à Saúde/ Transferências do Governo Federal referentes a Convênios e outros Repasses vinculados à Saúde;3;PREFEITURA MUNICIPAL DE UBERLÂNDIA;Transferências de Convênios 799975/13 Aten Pac Doe;SECRETARIA MUNICIPAL DE SAÚDE;09;0.00;208333.33
02;1717500101;2022;123;Transferências de Convênios Vinculados à Saúde/ Transferências do Governo Federal referentes a Convênios e outros Repasses vinculados à Saúde;4;PREFEITURA MUNICIPAL DE UBERLÂNDIA;Transferências de Convênios 799975/13 Aten Pac Doe;SECRETARIA MUNICIPAL DE SAÚDE;09;0.00;208333.33
02;1717500101;2022;123;Transferências de Convênios Vinculados à Saúde/ Transferências do Governo Federal referentes a Convênios e outros Repasses vinculados à Saúde;5;PREFEITURA MUNICIPAL DE UBERLÂNDIA;Transferências de Convênios 799975/13 Aten Pac Doe;SECRETARIA MUNICIPAL DE SAÚDE;09;0.00;208333.33
02;1717500101;2022;123;Transferências de Convênios Vinculados à Saúde/ Transferências do Governo Federal referentes a Convênios e outros Repasses vinculados à Saúde;6;PREFEITURA MUNICIPAL DE UBERLÂNDIA;Transferências de Convênios 799975/13 Aten Pac Doe;SECRETARIA MUNICIPAL DE SAÚDE;09;0.00;208333.33
02;1717500101;2022;123;Transferências de Convênios Vinculados à Saúde/ Transferências do Governo Federal referentes a Convênios e outros Repasses vinculados à Saúde;7;PREFEITURA MUNICIPAL DE UBERLÂNDIA;Transferências de Convênios 799975/13 Aten Pac Doe;SECRETARIA MUNICIPAL DE SAÚDE;09;0.00;208333.33
02;1717500101;2022;123;Transferências de Convênios Vinculados à Saúde/ Transferências do Governo Federal referentes a Convênios e outros Repasses vinculados à Saúde;8;PREFEITURA MUNICIPAL DE UBERLÂNDIA;Transferências de Convênios 799975/13 Aten Pac Doe;SECRETARIA MUNICIPAL DE SAÚDE;09;0.00;208333.33
02;1717500101;2022;123;Transferências de Convênios Vinculados à Saúde/ Transferências do Governo Federal referentes a Convênios e outros Repasses vinculados à Saúde;9;PREFEITURA MUNICIPAL DE UBERLÂNDIA;Transferências de Convênios 799975/13 Aten Pac Doe;SECRETARIA MUNICIPAL DE SAÚDE;09;0.00;208333.33
02;1717500101;2022;123;Transferências de Convênios Vinculados à Saúde/ Transferências do Governo Federal referentes a Convênios e outros Repasses vinculados à Saúde;10;PREFEITURA MUNICIPAL DE UBERLÂNDIA;Transferências de Convênios 799975/13 Aten Pac Doe;SECRETARIA MUNICIPAL DE SAÚDE;09;0.00;208333.33
02;1717500101;2022;123;Transferências de Convênios Vinculados à Saúde/ Transferências do Governo Federal referentes a Convênios e outros Repasses vinculados à Saúde;11;PREFEITURA MUNICIPAL DE UBERLÂNDIA;Transferências de Convênios 799975/13 Aten Pac Doe;SECRETARIA MUNICIPAL DE SAÚDE;09;0.00;208333.33
02;1717500101;2022;123;Transferências de Convênios Vinculados à Saúde/ Transferências do Governo Federal referentes a Convênios e outros Repasses vinculados à Saúde;12;PREFEITURA MUNICIPAL DE UBERLÂNDIA;Transferências de Convênios 799975/13 Aten Pac Doe;SECRETARIA MUNICIPAL DE SAÚDE;09;0.00;208333.37
02;1717500102;2022;123;Transferências de Convênios Vinculados à Saúde/ Transferências do Governo Federal referentes a Convênios e outros Repasses vinculados à Saúde;1;PREFEITURA MUNICIPAL DE UBERLÂNDIA;Transf CV 881707 Capacitação Idoso;SECRETARIA MUNICIPAL DE SAÚDE;09;0.00;17666.67
02;1717500102;2022;123;Transferências de Convênios Vinculados à Saúde/ Transferências do Governo Federal referentes a Convênios e outros Repasses vinculados à Saúde;2;PREFEITURA MUNICIPAL DE UBERLÂNDIA;Transf CV 881707 Capacitação Idoso;SECRETARIA MUNICIPAL DE SAÚDE;09;0.00;17666.67
02;1717500102;2022;123;Transferências de Convênios Vinculados à Saúde/ Transferências do Governo Federal referentes a Convênios e outros Repasses vinculados à Saúde;3;PREFEITURA MUNICIPAL DE UBERLÂNDIA;Transf CV 881707 Capacitação Idoso;SECRETARIA MUNICIPAL DE SAÚDE;09;0.00;17666.67
02;1717500102;2022;123;Transferências de Convênios Vinculados à Saúde/ Transferências do Governo Federal referentes a Convênios e outros Repasses vinculados à Saúde;4;PREFEITURA MUNICIPAL DE UBERLÂNDIA;Transf CV 881707 Capacitação Idoso;SECRETARIA MUNICIPAL DE SAÚDE;09;0.00;17666.67
02;1717500102;2022;123;Transferências de Convênios Vinculados à Saúde/ Transferências do Governo Federal referentes a Convênios e outros Repasses vinculados à Saúde;5;PREFEITURA MUNICIPAL DE UBERLÂNDIA;Transf CV 881707 Capacitação Idoso;SECRETARIA MUNICIPAL DE SAÚDE;09;0.00;17666.67
02;1717500102;2022;123;Transferências de Convênios Vinculados à Saúde/ Transferências do Governo Federal referentes a Convênios e outros Repasses vinculados à Saúde;6;PREFEITURA MUNICIPAL DE UBERLÂNDIA;Transf CV 881707 Capacitação Idoso;SECRETARIA MUNICIPAL DE SAÚDE;09;0.00;17666.67
02;1717500102;2022;123;Transferências de Convênios Vinculados à Saúde/ Transferências do Governo Federal referentes a Convênios e outros Repasses vinculados à Saúde;7;PREFEITURA MUNICIPAL DE UBERLÂNDIA;Transf CV 881707 Capacitação Idoso;SECRETARIA MUNICIPAL DE SAÚDE;09;0.00;17666.67
02;1717500102;2022;123;Transferências de Convênios Vinculados à Saúde/ Transferências do Governo Federal referentes a Convênios e outros Repasses vinculados à Saúde;8;PREFEITURA MUNICIPAL DE UBERLÂNDIA;Transf CV 881707 Capacitação Idoso;SECRETARIA MUNICIPAL DE SAÚDE;09;0.00;17666.67
02;1717500102;2022;123;Transferências de Convênios Vinculados à Saúde/ Transferências do Governo Federal referentes a Convênios e outros Repasses vinculados à Saúde;9;PREFEITURA MUNICIPAL DE UBERLÂNDIA;Transf CV 881707 Capacitação Idoso;SECRETARIA MUNICIPAL DE SAÚDE;09;0.00;17666.67
02;1717500102;2022;123;Transferências de Convênios Vinculados à Saúde/ Transferências do Governo Federal referentes a Convênios e outros Repasses vinculados à Saúde;10;PREFEITURA MUNICIPAL DE UBERLÂNDIA;Transf CV 881707 Capacitação Idoso;SECRETARIA MUNICIPAL DE SAÚDE;09;0.00;17666.67
02;1717500102;2022;123;Transferências de Convênios Vinculados à Saúde/ Transferências do Governo Federal referentes a Convênios e outros Repasses vinculados à Saúde;11;PREFEITURA MUNICIPAL DE UBERLÂNDIA;Transf CV 881707 Capacitação Idoso;SECRETARIA MUNICIPAL DE SAÚDE;09;0.00;17666.67
02;1717500102;2022;123;Transferências de Convênios Vinculados à Saúde/ Transferências do Governo Federal referentes a Convênios e outros Repasses vinculados à Saúde;12;PREFEITURA MUNICIPAL DE UBERLÂNDIA;Transf CV 881707 Capacitação Idoso;SECRETARIA MUNICIPAL DE SAÚDE;09;0.00;17666.63
02;1717990101;2022;124;Outras Transferências de Convênios/ Outras Transferências de Convênios ou Repasses da União/ Transferências de Convênios Não Relacionados à Educação, à Saúde nem à Assistência Social;1;PREFEITURA MUNICIPAL DE UBERLÂNDIA;Transferências de Convênios 764098/11 Usinas Cultu;SECRETARIA MUNICIPAL DE CULTURA;08;0.00;16750.00
02;1717990101;2022;124;Outras Transferências de Convênios/ Outras Transferências de Convênios ou Repasses da União/ Transferências de Convênios Não Relacionados à Educação, à Saúde nem à Assistência Social;2;PREFEITURA MUNICIPAL DE UBERLÂNDIA;Transferências de Convênios 764098/11 Usinas Cultu;SECRETARIA MUNICIPAL DE CULTURA;08;0.00;16750.00
02;1717990101;2022;124;Outras Transferências de Convênios/ Outras Transferências de Convênios ou Repasses da União/ Transferências de Convênios Não Relacionados à Educação, à Saúde nem à Assistência Social;3;PREFEITURA MUNICIPAL DE UBERLÂNDIA;Transferências de Convênios 764098/11 Usinas Cultu;SECRETARIA MUNICIPAL DE CULTURA;08;0.00;16750.00
02;1717990101;2022;124;Outras Transferências de Convênios/ Outras Transferências de Convênios ou Repasses da União/ Transferências de Convênios Não Relacionados à Educação, à Saúde nem à Assistência Social;4;PREFEITURA MUNICIPAL DE UBERLÂNDIA;Transferências de Convênios 764098/11 Usinas Cultu;SECRETARIA MUNICIPAL DE CULTURA;08;0.00;16750.00
02;1717990101;2022;124;Outras Transferências de Convênios/ Outras Transferências de Convênios ou Repasses da União/ Transferências de Convênios Não Relacionados à Educação, à Saúde nem à Assistência Social;5;PREFEITURA MUNICIPAL DE UBERLÂNDIA;Transferências de Convênios 764098/11 Usinas Cultu;SECRETARIA MUNICIPAL DE CULTURA;08;0.00;16750.00
02;1717990101;2022;124;Outras Transferências de Convênios/ Outras Transferências de Convênios ou Repasses da União/ Transferências de Convênios Não Relacionados à Educação, à Saúde nem à Assistência Social;6;PREFEITURA MUNICIPAL DE UBERLÂNDIA;Transferências de Convênios 764098/11 Usinas Cultu;SECRETARIA MUNICIPAL DE CULTURA;08;0.00;16750.00
02;1717990101;2022;124;Outras Transferências de Convênios/ Outras Transferências de Convênios ou Repasses da União/ Transferências de Convênios Não Relacionados à Educação, à Saúde nem à Assistência Social;7;PREFEITURA MUNICIPAL DE UBERLÂNDIA;Transferências de Convênios 764098/11 Usinas Cultu;SECRETARIA MUNICIPAL DE CULTURA;08;0.00;16750.00
02;1717990101;2022;124;Outras Transferências de Convênios/ Outras Transferências de Convênios ou Repasses da União/ Transferências de Convênios Não Relacionados à Educação, à Saúde nem à Assistência Social;8;PREFEITURA MUNICIPAL DE UBERLÂNDIA;Transferências de Convênios 764098/11 Usinas Cultu;SECRETARIA MUNICIPAL DE CULTURA;08;0.00;16750.00
02;1717990101;2022;124;Outras Transferências de Convênios/ Outras Transferências de Convênios ou Repasses da União/ Transferências de Convênios Não Relacionados à Educação, à Saúde nem à Assistência Social;9;PREFEITURA MUNICIPAL DE UBERLÂNDIA;Transferências de Convênios 764098/11 Usinas Cultu;SECRETARIA MUNICIPAL DE CULTURA;08;0.00;16750.00
02;1717990101;2022;124;Outras Transferências de Convênios/ Outras Transferências de Convênios ou Repasses da União/ Transferências de Convênios Não Relacionados à Educação, à Saúde nem à Assistência Social;10;PREFEITURA MUNICIPAL DE UBERLÂNDIA;Transferências de Convênios 764098/11 Usinas Cultu;SECRETARIA MUNICIPAL DE CULTURA;08;0.00;16750.00
02;1717990101;2022;124;Outras Transferências de Convênios/ Outras Transferências de Convênios ou Repasses da União/ Transferências de Convênios Não Relacionados à Educação, à Saúde nem à Assistência Social;11;PREFEITURA MUNICIPAL DE UBERLÂNDIA;Transferências de Convênios 764098/11 Usinas Cultu;SECRETARIA MUNICIPAL DE CULTURA;08;0.00;16750.00
02;1717990101;2022;124;Outras Transferências de Convênios/ Outras Transferências de Convênios ou Repasses da União/ Transferências de Convênios Não Relacionados à Educação, à Saúde nem à Assistência Social;12;PREFEITURA MUNICIPAL DE UBERLÂNDIA;Transferências de Convênios 764098/11 Usinas Cultu;SECRETARIA MUNICIPAL DE CULTURA;08;0.00;16750.00
02;1717990102;2022;124;Outras Transferências de Convênios/ Outras Transferências de Convênios ou Repasses da União/ Transferências de Convênios Não Relacionados à Educação, à Saúde nem à Assistência Social;1;PREFEITURA MUNICIPAL DE UBERLÂNDIA;CV 885901/19 Torneios Regionais de Futebol Amador;SECRETARIA MUNICIPAL DE CULTURA;08;0.00;41666.67
02;1717990102;2022;124;Outras Transferências de Convênios/ Outras Transferências de Convênios ou Repasses da União/ Transferências de Convênios Não Relacionados à Educação, à Saúde nem à Assistência Social;2;PREFEITURA MUNICIPAL DE UBERLÂNDIA;CV 885901/19 Torneios Regionais de Futebol Amador;SECRETARIA MUNICIPAL DE CULTURA;08;0.00;41666.67
02;1717990102;2022;124;Outras Transferências de Convênios/ Outras Transferências de Convênios ou Repasses da União/ Transferências de Convênios Não Relacionados à Educação, à Saúde nem à Assistência Social;3;PREFEITURA MUNICIPAL DE UBERLÂNDIA;CV 885901/19 Torneios Regionais de Futebol Amador;SECRETARIA MUNICIPAL DE CULTURA;08;0.00;41666.67
02;1717990102;2022;124;Outras Transferências de Convênios/ Outras Transferências de Convênios ou Repasses da União/ Transferências de Convênios Não Relacionados à Educação, à Saúde nem à Assistência Social;4;PREFEITURA MUNICIPAL DE UBERLÂNDIA;CV 885901/19 Torneios Regionais de Futebol Amador;SECRETARIA MUNICIPAL DE CULTURA;08;0.00;41666.67
02;1717990102;2022;124;Outras Transferências de Convênios/ Outras Transferências de Convênios ou Repasses da União/ Transferências de Convênios Não Relacionados à Educação, à Saúde nem à Assistência Social;5;PREFEITURA MUNICIPAL DE UBERLÂNDIA;CV 885901/19 Torneios Regionais de Futebol Amador;SECRETARIA MUNICIPAL DE CULTURA;08;0.00;41666.67
02;1717990102;2022;124;Outras Transferências de Convênios/ Outras Transferências de Convênios ou Repasses da União/ Transferências de Convênios Não Relacionados à Educação, à Saúde nem à Assistência Social;6;PREFEITURA MUNICIPAL DE UBERLÂNDIA;CV 885901/19 Torneios Regionais de Futebol Amador;SECRETARIA MUNICIPAL DE CULTURA;08;0.00;41666.67
02;1717990102;2022;124;Outras Transferências de Convênios/ Outras Transferências de Convênios ou Repasses da União/ Transferências de Convênios Não Relacionados à Educação, à Saúde nem à Assistência Social;7;PREFEITURA MUNICIPAL DE UBERLÂNDIA;CV 885901/19 Torneios Regionais de Futebol Amador;SECRETARIA MUNICIPAL DE CULTURA;08;0.00;41666.67
02;1717990102;2022;124;Outras Transferências de Convênios/ Outras Transferências de Convênios ou Repasses da União/ Transferências de Convênios Não Relacionados à Educação, à Saúde nem à Assistência Social;8;PREFEITURA MUNICIPAL DE UBERLÂNDIA;CV 885901/19 Torneios Regionais de Futebol Amador;SECRETARIA MUNICIPAL DE CULTURA;08;0.00;41666.67
02;1717990102;2022;124;Outras Transferências de Convênios/ Outras Transferências de Convênios ou Repasses da União/ Transferências de Convênios Não Relacionados à Educação, à Saúde nem à Assistência Social;9;PREFEITURA MUNICIPAL DE UBERLÂNDIA;CV 885901/19 Torneios Regionais de Futebol Amador;SECRETARIA MUNICIPAL DE CULTURA;08;0.00;41666.67
02;1717990102;2022;124;Outras Transferências de Convênios/ Outras Transferências de Convênios ou Repasses da União/ Transferências de Convênios Não Relacionados à Educação, à Saúde nem à Assistência Social;10;PREFEITURA MUNICIPAL DE UBERLÂNDIA;CV 885901/19 Torneios Regionais de Futebol Amador;SECRETARIA MUNICIPAL DE CULTURA;08;0.00;41666.67
02;1717990102;2022;124;Outras Transferências de Convênios/ Outras Transferências de Convênios ou Repasses da União/ Transferências de Convênios Não Relacionados à Educação, à Saúde nem à Assistência Social;11;PREFEITURA MUNICIPAL DE UBERLÂNDIA;CV 885901/19 Torneios Regionais de Futebol Amador;SECRETARIA MUNICIPAL DE CULTURA;08;0.00;41666.67
02;1717990102;2022;124;Outras Transferências de Convênios/ Outras Transferências de Convênios ou Repasses da União/ Transferências de Convênios Não Relacionados à Educação, à Saúde nem à Assistência Social;12;PREFEITURA MUNICIPAL DE UBERLÂNDIA;CV 885901/19 Torneios Regionais de Futebol Amador;SECRETARIA MUNICIPAL DE CULTURA;08;0.00;41666.63
04;1717990103;2022;124;Outras Transferências de Convênios/ Outras Transferências de Convênios ou Repasses da União/ Transferências de Convênios Não Relacionados à Educação, à Saúde nem à Assistência Social;1;Fundação Uberlandense Turismo Esporte Lazer;Transf CV 904349 Volei na Praça - FUTEL;FUNDAÇÃO UBERLANDENSE DE TURISMO, ESPORTE E LAZER-;19;0.00;20166.67
04;1717990103;2022;124;Outras Transferências de Convênios/ Outras Transferências de Convênios ou Repasses da União/ Transferências de Convênios Não Relacionados à Educação, à Saúde nem à Assistência Social;2;Fundação Uberlandense Turismo Esporte Lazer;Transf CV 904349 Volei na Praça - FUTEL;FUNDAÇÃO UBERLANDENSE DE TURISMO, ESPORTE E LAZER-;19;0.00;20166.67
04;1717990103;2022;124;Outras Transferências de Convênios/ Outras Transferências de Convênios ou Repasses da União/ Transferências de Convênios Não Relacionados à Educação, à Saúde nem à Assistência Social;3;Fundação Uberlandense Turismo Esporte Lazer;Transf CV 904349 Volei na Praça - FUTEL;FUNDAÇÃO UBERLANDENSE DE TURISMO, ESPORTE E LAZER-;19;0.00;20166.67
04;1717990103;2022;124;Outras Transferências de Convênios/ Outras Transferências de Convênios ou Repasses da União/ Transferências de Convênios Não Relacionados à Educação, à Saúde nem à Assistência Social;4;Fundação Uberlandense Turismo Esporte Lazer;Transf CV 904349 Volei na Praça - FUTEL;FUNDAÇÃO UBERLANDENSE DE TURISMO, ESPORTE E LAZER-;19;0.00;20166.67
04;1717990103;2022;124;Outras Transferências de Convênios/ Outras Transferências de Convênios ou Repasses da União/ Transferências de Convênios Não Relacionados à Educação, à Saúde nem à Assistência Social;5;Fundação Uberlandense Turismo Esporte Lazer;Transf CV 904349 Volei na Praça - FUTEL;FUNDAÇÃO UBERLANDENSE DE TURISMO, ESPORTE E LAZER-;19;0.00;20166.67
04;1717990103;2022;124;Outras Transferências de Convênios/ Outras Transferências de Convênios ou Repasses da União/ Transferências de Convênios Não Relacionados à Educação, à Saúde nem à Assistência Social;6;Fundação Uberlandense Turismo Esporte Lazer;Transf CV 904349 Volei na Praça - FUTEL;FUNDAÇÃO UBERLANDENSE DE TURISMO, ESPORTE E LAZER-;19;0.00;20166.67
04;1717990103;2022;124;Outras Transferências de Convênios/ Outras Transferências de Convênios ou Repasses da União/ Transferências de Convênios Não Relacionados à Educação, à Saúde nem à Assistência Social;7;Fundação Uberlandense Turismo Esporte Lazer;Transf CV 904349 Volei na Praça - FUTEL;FUNDAÇÃO UBERLANDENSE DE TURISMO, ESPORTE E LAZER-;19;221542.83;20166.67
04;1717990103;2022;124;Outras Transferências de Convênios/ Outras Transferências de Convênios ou Repasses da União/ Transferências de Convênios Não Relacionados à Educação, à Saúde nem à Assistência Social;8;Fundação Uberlandense Turismo Esporte Lazer;Transf CV 904349 Volei na Praça - FUTEL;FUNDAÇÃO UBERLANDENSE DE TURISMO, ESPORTE E LAZER-;19;0.00;20166.67
04;1717990103;2022;124;Outras Transferências de Convênios/ Outras Transferências de Convênios ou Repasses da União/ Transferências de Convênios Não Relacionados à Educação, à Saúde nem à Assistência Social;9;Fundação Uberlandense Turismo Esporte Lazer;Transf CV 904349 Volei na Praça - FUTEL;FUNDAÇÃO UBERLANDENSE DE TURISMO, ESPORTE E LAZER-;19;0.00;20166.67
04;1717990103;2022;124;Outras Transferências de Convênios/ Outras Transferências de Convênios ou Repasses da União/ Transferências de Convênios Não Relacionados à Educação, à Saúde nem à Assistência Social;10;Fundação Uberlandense Turismo Esporte Lazer;Transf CV 904349 Volei na Praça - FUTEL;FUNDAÇÃO UBERLANDENSE DE TURISMO, ESPORTE E LAZER-;19;0.00;20166.67
04;1717990103;2022;124;Outras Transferências de Convênios/ Outras Transferências de Convênios ou Repasses da União/ Transferências de Convênios Não Relacionados à Educação, à Saúde nem à Assistência Social;11;Fundação Uberlandense Turismo Esporte Lazer;Transf CV 904349 Volei na Praça - FUTEL;FUNDAÇÃO UBERLANDENSE DE TURISMO, ESPORTE E LAZER-;19;0.00;20166.67
04;1717990103;2022;124;Outras Transferências de Convênios/ Outras Transferências de Convênios ou Repasses da União/ Transferências de Convênios Não Relacionados à Educação, à Saúde nem à Assistência Social;12;Fundação Uberlandense Turismo Esporte Lazer;Transf CV 904349 Volei na Praça - FUTEL;FUNDAÇÃO UBERLANDENSE DE TURISMO, ESPORTE E LAZER-;19;0.00;20166.63
02;1719580101;2022;170;Outros Recursos Não Vinculados;1;PREFEITURA MUNICIPAL DE UBERLÂNDIA;Lei Complementar 176/20 - Lei Kandir;SECRETARIA MUNICIPAL DE FINANÇAS;06;531955.59;0.00
02;1719580101;2022;170;Outros Recursos Não Vinculados;2;PREFEITURA MUNICIPAL DE UBERLÂNDIA;Lei Complementar 176/20 - Lei Kandir;SECRETARIA MUNICIPAL DE FINANÇAS;06;531955.59;707266.97
02;1719580101;2022;170;Outros Recursos Não Vinculados;3;PREFEITURA MUNICIPAL DE UBERLÂNDIA;Lei Complementar 176/20 - Lei Kandir;SECRETARIA MUNICIPAL DE FINANÇAS;06;525579.68;353633.48
02;1719580101;2022;170;Outros Recursos Não Vinculados;4;PREFEITURA MUNICIPAL DE UBERLÂNDIA;Lei Complementar 176/20 - Lei Kandir;SECRETARIA MUNICIPAL DE FINANÇAS;06;525579.68;353633.48
02;1719580101;2022;170;Outros Recursos Não Vinculados;5;PREFEITURA MUNICIPAL DE UBERLÂNDIA;Lei Complementar 176/20 - Lei Kandir;SECRETARIA MUNICIPAL DE FINANÇAS;06;525579.68;0.00
02;1719580101;2022;170;Outros Recursos Não Vinculados;6;PREFEITURA MUNICIPAL DE UBERLÂNDIA;Lei Complementar 176/20 - Lei Kandir;SECRETARIA MUNICIPAL DE FINANÇAS;06;525579.68;353633.48
02;1719580101;2022;170;Outros Recursos Não Vinculados;7;PREFEITURA MUNICIPAL DE UBERLÂNDIA;Lei Complementar 176/20 - Lei Kandir;SECRETARIA MUNICIPAL DE FINANÇAS;06;600035.11;0.00
02;1719580101;2022;170;Outros Recursos Não Vinculados;8;PREFEITURA MUNICIPAL DE UBERLÂNDIA;Lei Complementar 176/20 - Lei Kandir;SECRETARIA MUNICIPAL DE FINANÇAS;06;600035.11;0.00
02;1719580101;2022;170;Outros Recursos Não Vinculados;9;PREFEITURA MUNICIPAL DE UBERLÂNDIA;Lei Complementar 176/20 - Lei Kandir;SECRETARIA MUNICIPAL DE FINANÇAS;06;600035.11;0.00
02;1719580101;2022;170;Outros Recursos Não Vinculados;10;PREFEITURA MUNICIPAL DE UBERLÂNDIA;Lei Complementar 176/20 - Lei Kandir;SECRETARIA MUNICIPAL DE FINANÇAS;06;600035.11;0.00
02;1719580101;2022;170;Outros Recursos Não Vinculados;11;PREFEITURA MUNICIPAL DE UBERLÂNDIA;Lei Complementar 176/20 - Lei Kandir;SECRETARIA MUNICIPAL DE FINANÇAS;06;600035.11;0.00
02;1719580101;2022;170;Outros Recursos Não Vinculados;12;PREFEITURA MUNICIPAL DE UBERLÂNDIA;Lei Complementar 176/20 - Lei Kandir;SECRETARIA MUNICIPAL DE FINANÇAS;06;600035.11;4231832.59
02;1719610101;2022;136;Auxílio Financeiro - Outorga Crédito Tributário ICMS - Art. 5º, Inciso V, EC nº 123/2022;9;PREFEITURA MUNICIPAL DE UBERLÂNDIA;Auxílio Financeiro - EC 123/22 - Compensação ICMS;SECRETARIA MUNICIPAL DE FINANÇAS;06;1305508.91;0.00
02;1719610101;2022;136;Auxílio Financeiro - Outorga Crédito Tributário ICMS - Art. 5º, Inciso V, EC nº 123/2022;10;PREFEITURA MUNICIPAL DE UBERLÂNDIA;Auxílio Financeiro - EC 123/22 - Compensação ICMS;SECRETARIA MUNICIPAL DE FINANÇAS;06;1305692.70;0.00
02;1719610101;2022;136;Auxílio Financeiro - Outorga Crédito Tributário ICMS - Art. 5º, Inciso V, EC nº 123/2022;11;PREFEITURA MUNICIPAL DE UBERLÂNDIA;Auxílio Financeiro - EC 123/22 - Compensação ICMS;SECRETARIA MUNICIPAL DE FINANÇAS;06;1305692.70;0.00
02;1719610101;2022;136;Auxílio Financeiro - Outorga Crédito Tributário ICMS - Art. 5º, Inciso V, EC nº 123/2022;12;PREFEITURA MUNICIPAL DE UBERLÂNDIA;Auxílio Financeiro - EC 123/22 - Compensação ICMS;SECRETARIA MUNICIPAL DE FINANÇAS;06;2611445.77;0.00
02;1719990101;2022;161;Auxílio Financeiro no Enfrentamento à Covid-19 para Aplicação em Ações de Saúde e Assistência Social/ Auxílio Financeiro no Enfrentamento à Covid-19 para aplicação em Ações de Saúde e Assistência Social (art. 5º, I, b, da LC nº 173/2020);1;PREFEITURA MUNICIPAL DE UBERLÂNDIA;Transf Auxilio Financeiro LC 173/20;SECRETARIA MUNICIPAL DE FINANÇAS;06;0.00;0.00
02;1719990101;2022;161;Auxílio Financeiro no Enfrentamento à Covid-19 para Aplicação em Ações de Saúde e Assistência Social/ Auxílio Financeiro no Enfrentamento à Covid-19 para aplicação em Ações de Saúde e Assistência Social (art. 5º, I, b, da LC nº 173/2020);2;PREFEITURA MUNICIPAL DE UBERLÂNDIA;Transf Auxilio Financeiro LC 173/20;SECRETARIA MUNICIPAL DE FINANÇAS;06;0.00;0.00
02;1719990101;2022;161;Auxílio Financeiro no Enfrentamento à Covid-19 para Aplicação em Ações de Saúde e Assistência Social/ Auxílio Financeiro no Enfrentamento à Covid-19 para aplicação em Ações de Saúde e Assistência Social (art. 5º, I, b, da LC nº 173/2020);3;PREFEITURA MUNICIPAL DE UBERLÂNDIA;Transf Auxilio Financeiro LC 173/20;SECRETARIA MUNICIPAL DE FINANÇAS;06;0.00;0.00
02;1719990101;2022;161;Auxílio Financeiro no Enfrentamento à Covid-19 para Aplicação em Ações de Saúde e Assistência Social/ Auxílio Financeiro no Enfrentamento à Covid-19 para aplicação em Ações de Saúde e Assistência Social (art. 5º, I, b, da LC nº 173/2020);4;PREFEITURA MUNICIPAL DE UBERLÂNDIA;Transf Auxilio Financeiro LC 173/20;SECRETARIA MUNICIPAL DE FINANÇAS;06;0.00;0.00
02;1719990101;2022;161;Auxílio Financeiro no Enfrentamento à Covid-19 para Aplicação em Ações de Saúde e Assistência Social/ Auxílio Financeiro no Enfrentamento à Covid-19 para aplicação em Ações de Saúde e Assistência Social (art. 5º, I, b, da LC nº 173/2020);5;PREFEITURA MUNICIPAL DE UBERLÂNDIA;Transf Auxilio Financeiro LC 173/20;SECRETARIA MUNICIPAL DE FINANÇAS;06;0.00;0.00
02;1719990101;2022;161;Auxílio Financeiro no Enfrentamento à Covid-19 para Aplicação em Ações de Saúde e Assistência Social/ Auxílio Financeiro no Enfrentamento à Covid-19 para aplicação em Ações de Saúde e Assistência Social (art. 5º, I, b, da LC nº 173/2020);6;PREFEITURA MUNICIPAL DE UBERLÂNDIA;Transf Auxilio Financeiro LC 173/20;SECRETARIA MUNICIPAL DE FINANÇAS;06;0.00;124838.88
02;1719990101;2022;161;Auxílio Financeiro no Enfrentamento à Covid-19 para Aplicação em Ações de Saúde e Assistência Social/ Auxílio Financeiro no Enfrentamento à Covid-19 para aplicação em Ações de Saúde e Assistência Social (art. 5º, I, b, da LC nº 173/2020);7;PREFEITURA MUNICIPAL DE UBERLÂNDIA;Transf Auxilio Financeiro LC 173/20;SECRETARIA MUNICIPAL DE FINANÇAS;06;0.00;124838.88
02;1719990101;2022;161;Auxílio Financeiro no Enfrentamento à Covid-19 para Aplicação em Ações de Saúde e Assistência Social/ Auxílio Financeiro no Enfrentamento à Covid-19 para aplicação em Ações de Saúde e Assistência Social (art. 5º, I, b, da LC nº 173/2020);8;PREFEITURA MUNICIPAL DE UBERLÂNDIA;Transf Auxilio Financeiro LC 173/20;SECRETARIA MUNICIPAL DE FINANÇAS;06;0.00;124838.88
02;1719990101;2022;161;Auxílio Financeiro no Enfrentamento à Covid-19 para Aplicação em Ações de Saúde e Assistência Social/ Auxílio Financeiro no Enfrentamento à Covid-19 para aplicação em Ações de Saúde e Assistência Social (art. 5º, I, b, da LC nº 173/2020);9;PREFEITURA MUNICIPAL DE UBERLÂNDIA;Transf Auxilio Financeiro LC 173/20;SECRETARIA MUNICIPAL DE FINANÇAS;06;0.00;125483.36
02;1719990101;2022;161;Auxílio Financeiro no Enfrentamento à Covid-19 para Aplicação em Ações de Saúde e Assistência Social/ Auxílio Financeiro no Enfrentamento à Covid-19 para aplicação em Ações de Saúde e Assistência Social (art. 5º, I, b, da LC nº 173/2020);10;PREFEITURA MUNICIPAL DE UBERLÂNDIA;Transf Auxilio Financeiro LC 173/20;SECRETARIA MUNICIPAL DE FINANÇAS;06;0.00;0.00
02;1719990101;2022;161;Auxílio Financeiro no Enfrentamento à Covid-19 para Aplicação em Ações de Saúde e Assistência Social/ Auxílio Financeiro no Enfrentamento à Covid-19 para aplicação em Ações de Saúde e Assistência Social (art. 5º, I, b, da LC nº 173/2020);11;PREFEITURA MUNICIPAL DE UBERLÂNDIA;Transf Auxilio Financeiro LC 173/20;SECRETARIA MUNICIPAL DE FINANÇAS;06;0.00;0.00
02;1719990101;2022;161;Auxílio Financeiro no Enfrentamento à Covid-19 para Aplicação em Ações de Saúde e Assistência Social/ Auxílio Financeiro no Enfrentamento à Covid-19 para aplicação em Ações de Saúde e Assistência Social (art. 5º, I, b, da LC nº 173/2020);12;PREFEITURA MUNICIPAL DE UBERLÂNDIA;Transf Auxilio Financeiro LC 173/20;SECRETARIA MUNICIPAL DE FINANÇAS;06;0.00;0.00
02;1719990103;2022;165;Outros Recursos Vinculados;6;PREFEITURA MUNICIPAL DE UBERLÂNDIA;ACPC's MPT/MPU - Enfrentamento à COVID-19;SECRETARIA MUNICIPAL DE SAÚDE;09;79458.71;0.00
02;1719990104;2022;135;Assistência Financeira Transporte Coletivo Art. 5º, Inciso IV, EC nº 123/2022;10;PREFEITURA MUNICIPAL DE UBERLÂNDIA;Mobilidade Urbana  EC 123/22;SECRETARIA MUNICIPAL DE FINANÇAS;06;8208433.44;0.00
02;1721500101;2022;100;Recursos Não Vinculados de Impostos/ Recursos Ordinários;1;PREFEITURA MUNICIPAL DE UBERLÂNDIA;Cota-Parte do ICMS;SECRETARIA MUNICIPAL DE FINANÇAS;06;18882496.78;40721011.11
02;1721500101;2022;101;Receitas de Impostos e de Transferências de Impostos Vinculados à Educação;1;PREFEITURA MUNICIPAL DE UBERLÂNDIA;Cota-Parte do ICMS;SECRETARIA MUNICIPAL DE FINANÇAS;06;15556360.88;23389602.04
02;1721500101;2022;102;Receitas de Impostos e de Transferências de Impostos Vinculados à Saúde;1;PREFEITURA MUNICIPAL DE UBERLÂNDIA;Cota-Parte do ICMS;SECRETARIA MUNICIPAL DE FINANÇAS;06;26257049.29;29447795.00
02;1721500101;2022;100;Recursos Não Vinculados de Impostos/ Recursos Ordinários;2;PREFEITURA MUNICIPAL DE UBERLÂNDIA;Cota-Parte do ICMS;SECRETARIA MUNICIPAL DE FINANÇAS;06;17916869.26;38194151.13
02;1721500101;2022;101;Receitas de Impostos e de Transferências de Impostos Vinculados à Educação;2;PREFEITURA MUNICIPAL DE UBERLÂNDIA;Cota-Parte do ICMS;SECRETARIA MUNICIPAL DE FINANÇAS;06;14760827.86;21938207.59
02;1721500101;2022;102;Receitas de Impostos e de Transferências de Impostos Vinculados à Saúde;2;PREFEITURA MUNICIPAL DE UBERLÂNDIA;Cota-Parte do ICMS;SECRETARIA MUNICIPAL DE FINANÇAS;06;24914296.30;27620471.65
02;1721500101;2022;100;Recursos Não Vinculados de Impostos/ Recursos Ordinários;3;PREFEITURA MUNICIPAL DE UBERLÂNDIA;Cota-Parte do ICMS;SECRETARIA MUNICIPAL DE FINANÇAS;06;21538414.35;43026084.17
02;1721500101;2022;101;Receitas de Impostos e de Transferências de Impostos Vinculados à Educação;3;PREFEITURA MUNICIPAL DE UBERLÂNDIA;Cota-Parte do ICMS;SECRETARIA MUNICIPAL DE FINANÇAS;06;17744440.79;24713605.05
02;1721500101;2022;102;Receitas de Impostos e de Transferências de Impostos Vinculados à Saúde;3;PREFEITURA MUNICIPAL DE UBERLÂNDIA;Cota-Parte do ICMS;SECRETARIA MUNICIPAL DE FINANÇAS;06;29950234.47;31114730.99
02;1721500101;2022;100;Recursos Não Vinculados de Impostos/ Recursos Ordinários;4;PREFEITURA MUNICIPAL DE UBERLÂNDIA;Cota-Parte do ICMS;SECRETARIA MUNICIPAL DE FINANÇAS;06;25079064.03;37290059.32
02;1721500101;2022;101;Receitas de Impostos e de Transferências de Impostos Vinculados à Educação;4;PREFEITURA MUNICIPAL DE UBERLÂNDIA;Cota-Parte do ICMS;SECRETARIA MUNICIPAL DE FINANÇAS;06;14858446.85;21418909.39
02;1721500101;2022;102;Receitas de Impostos e de Transferências de Impostos Vinculados à Saúde;4;PREFEITURA MUNICIPAL DE UBERLÂNDIA;Cota-Parte do ICMS;SECRETARIA MUNICIPAL DE FINANÇAS;06;18035360.38;26966668.87
02;1721500101;2022;100;Recursos Não Vinculados de Impostos/ Recursos Ordinários;5;PREFEITURA MUNICIPAL DE UBERLÂNDIA;Cota-Parte do ICMS;SECRETARIA MUNICIPAL DE FINANÇAS;06;33894353.36;45658078.85
02;1721500101;2022;101;Receitas de Impostos e de Transferências de Impostos Vinculados à Educação;5;PREFEITURA MUNICIPAL DE UBERLÂNDIA;Cota-Parte do ICMS;SECRETARIA MUNICIPAL DE FINANÇAS;06;20081190.14;26225387.46
02;1721500101;2022;102;Receitas de Impostos e de Transferências de Impostos Vinculados à Saúde;5;PREFEITURA MUNICIPAL DE UBERLÂNDIA;Cota-Parte do ICMS;SECRETARIA MUNICIPAL DE FINANÇAS;06;24374788.08;33018083.53
02;1721500101;2022;100;Recursos Não Vinculados de Impostos/ Recursos Ordinários;6;PREFEITURA MUNICIPAL DE UBERLÂNDIA;Cota-Parte do ICMS;SECRETARIA MUNICIPAL DE FINANÇAS;06;32114295.20;42369781.43
02;1721500101;2022;101;Receitas de Impostos e de Transferências de Impostos Vinculados à Educação;6;PREFEITURA MUNICIPAL DE UBERLÂNDIA;Cota-Parte do ICMS;SECRETARIA MUNICIPAL DE FINANÇAS;06;19026569.23;24336633.57
02;1721500101;2022;102;Receitas de Impostos e de Transferências de Impostos Vinculados à Saúde;6;PREFEITURA MUNICIPAL DE UBERLÂNDIA;Cota-Parte do ICMS;SECRETARIA MUNICIPAL DE FINANÇAS;06;23094677.07;30640119.29
02;1721500101;2022;100;Recursos Não Vinculados de Impostos/ Recursos Ordinários;7;PREFEITURA MUNICIPAL DE UBERLÂNDIA;Cota-Parte do ICMS;SECRETARIA MUNICIPAL DE FINANÇAS;06;32295606.62;29217335.61
02;1721500101;2022;101;Receitas de Impostos e de Transferências de Impostos Vinculados à Educação;7;PREFEITURA MUNICIPAL DE UBERLÂNDIA;Cota-Parte do ICMS;SECRETARIA MUNICIPAL DE FINANÇAS;06;19133989.92;16782045.28
02;1721500101;2022;102;Receitas de Impostos e de Transferências de Impostos Vinculados à Saúde;7;PREFEITURA MUNICIPAL DE UBERLÂNDIA;Cota-Parte do ICMS;SECRETARIA MUNICIPAL DE FINANÇAS;06;23225065.21;21128800.24
02;1721500101;2022;100;Recursos Não Vinculados de Impostos/ Recursos Ordinários;8;PREFEITURA MUNICIPAL DE UBERLÂNDIA;Cota-Parte do ICMS;SECRETARIA MUNICIPAL DE FINANÇAS;06;32987038.42;27882171.82
02;1721500101;2022;101;Receitas de Impostos e de Transferências de Impostos Vinculados à Educação;8;PREFEITURA MUNICIPAL DE UBERLÂNDIA;Cota-Parte do ICMS;SECRETARIA MUNICIPAL DE FINANÇAS;06;19543638.52;16015145.13
02;1721500101;2022;102;Receitas de Impostos e de Transferências de Impostos Vinculados à Saúde;8;PREFEITURA MUNICIPAL DE UBERLÂNDIA;Cota-Parte do ICMS;SECRETARIA MUNICIPAL DE FINANÇAS;06;23722301.53;20163263.57
02;1721500101;2022;100;Recursos Não Vinculados de Impostos/ Recursos Ordinários;9;PREFEITURA MUNICIPAL DE UBERLÂNDIA;Cota-Parte do ICMS;SECRETARIA MUNICIPAL DE FINANÇAS;06;26975492.24;31315048.05
02;1721500101;2022;101;Receitas de Impostos e de Transferências de Impostos Vinculados à Educação;9;PREFEITURA MUNICIPAL DE UBERLÂNDIA;Cota-Parte do ICMS;SECRETARIA MUNICIPAL DE FINANÇAS;06;15982012.73;17986943.15
02;1721500101;2022;102;Receitas de Impostos e de Transferências de Impostos Vinculados à Saúde;9;PREFEITURA MUNICIPAL DE UBERLÂNDIA;Cota-Parte do ICMS;SECRETARIA MUNICIPAL DE FINANÇAS;06;19399157.72;22645781.39
02;1721500101;2022;100;Recursos Não Vinculados de Impostos/ Recursos Ordinários;10;PREFEITURA MUNICIPAL DE UBERLÂNDIA;Cota-Parte do ICMS;SECRETARIA MUNICIPAL DE FINANÇAS;06;29499844.60;28572052.89
02;1721500101;2022;101;Receitas de Impostos e de Transferências de Impostos Vinculados à Educação;10;PREFEITURA MUNICIPAL DE UBERLÂNDIA;Cota-Parte do ICMS;SECRETARIA MUNICIPAL DE FINANÇAS;06;17477601.05;16411403.56
02;1721500101;2022;102;Receitas de Impostos e de Transferências de Impostos Vinculados à Saúde;10;PREFEITURA MUNICIPAL DE UBERLÂNDIA;Cota-Parte do ICMS;SECRETARIA MUNICIPAL DE FINANÇAS;06;21214520.70;20662157.78
02;1721500101;2022;100;Recursos Não Vinculados de Impostos/ Recursos Ordinários;11;PREFEITURA MUNICIPAL DE UBERLÂNDIA;Cota-Parte do ICMS;SECRETARIA MUNICIPAL DE FINANÇAS;06;29384430.71;34069738.69
02;1721500101;2022;101;Receitas de Impostos e de Transferências de Impostos Vinculados à Educação;11;PREFEITURA MUNICIPAL DE UBERLÂNDIA;Cota-Parte do ICMS;SECRETARIA MUNICIPAL DE FINANÇAS;06;17409222.49;19569200.47
02;1721500101;2022;102;Receitas de Impostos e de Transferências de Impostos Vinculados à Saúde;11;PREFEITURA MUNICIPAL DE UBERLÂNDIA;Cota-Parte do ICMS;SECRETARIA MUNICIPAL DE FINANÇAS;06;21131521.92;24637862.71
02;1721500101;2022;100;Recursos Não Vinculados de Impostos/ Recursos Ordinários;12;PREFEITURA MUNICIPAL DE UBERLÂNDIA;Cota-Parte do ICMS;SECRETARIA MUNICIPAL DE FINANÇAS;06;29877569.77;34607210.93
02;1721500101;2022;101;Receitas de Impostos e de Transferências de Impostos Vinculados à Educação;12;PREFEITURA MUNICIPAL DE UBERLÂNDIA;Cota-Parte do ICMS;SECRETARIA MUNICIPAL DE FINANÇAS;06;17701389.49;19877917.31
02;1721500101;2022;102;Receitas de Impostos e de Transferências de Impostos Vinculados à Saúde;12;PREFEITURA MUNICIPAL DE UBERLÂNDIA;Cota-Parte do ICMS;SECRETARIA MUNICIPAL DE FINANÇAS;06;21486157.91;25026540.98
02;1721510101;2022;100;Recursos Não Vinculados de Impostos/ Recursos Ordinários;1;PREFEITURA MUNICIPAL DE UBERLÂNDIA;Cota-Parte do IPVA;SECRETARIA MUNICIPAL DE FINANÇAS;06;4362182.74;25570833.45
02;1721510101;2022;101;Receitas de Impostos e de Transferências de Impostos Vinculados à Educação;1;PREFEITURA MUNICIPAL DE UBERLÂNDIA;Cota-Parte do IPVA;SECRETARIA MUNICIPAL DE FINANÇAS;06;3593787.69;14206018.58
02;1721510101;2022;102;Receitas de Impostos e de Transferências de Impostos Vinculados à Saúde;1;PREFEITURA MUNICIPAL DE UBERLÂNDIA;Cota-Parte do IPVA;SECRETARIA MUNICIPAL DE FINANÇAS;06;6065831.34;17047222.30
02;1721510101;2022;100;Recursos Não Vinculados de Impostos/ Recursos Ordinários;2;PREFEITURA MUNICIPAL DE UBERLÂNDIA;Cota-Parte do IPVA;SECRETARIA MUNICIPAL DE FINANÇAS;06;3528754.36;13243742.69
02;1721510101;2022;101;Receitas de Impostos e de Transferências de Impostos Vinculados à Educação;2;PREFEITURA MUNICIPAL DE UBERLÂNDIA;Cota-Parte do IPVA;SECRETARIA MUNICIPAL DE FINANÇAS;06;2907167.02;7357634.83
02;1721510101;2022;102;Receitas de Impostos e de Transferências de Impostos Vinculados à Saúde;2;PREFEITURA MUNICIPAL DE UBERLÂNDIA;Cota-Parte do IPVA;SECRETARIA MUNICIPAL DE FINANÇAS;06;4906907.78;8829161.79
02;1721510101;2022;100;Recursos Não Vinculados de Impostos/ Recursos Ordinários;3;PREFEITURA MUNICIPAL DE UBERLÂNDIA;Cota-Parte do IPVA;SECRETARIA MUNICIPAL DE FINANÇAS;06;17474379.56;12758307.71
02;1721510101;2022;101;Receitas de Impostos e de Transferências de Impostos Vinculados à Educação;3;PREFEITURA MUNICIPAL DE UBERLÂNDIA;Cota-Parte do IPVA;SECRETARIA MUNICIPAL DE FINANÇAS;06;14396282.21;7087948.73
02;1721510101;2022;102;Receitas de Impostos e de Transferências de Impostos Vinculados à Saúde;3;PREFEITURA MUNICIPAL DE UBERLÂNDIA;Cota-Parte do IPVA;SECRETARIA MUNICIPAL DE FINANÇAS;06;24298992.26;8505538.48
02;1721510101;2022;100;Recursos Não Vinculados de Impostos/ Recursos Ordinários;4;PREFEITURA MUNICIPAL DE UBERLÂNDIA;Cota-Parte do IPVA;SECRETARIA MUNICIPAL DE FINANÇAS;06;10246511.16;5523038.12
02;1721510101;2022;101;Receitas de Impostos e de Transferências de Impostos Vinculados à Educação;4;PREFEITURA MUNICIPAL DE UBERLÂNDIA;Cota-Parte do IPVA;SECRETARIA MUNICIPAL DE FINANÇAS;06;6070690.68;3068354.51
02;1721510101;2022;102;Receitas de Impostos e de Transferências de Impostos Vinculados à Saúde;4;PREFEITURA MUNICIPAL DE UBERLÂNDIA;Cota-Parte do IPVA;SECRETARIA MUNICIPAL DE FINANÇAS;06;7368677.32;3682025.41
02;1721510101;2022;100;Recursos Não Vinculados de Impostos/ Recursos Ordinários;5;PREFEITURA MUNICIPAL DE UBERLÂNDIA;Cota-Parte do IPVA;SECRETARIA MUNICIPAL DE FINANÇAS;06;11062288.31;9505187.24
02;1721510101;2022;101;Receitas de Impostos e de Transferências de Impostos Vinculados à Educação;5;PREFEITURA MUNICIPAL DE UBERLÂNDIA;Cota-Parte do IPVA;SECRETARIA MUNICIPAL DE FINANÇAS;06;6554009.76;5280659.58
02;1721510101;2022;102;Receitas de Impostos e de Transferências de Impostos Vinculados à Saúde;5;PREFEITURA MUNICIPAL DE UBERLÂNDIA;Cota-Parte do IPVA;SECRETARIA MUNICIPAL DE FINANÇAS;06;7955334.93;6336791.50
02;1721510101;2022;100;Recursos Não Vinculados de Impostos/ Recursos Ordinários;6;PREFEITURA MUNICIPAL DE UBERLÂNDIA;Cota-Parte do IPVA;SECRETARIA MUNICIPAL DE FINANÇAS;06;6001388.61;3265400.62
02;1721510101;2022;101;Receitas de Impostos e de Transferências de Impostos Vinculados à Educação;6;PREFEITURA MUNICIPAL DE UBERLÂNDIA;Cota-Parte do IPVA;SECRETARIA MUNICIPAL DE FINANÇAS;06;3555607.66;1814111.46
02;1721510101;2022;102;Receitas de Impostos e de Transferências de Impostos Vinculados à Saúde;6;PREFEITURA MUNICIPAL DE UBERLÂNDIA;Cota-Parte do IPVA;SECRETARIA MUNICIPAL DE FINANÇAS;06;4315839.38;2176933.75
02;1721510101;2022;100;Recursos Não Vinculados de Impostos/ Recursos Ordinários;7;PREFEITURA MUNICIPAL DE UBERLÂNDIA;Cota-Parte do IPVA;SECRETARIA MUNICIPAL DE FINANÇAS;06;3457812.00;2583355.53
02;1721510101;2022;101;Receitas de Impostos e de Transferências de Impostos Vinculados à Educação;7;PREFEITURA MUNICIPAL DE UBERLÂNDIA;Cota-Parte do IPVA;SECRETARIA MUNICIPAL DE FINANÇAS;06;2048630.01;1435197.52
02;1721510101;2022;102;Receitas de Impostos e de Transferências de Impostos Vinculados à Saúde;7;PREFEITURA MUNICIPAL DE UBERLÂNDIA;Cota-Parte do IPVA;SECRETARIA MUNICIPAL DE FINANÇAS;06;2486651.15;1722237.02
02;1721510101;2022;100;Recursos Não Vinculados de Impostos/ Recursos Ordinários;8;PREFEITURA MUNICIPAL DE UBERLÂNDIA;Cota-Parte do IPVA;SECRETARIA MUNICIPAL DE FINANÇAS;06;2992974.24;2112626.46
02;1721510101;2022;101;Receitas de Impostos e de Transferências de Impostos Vinculados à Educação;8;PREFEITURA MUNICIPAL DE UBERLÂNDIA;Cota-Parte do IPVA;SECRETARIA MUNICIPAL DE FINANÇAS;06;1773230.27;1173681.37
02;1721510101;2022;102;Receitas de Impostos e de Transferências de Impostos Vinculados à Saúde;8;PREFEITURA MUNICIPAL DE UBERLÂNDIA;Cota-Parte do IPVA;SECRETARIA MUNICIPAL DE FINANÇAS;06;2152367.74;1408417.64
02;1721510101;2022;100;Recursos Não Vinculados de Impostos/ Recursos Ordinários;9;PREFEITURA MUNICIPAL DE UBERLÂNDIA;Cota-Parte do IPVA;SECRETARIA MUNICIPAL DE FINANÇAS;06;2327123.10;1490740.57
02;1721510101;2022;101;Receitas de Impostos e de Transferências de Impostos Vinculados à Educação;9;PREFEITURA MUNICIPAL DE UBERLÂNDIA;Cota-Parte do IPVA;SECRETARIA MUNICIPAL DE FINANÇAS;06;1378737.30;828189.21
02;1721510101;2022;102;Receitas de Impostos e de Transferências de Impostos Vinculados à Saúde;9;PREFEITURA MUNICIPAL DE UBERLÂNDIA;Cota-Parte do IPVA;SECRETARIA MUNICIPAL DE FINANÇAS;06;1673527.48;993827.05
02;1721510101;2022;100;Recursos Não Vinculados de Impostos/ Recursos Ordinários;10;PREFEITURA MUNICIPAL DE UBERLÂNDIA;Cota-Parte do IPVA;SECRETARIA MUNICIPAL DE FINANÇAS;06;2012415.76;1236243.10
02;1721510101;2022;101;Receitas de Impostos e de Transferências de Impostos Vinculados à Educação;10;PREFEITURA MUNICIPAL DE UBERLÂNDIA;Cota-Parte do IPVA;SECRETARIA MUNICIPAL DE FINANÇAS;06;1192284.51;686801.72
02;1721510101;2022;102;Receitas de Impostos e de Transferências de Impostos Vinculados à Saúde;10;PREFEITURA MUNICIPAL DE UBERLÂNDIA;Cota-Parte do IPVA;SECRETARIA MUNICIPAL DE FINANÇAS;06;1447208.82;824162.06
02;1721510101;2022;100;Recursos Não Vinculados de Impostos/ Recursos Ordinários;11;PREFEITURA MUNICIPAL DE UBERLÂNDIA;Cota-Parte do IPVA;SECRETARIA MUNICIPAL DE FINANÇAS;06;3125813.33;980100.47
02;1721510101;2022;101;Receitas de Impostos e de Transferências de Impostos Vinculados à Educação;11;PREFEITURA MUNICIPAL DE UBERLÂNDIA;Cota-Parte do IPVA;SECRETARIA MUNICIPAL DE FINANÇAS;06;1851932.73;544500.26
02;1721510101;2022;102;Receitas de Impostos e de Transferências de Impostos Vinculados à Saúde;11;PREFEITURA MUNICIPAL DE UBERLÂNDIA;Cota-Parte do IPVA;SECRETARIA MUNICIPAL DE FINANÇAS;06;2247897.62;653400.31
02;1721510101;2022;100;Recursos Não Vinculados de Impostos/ Recursos Ordinários;12;PREFEITURA MUNICIPAL DE UBERLÂNDIA;Cota-Parte do IPVA;SECRETARIA MUNICIPAL DE FINANÇAS;06;2705599.13;2415424.04
02;1721510101;2022;101;Receitas de Impostos e de Transferências de Impostos Vinculados à Educação;12;PREFEITURA MUNICIPAL DE UBERLÂNDIA;Cota-Parte do IPVA;SECRETARIA MUNICIPAL DE FINANÇAS;06;1602970.34;1341902.23
02;1721510101;2022;102;Receitas de Impostos e de Transferências de Impostos Vinculados à Saúde;12;PREFEITURA MUNICIPAL DE UBERLÂNDIA;Cota-Parte do IPVA;SECRETARIA MUNICIPAL DE FINANÇAS;06;1945704.56;1610282.69
02;1721520101;2022;100;Recursos Não Vinculados de Impostos/ Recursos Ordinários;1;PREFEITURA MUNICIPAL DE UBERLÂNDIA;Cota-Parte do IPI - Municípios;SECRETARIA MUNICIPAL DE FINANÇAS;06;276593.97;272776.58
02;1721520101;2022;101;Receitas de Impostos e de Transferências de Impostos Vinculados à Educação;1;PREFEITURA MUNICIPAL DE UBERLÂNDIA;Cota-Parte do IPI - Municípios;SECRETARIA MUNICIPAL DE FINANÇAS;06;227872.13;215349.93
02;1721520101;2022;102;Receitas de Impostos e de Transferências de Impostos Vinculados à Saúde;1;PREFEITURA MUNICIPAL DE UBERLÂNDIA;Cota-Parte do IPI - Municípios;SECRETARIA MUNICIPAL DE FINANÇAS;06;384617.58;229706.59
02;1721520101;2022;100;Recursos Não Vinculados de Impostos/ Recursos Ordinários;2;PREFEITURA MUNICIPAL DE UBERLÂNDIA;Cota-Parte do IPI - Municípios;SECRETARIA MUNICIPAL DE FINANÇAS;06;247316.04;266785.79
02;1721520101;2022;101;Receitas de Impostos e de Transferências de Impostos Vinculados à Educação;2;PREFEITURA MUNICIPAL DE UBERLÂNDIA;Cota-Parte do IPI - Municípios;SECRETARIA MUNICIPAL DE FINANÇAS;06;203751.50;210620.36
02;1721520101;2022;102;Receitas de Impostos e de Transferências de Impostos Vinculados à Saúde;2;PREFEITURA MUNICIPAL DE UBERLÂNDIA;Cota-Parte do IPI - Municípios;SECRETARIA MUNICIPAL DE FINANÇAS;06;343905.19;224661.72
02;1721520101;2022;100;Recursos Não Vinculados de Impostos/ Recursos Ordinários;3;PREFEITURA MUNICIPAL DE UBERLÂNDIA;Cota-Parte do IPI - Municípios;SECRETARIA MUNICIPAL DE FINANÇAS;06;276829.53;260206.33
02;1721520101;2022;101;Receitas de Impostos e de Transferências de Impostos Vinculados à Educação;3;PREFEITURA MUNICIPAL DE UBERLÂNDIA;Cota-Parte do IPI - Municípios;SECRETARIA MUNICIPAL DE FINANÇAS;06;228066.24;205426.05
02;1721520101;2022;102;Receitas de Impostos e de Transferências de Impostos Vinculados à Saúde;3;PREFEITURA MUNICIPAL DE UBERLÂNDIA;Cota-Parte do IPI - Municípios;SECRETARIA MUNICIPAL DE FINANÇAS;06;384945.26;219121.12
02;1721520101;2022;100;Recursos Não Vinculados de Impostos/ Recursos Ordinários;4;PREFEITURA MUNICIPAL DE UBERLÂNDIA;Cota-Parte do IPI - Municípios;SECRETARIA MUNICIPAL DE FINANÇAS;06;391494.98;254902.15
02;1721520101;2022;101;Receitas de Impostos e de Transferências de Impostos Vinculados à Educação;4;PREFEITURA MUNICIPAL DE UBERLÂNDIA;Cota-Parte do IPI - Municípios;SECRETARIA MUNICIPAL DE FINANÇAS;06;231946.74;201238.54
02;1721520101;2022;102;Receitas de Impostos e de Transferências de Impostos Vinculados à Saúde;4;PREFEITURA MUNICIPAL DE UBERLÂNDIA;Cota-Parte do IPI - Municípios;SECRETARIA MUNICIPAL DE FINANÇAS;06;281539.77;214654.44
02;1721520101;2022;100;Recursos Não Vinculados de Impostos/ Recursos Ordinários;5;PREFEITURA MUNICIPAL DE UBERLÂNDIA;Cota-Parte do IPI - Municípios;SECRETARIA MUNICIPAL DE FINANÇAS;06;208122.36;252107.57
02;1721520101;2022;101;Receitas de Impostos e de Transferências de Impostos Vinculados à Educação;5;PREFEITURA MUNICIPAL DE UBERLÂNDIA;Cota-Parte do IPI - Municípios;SECRETARIA MUNICIPAL DE FINANÇAS;06;123305.08;199032.29
02;1721520101;2022;102;Receitas de Impostos e de Transferências de Impostos Vinculados à Saúde;5;PREFEITURA MUNICIPAL DE UBERLÂNDIA;Cota-Parte do IPI - Municípios;SECRETARIA MUNICIPAL DE FINANÇAS;06;149669.12;212301.11
02;1721520101;2022;100;Recursos Não Vinculados de Impostos/ Recursos Ordinários;6;PREFEITURA MUNICIPAL DE UBERLÂNDIA;Cota-Parte do IPI - Municípios;SECRETARIA MUNICIPAL DE FINANÇAS;06;335257.77;250562.93
02;1721520101;2022;101;Receitas de Impostos e de Transferências de Impostos Vinculados à Educação;6;PREFEITURA MUNICIPAL DE UBERLÂNDIA;Cota-Parte do IPI - Municípios;SECRETARIA MUNICIPAL DE FINANÇAS;06;198628.21;197812.84
02;1721520101;2022;102;Receitas de Impostos e de Transferências de Impostos Vinculados à Saúde;6;PREFEITURA MUNICIPAL DE UBERLÂNDIA;Cota-Parte do IPI - Municípios;SECRETARIA MUNICIPAL DE FINANÇAS;06;241097.36;211000.36
02;1721520101;2022;100;Recursos Não Vinculados de Impostos/ Recursos Ordinários;7;PREFEITURA MUNICIPAL DE UBERLÂNDIA;Cota-Parte do IPI - Municípios;SECRETARIA MUNICIPAL DE FINANÇAS;06;345560.39;174224.78
02;1721520101;2022;101;Receitas de Impostos e de Transferências de Impostos Vinculados à Educação;7;PREFEITURA MUNICIPAL DE UBERLÂNDIA;Cota-Parte do IPI - Municípios;SECRETARIA MUNICIPAL DE FINANÇAS;06;204732.20;137545.88
02;1721520101;2022;102;Receitas de Impostos e de Transferências de Impostos Vinculados à Saúde;7;PREFEITURA MUNICIPAL DE UBERLÂNDIA;Cota-Parte do IPI - Municípios;SECRETARIA MUNICIPAL DE FINANÇAS;06;248506.32;146715.60
02;1721520101;2022;100;Recursos Não Vinculados de Impostos/ Recursos Ordinários;8;PREFEITURA MUNICIPAL DE UBERLÂNDIA;Cota-Parte do IPI - Municípios;SECRETARIA MUNICIPAL DE FINANÇAS;06;275248.07;180606.94
02;1721520101;2022;101;Receitas de Impostos e de Transferências de Impostos Vinculados à Educação;8;PREFEITURA MUNICIPAL DE UBERLÂNDIA;Cota-Parte do IPI - Municípios;SECRETARIA MUNICIPAL DE FINANÇAS;06;163074.65;142584.43
02;1721520101;2022;102;Receitas de Impostos e de Transferências de Impostos Vinculados à Saúde;8;PREFEITURA MUNICIPAL DE UBERLÂNDIA;Cota-Parte do IPI - Municípios;SECRETARIA MUNICIPAL DE FINANÇAS;06;197941.91;152090.06
02;1721520101;2022;100;Recursos Não Vinculados de Impostos/ Recursos Ordinários;9;PREFEITURA MUNICIPAL DE UBERLÂNDIA;Cota-Parte do IPI - Municípios;SECRETARIA MUNICIPAL DE FINANÇAS;06;363112.08;207262.04
02;1721520101;2022;101;Receitas de Impostos e de Transferências de Impostos Vinculados à Educação;9;PREFEITURA MUNICIPAL DE UBERLÂNDIA;Cota-Parte do IPI - Municípios;SECRETARIA MUNICIPAL DE FINANÇAS;06;215130.95;163627.92
02;1721520101;2022;102;Receitas de Impostos e de Transferências de Impostos Vinculados à Saúde;9;PREFEITURA MUNICIPAL DE UBERLÂNDIA;Cota-Parte do IPI - Municípios;SECRETARIA MUNICIPAL DE FINANÇAS;06;261128.44;174536.45
02;1721520101;2022;100;Recursos Não Vinculados de Impostos/ Recursos Ordinários;10;PREFEITURA MUNICIPAL DE UBERLÂNDIA;Cota-Parte do IPI - Municípios;SECRETARIA MUNICIPAL DE FINANÇAS;06;370639.39;209506.79
02;1721520101;2022;101;Receitas de Impostos e de Transferências de Impostos Vinculados à Educação;10;PREFEITURA MUNICIPAL DE UBERLÂNDIA;Cota-Parte do IPI - Municípios;SECRETARIA MUNICIPAL DE FINANÇAS;06;219590.59;165400.10
02;1721520101;2022;102;Receitas de Impostos e de Transferências de Impostos Vinculados à Saúde;10;PREFEITURA MUNICIPAL DE UBERLÂNDIA;Cota-Parte do IPI - Municípios;SECRETARIA MUNICIPAL DE FINANÇAS;06;266541.63;176426.77
02;1721520101;2022;100;Recursos Não Vinculados de Impostos/ Recursos Ordinários;11;PREFEITURA MUNICIPAL DE UBERLÂNDIA;Cota-Parte do IPI - Municípios;SECRETARIA MUNICIPAL DE FINANÇAS;06;269517.77;217067.34
02;1721520101;2022;101;Receitas de Impostos e de Transferências de Impostos Vinculados à Educação;11;PREFEITURA MUNICIPAL DE UBERLÂNDIA;Cota-Parte do IPI - Municípios;SECRETARIA MUNICIPAL DE FINANÇAS;06;159679.65;171368.96
02;1721520101;2022;102;Receitas de Impostos e de Transferências de Impostos Vinculados à Saúde;11;PREFEITURA MUNICIPAL DE UBERLÂNDIA;Cota-Parte do IPI - Municípios;SECRETARIA MUNICIPAL DE FINANÇAS;06;193821.02;182793.55
02;1721520101;2022;100;Recursos Não Vinculados de Impostos/ Recursos Ordinários;12;PREFEITURA MUNICIPAL DE UBERLÂNDIA;Cota-Parte do IPI - Municípios;SECRETARIA MUNICIPAL DE FINANÇAS;06;382927.64;246990.76
02;1721520101;2022;101;Receitas de Impostos e de Transferências de Impostos Vinculados à Educação;12;PREFEITURA MUNICIPAL DE UBERLÂNDIA;Cota-Parte do IPI - Municípios;SECRETARIA MUNICIPAL DE FINANÇAS;06;226870.88;194992.70
02;1721520101;2022;102;Receitas de Impostos e de Transferências de Impostos Vinculados à Saúde;12;PREFEITURA MUNICIPAL DE UBERLÂNDIA;Cota-Parte do IPI - Municípios;SECRETARIA MUNICIPAL DE FINANÇAS;06;275378.58;207992.23
02;1721530101;2022;116;Contribuição de Intervenção do Domínio Econômico (CIDE);1;PREFEITURA MUNICIPAL DE UBERLÂNDIA;Cota-Parte da Contrib de Interv no Domínio Econ ;SECRETARIA MUNICIPAL DE TRÂNSITO E TRANSPORTES;15;110307.17;302402.97
02;1721530101;2022;116;Contribuição de Intervenção do Domínio Econômico (CIDE);2;PREFEITURA MUNICIPAL DE UBERLÂNDIA;Cota-Parte da Contrib de Interv no Domínio Econ ;SECRETARIA MUNICIPAL DE TRÂNSITO E TRANSPORTES;15;0.00;0.00
02;1721530101;2022;116;Contribuição de Intervenção do Domínio Econômico (CIDE);3;PREFEITURA MUNICIPAL DE UBERLÂNDIA;Cota-Parte da Contrib de Interv no Domínio Econ ;SECRETARIA MUNICIPAL DE TRÂNSITO E TRANSPORTES;15;0.00;0.00
02;1721530101;2022;116;Contribuição de Intervenção do Domínio Econômico (CIDE);4;PREFEITURA MUNICIPAL DE UBERLÂNDIA;Cota-Parte da Contrib de Interv no Domínio Econ ;SECRETARIA MUNICIPAL DE TRÂNSITO E TRANSPORTES;15;127982.89;272130.99
02;1721530101;2022;116;Contribuição de Intervenção do Domínio Econômico (CIDE);5;PREFEITURA MUNICIPAL DE UBERLÂNDIA;Cota-Parte da Contrib de Interv no Domínio Econ ;SECRETARIA MUNICIPAL DE TRÂNSITO E TRANSPORTES;15;0.00;0.00
02;1721530101;2022;116;Contribuição de Intervenção do Domínio Econômico (CIDE);6;PREFEITURA MUNICIPAL DE UBERLÂNDIA;Cota-Parte da Contrib de Interv no Domínio Econ ;SECRETARIA MUNICIPAL DE TRÂNSITO E TRANSPORTES;15;0.00;0.00
02;1721530101;2022;116;Contribuição de Intervenção do Domínio Econômico (CIDE);7;PREFEITURA MUNICIPAL DE UBERLÂNDIA;Cota-Parte da Contrib de Interv no Domínio Econ ;SECRETARIA MUNICIPAL DE TRÂNSITO E TRANSPORTES;15;104154.38;221596.03
02;1721530101;2022;116;Contribuição de Intervenção do Domínio Econômico (CIDE);8;PREFEITURA MUNICIPAL DE UBERLÂNDIA;Cota-Parte da Contrib de Interv no Domínio Econ ;SECRETARIA MUNICIPAL DE TRÂNSITO E TRANSPORTES;15;0.00;0.00
02;1721530101;2022;116;Contribuição de Intervenção do Domínio Econômico (CIDE);9;PREFEITURA MUNICIPAL DE UBERLÂNDIA;Cota-Parte da Contrib de Interv no Domínio Econ ;SECRETARIA MUNICIPAL DE TRÂNSITO E TRANSPORTES;15;0.00;0.00
02;1721530101;2022;116;Contribuição de Intervenção do Domínio Econômico (CIDE);10;PREFEITURA MUNICIPAL DE UBERLÂNDIA;Cota-Parte da Contrib de Interv no Domínio Econ ;SECRETARIA MUNICIPAL DE TRÂNSITO E TRANSPORTES;15;22770.72;179870.01
02;1721530101;2022;116;Contribuição de Intervenção do Domínio Econômico (CIDE);11;PREFEITURA MUNICIPAL DE UBERLÂNDIA;Cota-Parte da Contrib de Interv no Domínio Econ ;SECRETARIA MUNICIPAL DE TRÂNSITO E TRANSPORTES;15;0.00;0.00
02;1721530101;2022;116;Contribuição de Intervenção do Domínio Econômico (CIDE);12;PREFEITURA MUNICIPAL DE UBERLÂNDIA;Cota-Parte da Contrib de Interv no Domínio Econ ;SECRETARIA MUNICIPAL DE TRÂNSITO E TRANSPORTES;15;0.00;0.00
02;1723500101;2022;155;Transferências de Recursos do Fundo Estadual de Saúde;1;PREFEITURA MUNICIPAL DE UBERLÂNDIA;Transferência SES Atividades Atenção Primária;SECRETARIA MUNICIPAL DE SAÚDE;09;0.00;0.00
02;1723500101;2022;155;Transferências de Recursos do Fundo Estadual de Saúde;2;PREFEITURA MUNICIPAL DE UBERLÂNDIA;Transferência SES Atividades Atenção Primária;SECRETARIA MUNICIPAL DE SAÚDE;09;0.00;0.00
02;1723500101;2022;155;Transferências de Recursos do Fundo Estadual de Saúde;3;PREFEITURA MUNICIPAL DE UBERLÂNDIA;Transferência SES Atividades Atenção Primária;SECRETARIA MUNICIPAL DE SAÚDE;09;0.00;413521.13
02;1723500101;2022;155;Transferências de Recursos do Fundo Estadual de Saúde;4;PREFEITURA MUNICIPAL DE UBERLÂNDIA;Transferência SES Atividades Atenção Primária;SECRETARIA MUNICIPAL DE SAÚDE;09;0.00;0.00
02;1723500101;2022;155;Transferências de Recursos do Fundo Estadual de Saúde;5;PREFEITURA MUNICIPAL DE UBERLÂNDIA;Transferência SES Atividades Atenção Primária;SECRETARIA MUNICIPAL DE SAÚDE;09;487348.35;0.00
02;1723500101;2022;155;Transferências de Recursos do Fundo Estadual de Saúde;6;PREFEITURA MUNICIPAL DE UBERLÂNDIA;Transferência SES Atividades Atenção Primária;SECRETARIA MUNICIPAL DE SAÚDE;09;1036957.77;1542691.27
02;1723500101;2022;155;Transferências de Recursos do Fundo Estadual de Saúde;7;PREFEITURA MUNICIPAL DE UBERLÂNDIA;Transferência SES Atividades Atenção Primária;SECRETARIA MUNICIPAL DE SAÚDE;09;0.00;0.00
02;1723500101;2022;155;Transferências de Recursos do Fundo Estadual de Saúde;8;PREFEITURA MUNICIPAL DE UBERLÂNDIA;Transferência SES Atividades Atenção Primária;SECRETARIA MUNICIPAL DE SAÚDE;09;943906.01;0.00
02;1723500101;2022;155;Transferências de Recursos do Fundo Estadual de Saúde;9;PREFEITURA MUNICIPAL DE UBERLÂNDIA;Transferência SES Atividades Atenção Primária;SECRETARIA MUNICIPAL DE SAÚDE;09;0.00;0.00
02;1723500101;2022;155;Transferências de Recursos do Fundo Estadual de Saúde;10;PREFEITURA MUNICIPAL DE UBERLÂNDIA;Transferência SES Atividades Atenção Primária;SECRETARIA MUNICIPAL DE SAÚDE;09;0.00;1542691.27
02;1723500101;2022;155;Transferências de Recursos do Fundo Estadual de Saúde;11;PREFEITURA MUNICIPAL DE UBERLÂNDIA;Transferência SES Atividades Atenção Primária;SECRETARIA MUNICIPAL DE SAÚDE;09;943906.01;0.00
02;1723500101;2022;155;Transferências de Recursos do Fundo Estadual de Saúde;12;PREFEITURA MUNICIPAL DE UBERLÂNDIA;Transferência SES Atividades Atenção Primária;SECRETARIA MUNICIPAL DE SAÚDE;09;221041.54;1701096.33
02;1723500102;2022;155;Transferências de Recursos do Fundo Estadual de Saúde;1;PREFEITURA MUNICIPAL DE UBERLÂNDIA;TC 69/11 Triagem Auditiva Neonatal;SECRETARIA MUNICIPAL DE SAÚDE;09;0.00;0.00
02;1723500102;2022;155;Transferências de Recursos do Fundo Estadual de Saúde;2;PREFEITURA MUNICIPAL DE UBERLÂNDIA;TC 69/11 Triagem Auditiva Neonatal;SECRETARIA MUNICIPAL DE SAÚDE;09;0.00;0.00
02;1723500102;2022;155;Transferências de Recursos do Fundo Estadual de Saúde;3;PREFEITURA MUNICIPAL DE UBERLÂNDIA;TC 69/11 Triagem Auditiva Neonatal;SECRETARIA MUNICIPAL DE SAÚDE;09;0.00;23172.02
02;1723500102;2022;155;Transferências de Recursos do Fundo Estadual de Saúde;4;PREFEITURA MUNICIPAL DE UBERLÂNDIA;TC 69/11 Triagem Auditiva Neonatal;SECRETARIA MUNICIPAL DE SAÚDE;09;0.00;0.00
02;1723500102;2022;155;Transferências de Recursos do Fundo Estadual de Saúde;5;PREFEITURA MUNICIPAL DE UBERLÂNDIA;TC 69/11 Triagem Auditiva Neonatal;SECRETARIA MUNICIPAL DE SAÚDE;09;0.00;0.00
02;1723500102;2022;155;Transferências de Recursos do Fundo Estadual de Saúde;6;PREFEITURA MUNICIPAL DE UBERLÂNDIA;TC 69/11 Triagem Auditiva Neonatal;SECRETARIA MUNICIPAL DE SAÚDE;09;0.00;0.00
02;1723500102;2022;155;Transferências de Recursos do Fundo Estadual de Saúde;7;PREFEITURA MUNICIPAL DE UBERLÂNDIA;TC 69/11 Triagem Auditiva Neonatal;SECRETARIA MUNICIPAL DE SAÚDE;09;0.00;169727.45
02;1723500102;2022;155;Transferências de Recursos do Fundo Estadual de Saúde;8;PREFEITURA MUNICIPAL DE UBERLÂNDIA;TC 69/11 Triagem Auditiva Neonatal;SECRETARIA MUNICIPAL DE SAÚDE;09;0.00;34100.53
02;1723500102;2022;155;Transferências de Recursos do Fundo Estadual de Saúde;9;PREFEITURA MUNICIPAL DE UBERLÂNDIA;TC 69/11 Triagem Auditiva Neonatal;SECRETARIA MUNICIPAL DE SAÚDE;09;0.00;0.00
02;1723500102;2022;155;Transferências de Recursos do Fundo Estadual de Saúde;10;PREFEITURA MUNICIPAL DE UBERLÂNDIA;TC 69/11 Triagem Auditiva Neonatal;SECRETARIA MUNICIPAL DE SAÚDE;09;0.00;0.00
02;1723500102;2022;155;Transferências de Recursos do Fundo Estadual de Saúde;11;PREFEITURA MUNICIPAL DE UBERLÂNDIA;TC 69/11 Triagem Auditiva Neonatal;SECRETARIA MUNICIPAL DE SAÚDE;09;0.00;0.00
02;1723500102;2022;155;Transferências de Recursos do Fundo Estadual de Saúde;12;PREFEITURA MUNICIPAL DE UBERLÂNDIA;TC 69/11 Triagem Auditiva Neonatal;SECRETARIA MUNICIPAL DE SAÚDE;09;0.00;0.00
02;1723500103;2022;155;Transferências de Recursos do Fundo Estadual de Saúde;1;PREFEITURA MUNICIPAL DE UBERLÂNDIA;TC 820/3773 SES Custeio Hospital Municipal;SECRETARIA MUNICIPAL DE SAÚDE;09;0.00;625867.95
02;1723500103;2022;155;Transferências de Recursos do Fundo Estadual de Saúde;2;PREFEITURA MUNICIPAL DE UBERLÂNDIA;TC 820/3773 SES Custeio Hospital Municipal;SECRETARIA MUNICIPAL DE SAÚDE;09;0.00;1481709.58
02;1723500103;2022;155;Transferências de Recursos do Fundo Estadual de Saúde;3;PREFEITURA MUNICIPAL DE UBERLÂNDIA;TC 820/3773 SES Custeio Hospital Municipal;SECRETARIA MUNICIPAL DE SAÚDE;09;0.00;2978853.62
02;1723500103;2022;155;Transferências de Recursos do Fundo Estadual de Saúde;4;PREFEITURA MUNICIPAL DE UBERLÂNDIA;TC 820/3773 SES Custeio Hospital Municipal;SECRETARIA MUNICIPAL DE SAÚDE;09;0.00;3763182.20
02;1723500103;2022;155;Transferências de Recursos do Fundo Estadual de Saúde;5;PREFEITURA MUNICIPAL DE UBERLÂNDIA;TC 820/3773 SES Custeio Hospital Municipal;SECRETARIA MUNICIPAL DE SAÚDE;09;0.00;2523022.15
02;1723500103;2022;155;Transferências de Recursos do Fundo Estadual de Saúde;6;PREFEITURA MUNICIPAL DE UBERLÂNDIA;TC 820/3773 SES Custeio Hospital Municipal;SECRETARIA MUNICIPAL DE SAÚDE;09;0.00;4706691.64
02;1723500103;2022;155;Transferências de Recursos do Fundo Estadual de Saúde;7;PREFEITURA MUNICIPAL DE UBERLÂNDIA;TC 820/3773 SES Custeio Hospital Municipal;SECRETARIA MUNICIPAL DE SAÚDE;09;0.00;2526109.04
02;1723500103;2022;155;Transferências de Recursos do Fundo Estadual de Saúde;8;PREFEITURA MUNICIPAL DE UBERLÂNDIA;TC 820/3773 SES Custeio Hospital Municipal;SECRETARIA MUNICIPAL DE SAÚDE;09;0.00;1028964.99
02;1723500103;2022;155;Transferências de Recursos do Fundo Estadual de Saúde;9;PREFEITURA MUNICIPAL DE UBERLÂNDIA;TC 820/3773 SES Custeio Hospital Municipal;SECRETARIA MUNICIPAL DE SAÚDE;09;0.00;9447115.77
02;1723500103;2022;155;Transferências de Recursos do Fundo Estadual de Saúde;10;PREFEITURA MUNICIPAL DE UBERLÂNDIA;TC 820/3773 SES Custeio Hospital Municipal;SECRETARIA MUNICIPAL DE SAÚDE;09;0.00;1696506.02
02;1723500103;2022;155;Transferências de Recursos do Fundo Estadual de Saúde;11;PREFEITURA MUNICIPAL DE UBERLÂNDIA;TC 820/3773 SES Custeio Hospital Municipal;SECRETARIA MUNICIPAL DE SAÚDE;09;0.00;1696506.02
02;1723500103;2022;155;Transferências de Recursos do Fundo Estadual de Saúde;12;PREFEITURA MUNICIPAL DE UBERLÂNDIA;TC 820/3773 SES Custeio Hospital Municipal;SECRETARIA MUNICIPAL DE SAÚDE;09;0.00;2725471.02
02;1723500104;2022;155;Transferências de Recursos do Fundo Estadual de Saúde;1;PREFEITURA MUNICIPAL DE UBERLÂNDIA;TC 5234/SES Qualificação Equipe Regulação;SECRETARIA MUNICIPAL DE SAÚDE;09;0.00;19166.67
02;1723500104;2022;155;Transferências de Recursos do Fundo Estadual de Saúde;2;PREFEITURA MUNICIPAL DE UBERLÂNDIA;TC 5234/SES Qualificação Equipe Regulação;SECRETARIA MUNICIPAL DE SAÚDE;09;0.00;19166.67
02;1723500104;2022;155;Transferências de Recursos do Fundo Estadual de Saúde;3;PREFEITURA MUNICIPAL DE UBERLÂNDIA;TC 5234/SES Qualificação Equipe Regulação;SECRETARIA MUNICIPAL DE SAÚDE;09;0.00;19166.67
02;1723500104;2022;155;Transferências de Recursos do Fundo Estadual de Saúde;4;PREFEITURA MUNICIPAL DE UBERLÂNDIA;TC 5234/SES Qualificação Equipe Regulação;SECRETARIA MUNICIPAL DE SAÚDE;09;0.00;19166.67
02;1723500104;2022;155;Transferências de Recursos do Fundo Estadual de Saúde;5;PREFEITURA MUNICIPAL DE UBERLÂNDIA;TC 5234/SES Qualificação Equipe Regulação;SECRETARIA MUNICIPAL DE SAÚDE;09;0.00;19166.67
02;1723500104;2022;155;Transferências de Recursos do Fundo Estadual de Saúde;6;PREFEITURA MUNICIPAL DE UBERLÂNDIA;TC 5234/SES Qualificação Equipe Regulação;SECRETARIA MUNICIPAL DE SAÚDE;09;0.00;19166.67
02;1723500104;2022;155;Transferências de Recursos do Fundo Estadual de Saúde;7;PREFEITURA MUNICIPAL DE UBERLÂNDIA;TC 5234/SES Qualificação Equipe Regulação;SECRETARIA MUNICIPAL DE SAÚDE;09;0.00;19166.67
02;1723500104;2022;155;Transferências de Recursos do Fundo Estadual de Saúde;8;PREFEITURA MUNICIPAL DE UBERLÂNDIA;TC 5234/SES Qualificação Equipe Regulação;SECRETARIA MUNICIPAL DE SAÚDE;09;0.00;19166.67
02;1723500104;2022;155;Transferências de Recursos do Fundo Estadual de Saúde;9;PREFEITURA MUNICIPAL DE UBERLÂNDIA;TC 5234/SES Qualificação Equipe Regulação;SECRETARIA MUNICIPAL DE SAÚDE;09;0.00;19166.67
02;1723500104;2022;155;Transferências de Recursos do Fundo Estadual de Saúde;10;PREFEITURA MUNICIPAL DE UBERLÂNDIA;TC 5234/SES Qualificação Equipe Regulação;SECRETARIA MUNICIPAL DE SAÚDE;09;0.00;19166.67
02;1723500104;2022;155;Transferências de Recursos do Fundo Estadual de Saúde;11;PREFEITURA MUNICIPAL DE UBERLÂNDIA;TC 5234/SES Qualificação Equipe Regulação;SECRETARIA MUNICIPAL DE SAÚDE;09;0.00;19166.67
02;1723500104;2022;155;Transferências de Recursos do Fundo Estadual de Saúde;12;PREFEITURA MUNICIPAL DE UBERLÂNDIA;TC 5234/SES Qualificação Equipe Regulação;SECRETARIA MUNICIPAL DE SAÚDE;09;0.00;19166.63
02;1723500105;2022;155;Transferências de Recursos do Fundo Estadual de Saúde;1;PREFEITURA MUNICIPAL DE UBERLÂNDIA;Transf SES 4383/14 Açoes Serviço de Verif de Óbito;SECRETARIA MUNICIPAL DE SAÚDE;09;0.00;11250.00
02;1723500105;2022;155;Transferências de Recursos do Fundo Estadual de Saúde;2;PREFEITURA MUNICIPAL DE UBERLÂNDIA;Transf SES 4383/14 Açoes Serviço de Verif de Óbito;SECRETARIA MUNICIPAL DE SAÚDE;09;0.00;11250.00
02;1723500105;2022;155;Transferências de Recursos do Fundo Estadual de Saúde;3;PREFEITURA MUNICIPAL DE UBERLÂNDIA;Transf SES 4383/14 Açoes Serviço de Verif de Óbito;SECRETARIA MUNICIPAL DE SAÚDE;09;0.00;11250.00
02;1723500105;2022;155;Transferências de Recursos do Fundo Estadual de Saúde;4;PREFEITURA MUNICIPAL DE UBERLÂNDIA;Transf SES 4383/14 Açoes Serviço de Verif de Óbito;SECRETARIA MUNICIPAL DE SAÚDE;09;0.00;11250.00
02;1723500105;2022;155;Transferências de Recursos do Fundo Estadual de Saúde;5;PREFEITURA MUNICIPAL DE UBERLÂNDIA;Transf SES 4383/14 Açoes Serviço de Verif de Óbito;SECRETARIA MUNICIPAL DE SAÚDE;09;0.00;11250.00
02;1723500105;2022;155;Transferências de Recursos do Fundo Estadual de Saúde;6;PREFEITURA MUNICIPAL DE UBERLÂNDIA;Transf SES 4383/14 Açoes Serviço de Verif de Óbito;SECRETARIA MUNICIPAL DE SAÚDE;09;0.00;11250.00
02;1723500105;2022;155;Transferências de Recursos do Fundo Estadual de Saúde;7;PREFEITURA MUNICIPAL DE UBERLÂNDIA;Transf SES 4383/14 Açoes Serviço de Verif de Óbito;SECRETARIA MUNICIPAL DE SAÚDE;09;0.00;11250.00
02;1723500105;2022;155;Transferências de Recursos do Fundo Estadual de Saúde;8;PREFEITURA MUNICIPAL DE UBERLÂNDIA;Transf SES 4383/14 Açoes Serviço de Verif de Óbito;SECRETARIA MUNICIPAL DE SAÚDE;09;0.00;11250.00
02;1723500105;2022;155;Transferências de Recursos do Fundo Estadual de Saúde;9;PREFEITURA MUNICIPAL DE UBERLÂNDIA;Transf SES 4383/14 Açoes Serviço de Verif de Óbito;SECRETARIA MUNICIPAL DE SAÚDE;09;0.00;11250.00
02;1723500105;2022;155;Transferências de Recursos do Fundo Estadual de Saúde;10;PREFEITURA MUNICIPAL DE UBERLÂNDIA;Transf SES 4383/14 Açoes Serviço de Verif de Óbito;SECRETARIA MUNICIPAL DE SAÚDE;09;0.00;11250.00
02;1723500105;2022;155;Transferências de Recursos do Fundo Estadual de Saúde;11;PREFEITURA MUNICIPAL DE UBERLÂNDIA;Transf SES 4383/14 Açoes Serviço de Verif de Óbito;SECRETARIA MUNICIPAL DE SAÚDE;09;0.00;11250.00
02;1723500105;2022;155;Transferências de Recursos do Fundo Estadual de Saúde;12;PREFEITURA MUNICIPAL DE UBERLÂNDIA;Transf SES 4383/14 Açoes Serviço de Verif de Óbito;SECRETARIA MUNICIPAL DE SAÚDE;09;0.00;11250.00
02;1723500106;2022;155;Transferências de Recursos do Fundo Estadual de Saúde;1;PREFEITURA MUNICIPAL DE UBERLÂNDIA;Transf SES Programa Fortalecimento Vigilância;SECRETARIA MUNICIPAL DE SAÚDE;09;0.00;0.00
02;1723500106;2022;155;Transferências de Recursos do Fundo Estadual de Saúde;2;PREFEITURA MUNICIPAL DE UBERLÂNDIA;Transf SES Programa Fortalecimento Vigilância;SECRETARIA MUNICIPAL DE SAÚDE;09;0.00;0.00
02;1723500106;2022;155;Transferências de Recursos do Fundo Estadual de Saúde;3;PREFEITURA MUNICIPAL DE UBERLÂNDIA;Transf SES Programa Fortalecimento Vigilância;SECRETARIA MUNICIPAL DE SAÚDE;09;0.00;0.00
02;1723500106;2022;155;Transferências de Recursos do Fundo Estadual de Saúde;4;PREFEITURA MUNICIPAL DE UBERLÂNDIA;Transf SES Programa Fortalecimento Vigilância;SECRETARIA MUNICIPAL DE SAÚDE;09;0.00;0.00
02;1723500106;2022;155;Transferências de Recursos do Fundo Estadual de Saúde;5;PREFEITURA MUNICIPAL DE UBERLÂNDIA;Transf SES Programa Fortalecimento Vigilância;SECRETARIA MUNICIPAL DE SAÚDE;09;0.00;226272.58
02;1723500106;2022;155;Transferências de Recursos do Fundo Estadual de Saúde;6;PREFEITURA MUNICIPAL DE UBERLÂNDIA;Transf SES Programa Fortalecimento Vigilância;SECRETARIA MUNICIPAL DE SAÚDE;09;0.00;0.00
02;1723500106;2022;155;Transferências de Recursos do Fundo Estadual de Saúde;7;PREFEITURA MUNICIPAL DE UBERLÂNDIA;Transf SES Programa Fortalecimento Vigilância;SECRETARIA MUNICIPAL DE SAÚDE;09;0.00;199940.47
02;1723500106;2022;155;Transferências de Recursos do Fundo Estadual de Saúde;8;PREFEITURA MUNICIPAL DE UBERLÂNDIA;Transf SES Programa Fortalecimento Vigilância;SECRETARIA MUNICIPAL DE SAÚDE;09;0.00;0.00
02;1723500106;2022;155;Transferências de Recursos do Fundo Estadual de Saúde;9;PREFEITURA MUNICIPAL DE UBERLÂNDIA;Transf SES Programa Fortalecimento Vigilância;SECRETARIA MUNICIPAL DE SAÚDE;09;0.00;0.00
02;1723500106;2022;155;Transferências de Recursos do Fundo Estadual de Saúde;10;PREFEITURA MUNICIPAL DE UBERLÂNDIA;Transf SES Programa Fortalecimento Vigilância;SECRETARIA MUNICIPAL DE SAÚDE;09;0.00;0.00
02;1723500106;2022;155;Transferências de Recursos do Fundo Estadual de Saúde;11;PREFEITURA MUNICIPAL DE UBERLÂNDIA;Transf SES Programa Fortalecimento Vigilância;SECRETARIA MUNICIPAL DE SAÚDE;09;0.00;201131.18
02;1723500106;2022;155;Transferências de Recursos do Fundo Estadual de Saúde;12;PREFEITURA MUNICIPAL DE UBERLÂNDIA;Transf SES Programa Fortalecimento Vigilância;SECRETARIA MUNICIPAL DE SAÚDE;09;0.00;1872655.77
02;1723500107;2022;155;Transferências de Recursos do Fundo Estadual de Saúde;1;PREFEITURA MUNICIPAL DE UBERLÂNDIA;Transf SES Serv de Assitencia Odontol CEO;SECRETARIA MUNICIPAL DE SAÚDE;09;0.00;5833.33
02;1723500107;2022;155;Transferências de Recursos do Fundo Estadual de Saúde;2;PREFEITURA MUNICIPAL DE UBERLÂNDIA;Transf SES Serv de Assitencia Odontol CEO;SECRETARIA MUNICIPAL DE SAÚDE;09;0.00;5833.33
02;1723500107;2022;155;Transferências de Recursos do Fundo Estadual de Saúde;3;PREFEITURA MUNICIPAL DE UBERLÂNDIA;Transf SES Serv de Assitencia Odontol CEO;SECRETARIA MUNICIPAL DE SAÚDE;09;0.00;5833.33
02;1723500107;2022;155;Transferências de Recursos do Fundo Estadual de Saúde;4;PREFEITURA MUNICIPAL DE UBERLÂNDIA;Transf SES Serv de Assitencia Odontol CEO;SECRETARIA MUNICIPAL DE SAÚDE;09;0.00;5833.33
02;1723500107;2022;155;Transferências de Recursos do Fundo Estadual de Saúde;5;PREFEITURA MUNICIPAL DE UBERLÂNDIA;Transf SES Serv de Assitencia Odontol CEO;SECRETARIA MUNICIPAL DE SAÚDE;09;0.00;5833.33
02;1723500107;2022;155;Transferências de Recursos do Fundo Estadual de Saúde;6;PREFEITURA MUNICIPAL DE UBERLÂNDIA;Transf SES Serv de Assitencia Odontol CEO;SECRETARIA MUNICIPAL DE SAÚDE;09;345128.48;5833.33
02;1723500107;2022;155;Transferências de Recursos do Fundo Estadual de Saúde;7;PREFEITURA MUNICIPAL DE UBERLÂNDIA;Transf SES Serv de Assitencia Odontol CEO;SECRETARIA MUNICIPAL DE SAÚDE;09;49943.73;5833.33
02;1723500107;2022;155;Transferências de Recursos do Fundo Estadual de Saúde;8;PREFEITURA MUNICIPAL DE UBERLÂNDIA;Transf SES Serv de Assitencia Odontol CEO;SECRETARIA MUNICIPAL DE SAÚDE;09;0.00;5833.33
02;1723500107;2022;155;Transferências de Recursos do Fundo Estadual de Saúde;9;PREFEITURA MUNICIPAL DE UBERLÂNDIA;Transf SES Serv de Assitencia Odontol CEO;SECRETARIA MUNICIPAL DE SAÚDE;09;0.00;5833.33
02;1723500107;2022;155;Transferências de Recursos do Fundo Estadual de Saúde;10;PREFEITURA MUNICIPAL DE UBERLÂNDIA;Transf SES Serv de Assitencia Odontol CEO;SECRETARIA MUNICIPAL DE SAÚDE;09;46686.52;5833.33
02;1723500107;2022;155;Transferências de Recursos do Fundo Estadual de Saúde;11;PREFEITURA MUNICIPAL DE UBERLÂNDIA;Transf SES Serv de Assitencia Odontol CEO;SECRETARIA MUNICIPAL DE SAÚDE;09;0.00;5833.33
02;1723500107;2022;155;Transferências de Recursos do Fundo Estadual de Saúde;12;PREFEITURA MUNICIPAL DE UBERLÂNDIA;Transf SES Serv de Assitencia Odontol CEO;SECRETARIA MUNICIPAL DE SAÚDE;09;591868.71;5833.37
02;1723500108;2022;155;Transferências de Recursos do Fundo Estadual de Saúde;1;PREFEITURA MUNICIPAL DE UBERLÂNDIA;TC SES 820/4203 Conf Saúde do Trabalhador;SECRETARIA MUNICIPAL DE SAÚDE;09;0.00;5833.33
02;1723500108;2022;155;Transferências de Recursos do Fundo Estadual de Saúde;2;PREFEITURA MUNICIPAL DE UBERLÂNDIA;TC SES 820/4203 Conf Saúde do Trabalhador;SECRETARIA MUNICIPAL DE SAÚDE;09;0.00;5833.33
02;1723500108;2022;155;Transferências de Recursos do Fundo Estadual de Saúde;3;PREFEITURA MUNICIPAL DE UBERLÂNDIA;TC SES 820/4203 Conf Saúde do Trabalhador;SECRETARIA MUNICIPAL DE SAÚDE;09;0.00;5833.33
02;1723500108;2022;155;Transferências de Recursos do Fundo Estadual de Saúde;4;PREFEITURA MUNICIPAL DE UBERLÂNDIA;TC SES 820/4203 Conf Saúde do Trabalhador;SECRETARIA MUNICIPAL DE SAÚDE;09;0.00;5833.33
02;1723500108;2022;155;Transferências de Recursos do Fundo Estadual de Saúde;5;PREFEITURA MUNICIPAL DE UBERLÂNDIA;TC SES 820/4203 Conf Saúde do Trabalhador;SECRETARIA MUNICIPAL DE SAÚDE;09;0.00;5833.33
02;1723500108;2022;155;Transferências de Recursos do Fundo Estadual de Saúde;6;PREFEITURA MUNICIPAL DE UBERLÂNDIA;TC SES 820/4203 Conf Saúde do Trabalhador;SECRETARIA MUNICIPAL DE SAÚDE;09;0.00;5833.33
02;1723500108;2022;155;Transferências de Recursos do Fundo Estadual de Saúde;7;PREFEITURA MUNICIPAL DE UBERLÂNDIA;TC SES 820/4203 Conf Saúde do Trabalhador;SECRETARIA MUNICIPAL DE SAÚDE;09;0.00;5833.33
02;1723500108;2022;155;Transferências de Recursos do Fundo Estadual de Saúde;8;PREFEITURA MUNICIPAL DE UBERLÂNDIA;TC SES 820/4203 Conf Saúde do Trabalhador;SECRETARIA MUNICIPAL DE SAÚDE;09;0.00;5833.33
02;1723500108;2022;155;Transferências de Recursos do Fundo Estadual de Saúde;9;PREFEITURA MUNICIPAL DE UBERLÂNDIA;TC SES 820/4203 Conf Saúde do Trabalhador;SECRETARIA MUNICIPAL DE SAÚDE;09;0.00;5833.33
02;1723500108;2022;155;Transferências de Recursos do Fundo Estadual de Saúde;10;PREFEITURA MUNICIPAL DE UBERLÂNDIA;TC SES 820/4203 Conf Saúde do Trabalhador;SECRETARIA MUNICIPAL DE SAÚDE;09;0.00;5833.33
02;1723500108;2022;155;Transferências de Recursos do Fundo Estadual de Saúde;11;PREFEITURA MUNICIPAL DE UBERLÂNDIA;TC SES 820/4203 Conf Saúde do Trabalhador;SECRETARIA MUNICIPAL DE SAÚDE;09;0.00;5833.33
02;1723500108;2022;155;Transferências de Recursos do Fundo Estadual de Saúde;12;PREFEITURA MUNICIPAL DE UBERLÂNDIA;TC SES 820/4203 Conf Saúde do Trabalhador;SECRETARIA MUNICIPAL DE SAÚDE;09;0.00;5833.37
02;1723500109;2022;155;Transferências de Recursos do Fundo Estadual de Saúde;1;PREFEITURA MUNICIPAL DE UBERLÂNDIA;Transf SES Res 3823/13 Serv de Assist Odontol;SECRETARIA MUNICIPAL DE SAÚDE;09;0.00;8333.33
02;1723500109;2022;155;Transferências de Recursos do Fundo Estadual de Saúde;2;PREFEITURA MUNICIPAL DE UBERLÂNDIA;Transf SES Res 3823/13 Serv de Assist Odontol;SECRETARIA MUNICIPAL DE SAÚDE;09;0.00;8333.33
02;1723500109;2022;155;Transferências de Recursos do Fundo Estadual de Saúde;3;PREFEITURA MUNICIPAL DE UBERLÂNDIA;Transf SES Res 3823/13 Serv de Assist Odontol;SECRETARIA MUNICIPAL DE SAÚDE;09;0.00;8333.33
02;1723500109;2022;155;Transferências de Recursos do Fundo Estadual de Saúde;4;PREFEITURA MUNICIPAL DE UBERLÂNDIA;Transf SES Res 3823/13 Serv de Assist Odontol;SECRETARIA MUNICIPAL DE SAÚDE;09;0.00;8333.33
02;1723500109;2022;155;Transferências de Recursos do Fundo Estadual de Saúde;5;PREFEITURA MUNICIPAL DE UBERLÂNDIA;Transf SES Res 3823/13 Serv de Assist Odontol;SECRETARIA MUNICIPAL DE SAÚDE;09;0.00;8333.33
02;1723500109;2022;155;Transferências de Recursos do Fundo Estadual de Saúde;6;PREFEITURA MUNICIPAL DE UBERLÂNDIA;Transf SES Res 3823/13 Serv de Assist Odontol;SECRETARIA MUNICIPAL DE SAÚDE;09;0.00;8333.33
02;1723500109;2022;155;Transferências de Recursos do Fundo Estadual de Saúde;7;PREFEITURA MUNICIPAL DE UBERLÂNDIA;Transf SES Res 3823/13 Serv de Assist Odontol;SECRETARIA MUNICIPAL DE SAÚDE;09;0.00;8333.33
02;1723500109;2022;155;Transferências de Recursos do Fundo Estadual de Saúde;8;PREFEITURA MUNICIPAL DE UBERLÂNDIA;Transf SES Res 3823/13 Serv de Assist Odontol;SECRETARIA MUNICIPAL DE SAÚDE;09;0.00;8333.33
02;1723500109;2022;155;Transferências de Recursos do Fundo Estadual de Saúde;9;PREFEITURA MUNICIPAL DE UBERLÂNDIA;Transf SES Res 3823/13 Serv de Assist Odontol;SECRETARIA MUNICIPAL DE SAÚDE;09;0.00;8333.33
02;1723500109;2022;155;Transferências de Recursos do Fundo Estadual de Saúde;10;PREFEITURA MUNICIPAL DE UBERLÂNDIA;Transf SES Res 3823/13 Serv de Assist Odontol;SECRETARIA MUNICIPAL DE SAÚDE;09;0.00;8333.33
02;1723500109;2022;155;Transferências de Recursos do Fundo Estadual de Saúde;11;PREFEITURA MUNICIPAL DE UBERLÂNDIA;Transf SES Res 3823/13 Serv de Assist Odontol;SECRETARIA MUNICIPAL DE SAÚDE;09;0.00;8333.33
02;1723500109;2022;155;Transferências de Recursos do Fundo Estadual de Saúde;12;PREFEITURA MUNICIPAL DE UBERLÂNDIA;Transf SES Res 3823/13 Serv de Assist Odontol;SECRETARIA MUNICIPAL DE SAÚDE;09;0.00;8333.37
02;1723500110;2022;155;Transferências de Recursos do Fundo Estadual de Saúde;1;PREFEITURA MUNICIPAL DE UBERLÂNDIA;Transf SES Res 4138/14 Vigilancia Contr da Dengue;SECRETARIA MUNICIPAL DE SAÚDE;09;0.00;33333.33
02;1723500110;2022;155;Transferências de Recursos do Fundo Estadual de Saúde;2;PREFEITURA MUNICIPAL DE UBERLÂNDIA;Transf SES Res 4138/14 Vigilancia Contr da Dengue;SECRETARIA MUNICIPAL DE SAÚDE;09;0.00;33333.33
02;1723500110;2022;155;Transferências de Recursos do Fundo Estadual de Saúde;3;PREFEITURA MUNICIPAL DE UBERLÂNDIA;Transf SES Res 4138/14 Vigilancia Contr da Dengue;SECRETARIA MUNICIPAL DE SAÚDE;09;0.00;33333.33
02;1723500110;2022;155;Transferências de Recursos do Fundo Estadual de Saúde;4;PREFEITURA MUNICIPAL DE UBERLÂNDIA;Transf SES Res 4138/14 Vigilancia Contr da Dengue;SECRETARIA MUNICIPAL DE SAÚDE;09;0.00;33333.33
02;1723500110;2022;155;Transferências de Recursos do Fundo Estadual de Saúde;5;PREFEITURA MUNICIPAL DE UBERLÂNDIA;Transf SES Res 4138/14 Vigilancia Contr da Dengue;SECRETARIA MUNICIPAL DE SAÚDE;09;0.00;33333.33
02;1723500110;2022;155;Transferências de Recursos do Fundo Estadual de Saúde;6;PREFEITURA MUNICIPAL DE UBERLÂNDIA;Transf SES Res 4138/14 Vigilancia Contr da Dengue;SECRETARIA MUNICIPAL DE SAÚDE;09;0.00;33333.33
02;1723500110;2022;155;Transferências de Recursos do Fundo Estadual de Saúde;7;PREFEITURA MUNICIPAL DE UBERLÂNDIA;Transf SES Res 4138/14 Vigilancia Contr da Dengue;SECRETARIA MUNICIPAL DE SAÚDE;09;0.00;33333.33
02;1723500110;2022;155;Transferências de Recursos do Fundo Estadual de Saúde;8;PREFEITURA MUNICIPAL DE UBERLÂNDIA;Transf SES Res 4138/14 Vigilancia Contr da Dengue;SECRETARIA MUNICIPAL DE SAÚDE;09;0.00;33333.33
02;1723500110;2022;155;Transferências de Recursos do Fundo Estadual de Saúde;9;PREFEITURA MUNICIPAL DE UBERLÂNDIA;Transf SES Res 4138/14 Vigilancia Contr da Dengue;SECRETARIA MUNICIPAL DE SAÚDE;09;0.00;33333.33
02;1723500110;2022;155;Transferências de Recursos do Fundo Estadual de Saúde;10;PREFEITURA MUNICIPAL DE UBERLÂNDIA;Transf SES Res 4138/14 Vigilancia Contr da Dengue;SECRETARIA MUNICIPAL DE SAÚDE;09;0.00;33333.33
02;1723500110;2022;155;Transferências de Recursos do Fundo Estadual de Saúde;11;PREFEITURA MUNICIPAL DE UBERLÂNDIA;Transf SES Res 4138/14 Vigilancia Contr da Dengue;SECRETARIA MUNICIPAL DE SAÚDE;09;0.00;33333.33
02;1723500110;2022;155;Transferências de Recursos do Fundo Estadual de Saúde;12;PREFEITURA MUNICIPAL DE UBERLÂNDIA;Transf SES Res 4138/14 Vigilancia Contr da Dengue;SECRETARIA MUNICIPAL DE SAÚDE;09;0.00;33333.37
02;1723500111;2022;155;Transferências de Recursos do Fundo Estadual de Saúde;1;PREFEITURA MUNICIPAL DE UBERLÂNDIA;Transf SES Resolução 820/16 Implantação Ouvidoria;SECRETARIA MUNICIPAL DE SAÚDE;09;0.00;4166.67
02;1723500111;2022;155;Transferências de Recursos do Fundo Estadual de Saúde;2;PREFEITURA MUNICIPAL DE UBERLÂNDIA;Transf SES Resolução 820/16 Implantação Ouvidoria;SECRETARIA MUNICIPAL DE SAÚDE;09;0.00;4166.67
02;1723500111;2022;155;Transferências de Recursos do Fundo Estadual de Saúde;3;PREFEITURA MUNICIPAL DE UBERLÂNDIA;Transf SES Resolução 820/16 Implantação Ouvidoria;SECRETARIA MUNICIPAL DE SAÚDE;09;0.00;4166.67
02;1723500111;2022;155;Transferências de Recursos do Fundo Estadual de Saúde;4;PREFEITURA MUNICIPAL DE UBERLÂNDIA;Transf SES Resolução 820/16 Implantação Ouvidoria;SECRETARIA MUNICIPAL DE SAÚDE;09;0.00;4166.67
02;1723500111;2022;155;Transferências de Recursos do Fundo Estadual de Saúde;5;PREFEITURA MUNICIPAL DE UBERLÂNDIA;Transf SES Resolução 820/16 Implantação Ouvidoria;SECRETARIA MUNICIPAL DE SAÚDE;09;0.00;4166.67
02;1723500111;2022;155;Transferências de Recursos do Fundo Estadual de Saúde;6;PREFEITURA MUNICIPAL DE UBERLÂNDIA;Transf SES Resolução 820/16 Implantação Ouvidoria;SECRETARIA MUNICIPAL DE SAÚDE;09;0.00;4166.67
02;1723500111;2022;155;Transferências de Recursos do Fundo Estadual de Saúde;7;PREFEITURA MUNICIPAL DE UBERLÂNDIA;Transf SES Resolução 820/16 Implantação Ouvidoria;SECRETARIA MUNICIPAL DE SAÚDE;09;0.00;4166.67
02;1723500111;2022;155;Transferências de Recursos do Fundo Estadual de Saúde;8;PREFEITURA MUNICIPAL DE UBERLÂNDIA;Transf SES Resolução 820/16 Implantação Ouvidoria;SECRETARIA MUNICIPAL DE SAÚDE;09;0.00;4166.67
02;1723500111;2022;155;Transferências de Recursos do Fundo Estadual de Saúde;9;PREFEITURA MUNICIPAL DE UBERLÂNDIA;Transf SES Resolução 820/16 Implantação Ouvidoria;SECRETARIA MUNICIPAL DE SAÚDE;09;0.00;4166.67
02;1723500111;2022;155;Transferências de Recursos do Fundo Estadual de Saúde;10;PREFEITURA MUNICIPAL DE UBERLÂNDIA;Transf SES Resolução 820/16 Implantação Ouvidoria;SECRETARIA MUNICIPAL DE SAÚDE;09;0.00;4166.67
02;1723500111;2022;155;Transferências de Recursos do Fundo Estadual de Saúde;11;PREFEITURA MUNICIPAL DE UBERLÂNDIA;Transf SES Resolução 820/16 Implantação Ouvidoria;SECRETARIA MUNICIPAL DE SAÚDE;09;0.00;4166.67
02;1723500111;2022;155;Transferências de Recursos do Fundo Estadual de Saúde;12;PREFEITURA MUNICIPAL DE UBERLÂNDIA;Transf SES Resolução 820/16 Implantação Ouvidoria;SECRETARIA MUNICIPAL DE SAÚDE;09;0.00;4166.63
02;1723500112;2022;155;Transferências de Recursos do Fundo Estadual de Saúde;1;PREFEITURA MUNICIPAL DE UBERLÂNDIA;Transf SES 820/4360 Desenv Ações Contr Social - SU;SECRETARIA MUNICIPAL DE SAÚDE;09;0.00;0.00
02;1723500112;2022;155;Transferências de Recursos do Fundo Estadual de Saúde;2;PREFEITURA MUNICIPAL DE UBERLÂNDIA;Transf SES 820/4360 Desenv Ações Contr Social - SU;SECRETARIA MUNICIPAL DE SAÚDE;09;0.00;0.00
02;1723500112;2022;155;Transferências de Recursos do Fundo Estadual de Saúde;3;PREFEITURA MUNICIPAL DE UBERLÂNDIA;Transf SES 820/4360 Desenv Ações Contr Social - SU;SECRETARIA MUNICIPAL DE SAÚDE;09;0.00;30000.00
02;1723500112;2022;155;Transferências de Recursos do Fundo Estadual de Saúde;4;PREFEITURA MUNICIPAL DE UBERLÂNDIA;Transf SES 820/4360 Desenv Ações Contr Social - SU;SECRETARIA MUNICIPAL DE SAÚDE;09;0.00;0.00
02;1723500112;2022;155;Transferências de Recursos do Fundo Estadual de Saúde;5;PREFEITURA MUNICIPAL DE UBERLÂNDIA;Transf SES 820/4360 Desenv Ações Contr Social - SU;SECRETARIA MUNICIPAL DE SAÚDE;09;0.00;0.00
02;1723500112;2022;155;Transferências de Recursos do Fundo Estadual de Saúde;6;PREFEITURA MUNICIPAL DE UBERLÂNDIA;Transf SES 820/4360 Desenv Ações Contr Social - SU;SECRETARIA MUNICIPAL DE SAÚDE;09;0.00;0.00
02;1723500112;2022;155;Transferências de Recursos do Fundo Estadual de Saúde;7;PREFEITURA MUNICIPAL DE UBERLÂNDIA;Transf SES 820/4360 Desenv Ações Contr Social - SU;SECRETARIA MUNICIPAL DE SAÚDE;09;0.00;0.00
02;1723500112;2022;155;Transferências de Recursos do Fundo Estadual de Saúde;8;PREFEITURA MUNICIPAL DE UBERLÂNDIA;Transf SES 820/4360 Desenv Ações Contr Social - SU;SECRETARIA MUNICIPAL DE SAÚDE;09;0.00;0.00
02;1723500112;2022;155;Transferências de Recursos do Fundo Estadual de Saúde;9;PREFEITURA MUNICIPAL DE UBERLÂNDIA;Transf SES 820/4360 Desenv Ações Contr Social - SU;SECRETARIA MUNICIPAL DE SAÚDE;09;0.00;0.00
02;1723500112;2022;155;Transferências de Recursos do Fundo Estadual de Saúde;10;PREFEITURA MUNICIPAL DE UBERLÂNDIA;Transf SES 820/4360 Desenv Ações Contr Social - SU;SECRETARIA MUNICIPAL DE SAÚDE;09;0.00;0.00
02;1723500112;2022;155;Transferências de Recursos do Fundo Estadual de Saúde;11;PREFEITURA MUNICIPAL DE UBERLÂNDIA;Transf SES 820/4360 Desenv Ações Contr Social - SU;SECRETARIA MUNICIPAL DE SAÚDE;09;0.00;0.00
02;1723500112;2022;155;Transferências de Recursos do Fundo Estadual de Saúde;12;PREFEITURA MUNICIPAL DE UBERLÂNDIA;Transf SES 820/4360 Desenv Ações Contr Social - SU;SECRETARIA MUNICIPAL DE SAÚDE;09;0.00;0.00
02;1723500113;2022;155;Transferências de Recursos do Fundo Estadual de Saúde;1;PREFEITURA MUNICIPAL DE UBERLÂNDIA;TRANSF TC  SES 820/2944 PROURGE;SECRETARIA MUNICIPAL DE SAÚDE;09;0.00;0.00
02;1723500113;2022;155;Transferências de Recursos do Fundo Estadual de Saúde;2;PREFEITURA MUNICIPAL DE UBERLÂNDIA;TRANSF TC  SES 820/2944 PROURGE;SECRETARIA MUNICIPAL DE SAÚDE;09;0.00;109396.53
02;1723500113;2022;155;Transferências de Recursos do Fundo Estadual de Saúde;3;PREFEITURA MUNICIPAL DE UBERLÂNDIA;TRANSF TC  SES 820/2944 PROURGE;SECRETARIA MUNICIPAL DE SAÚDE;09;0.00;25721.82
02;1723500113;2022;155;Transferências de Recursos do Fundo Estadual de Saúde;4;PREFEITURA MUNICIPAL DE UBERLÂNDIA;TRANSF TC  SES 820/2944 PROURGE;SECRETARIA MUNICIPAL DE SAÚDE;09;0.00;25721.82
02;1723500113;2022;155;Transferências de Recursos do Fundo Estadual de Saúde;5;PREFEITURA MUNICIPAL DE UBERLÂNDIA;TRANSF TC  SES 820/2944 PROURGE;SECRETARIA MUNICIPAL DE SAÚDE;09;0.00;38582.73
02;1723500113;2022;155;Transferências de Recursos do Fundo Estadual de Saúde;6;PREFEITURA MUNICIPAL DE UBERLÂNDIA;TRANSF TC  SES 820/2944 PROURGE;SECRETARIA MUNICIPAL DE SAÚDE;09;0.00;51443.64
02;1723500113;2022;155;Transferências de Recursos do Fundo Estadual de Saúde;7;PREFEITURA MUNICIPAL DE UBERLÂNDIA;TRANSF TC  SES 820/2944 PROURGE;SECRETARIA MUNICIPAL DE SAÚDE;09;0.00;102887.28
02;1723500113;2022;155;Transferências de Recursos do Fundo Estadual de Saúde;8;PREFEITURA MUNICIPAL DE UBERLÂNDIA;TRANSF TC  SES 820/2944 PROURGE;SECRETARIA MUNICIPAL DE SAÚDE;09;0.00;145636.94
02;1723500113;2022;155;Transferências de Recursos do Fundo Estadual de Saúde;9;PREFEITURA MUNICIPAL DE UBERLÂNDIA;TRANSF TC  SES 820/2944 PROURGE;SECRETARIA MUNICIPAL DE SAÚDE;09;0.00;38462.69
02;1723500113;2022;155;Transferências de Recursos do Fundo Estadual de Saúde;10;PREFEITURA MUNICIPAL DE UBERLÂNDIA;TRANSF TC  SES 820/2944 PROURGE;SECRETARIA MUNICIPAL DE SAÚDE;09;0.00;38462.69
02;1723500113;2022;155;Transferências de Recursos do Fundo Estadual de Saúde;11;PREFEITURA MUNICIPAL DE UBERLÂNDIA;TRANSF TC  SES 820/2944 PROURGE;SECRETARIA MUNICIPAL DE SAÚDE;09;0.00;25721.82
02;1723500113;2022;155;Transferências de Recursos do Fundo Estadual de Saúde;12;PREFEITURA MUNICIPAL DE UBERLÂNDIA;TRANSF TC  SES 820/2944 PROURGE;SECRETARIA MUNICIPAL DE SAÚDE;09;0.00;307962.04
02;1723500114;2022;155;Transferências de Recursos do Fundo Estadual de Saúde;1;PREFEITURA MUNICIPAL DE UBERLÂNDIA;Transferência SES 820/3194 PROHOSP HC/UFU;SECRETARIA MUNICIPAL DE SAÚDE;09;0.00;103142.19
02;1723500114;2022;155;Transferências de Recursos do Fundo Estadual de Saúde;2;PREFEITURA MUNICIPAL DE UBERLÂNDIA;Transferência SES 820/3194 PROHOSP HC/UFU;SECRETARIA MUNICIPAL DE SAÚDE;09;0.00;343807.31
02;1723500114;2022;155;Transferências de Recursos do Fundo Estadual de Saúde;3;PREFEITURA MUNICIPAL DE UBERLÂNDIA;Transferência SES 820/3194 PROHOSP HC/UFU;SECRETARIA MUNICIPAL DE SAÚDE;09;0.00;921574.35
02;1723500114;2022;155;Transferências de Recursos do Fundo Estadual de Saúde;4;PREFEITURA MUNICIPAL DE UBERLÂNDIA;Transferência SES 820/3194 PROHOSP HC/UFU;SECRETARIA MUNICIPAL DE SAÚDE;09;0.00;413256.38
02;1723500114;2022;155;Transferências de Recursos do Fundo Estadual de Saúde;5;PREFEITURA MUNICIPAL DE UBERLÂNDIA;Transferência SES 820/3194 PROHOSP HC/UFU;SECRETARIA MUNICIPAL DE SAÚDE;09;0.00;914527.43
02;1723500114;2022;155;Transferências de Recursos do Fundo Estadual de Saúde;6;PREFEITURA MUNICIPAL DE UBERLÂNDIA;Transferência SES 820/3194 PROHOSP HC/UFU;SECRETARIA MUNICIPAL DE SAÚDE;09;0.00;653233.88
02;1723500114;2022;155;Transferências de Recursos do Fundo Estadual de Saúde;7;PREFEITURA MUNICIPAL DE UBERLÂNDIA;Transferência SES 820/3194 PROHOSP HC/UFU;SECRETARIA MUNICIPAL DE SAÚDE;09;0.00;515710.96
02;1723500114;2022;155;Transferências de Recursos do Fundo Estadual de Saúde;8;PREFEITURA MUNICIPAL DE UBERLÂNDIA;Transferência SES 820/3194 PROHOSP HC/UFU;SECRETARIA MUNICIPAL DE SAÚDE;09;0.00;550091.69
02;1723500114;2022;155;Transferências de Recursos do Fundo Estadual de Saúde;9;PREFEITURA MUNICIPAL DE UBERLÂNDIA;Transferência SES 820/3194 PROHOSP HC/UFU;SECRETARIA MUNICIPAL DE SAÚDE;09;0.00;550091.69
02;1723500114;2022;155;Transferências de Recursos do Fundo Estadual de Saúde;10;PREFEITURA MUNICIPAL DE UBERLÂNDIA;Transferência SES 820/3194 PROHOSP HC/UFU;SECRETARIA MUNICIPAL DE SAÚDE;09;0.00;515710.96
02;1723500114;2022;155;Transferências de Recursos do Fundo Estadual de Saúde;11;PREFEITURA MUNICIPAL DE UBERLÂNDIA;Transferência SES 820/3194 PROHOSP HC/UFU;SECRETARIA MUNICIPAL DE SAÚDE;09;0.00;206284.39
02;1723500114;2022;155;Transferências de Recursos do Fundo Estadual de Saúde;12;PREFEITURA MUNICIPAL DE UBERLÂNDIA;Transferência SES 820/3194 PROHOSP HC/UFU;SECRETARIA MUNICIPAL DE SAÚDE;09;0.00;412568.77
02;1723500115;2022;155;Transferências de Recursos do Fundo Estadual de Saúde;1;PREFEITURA MUNICIPAL DE UBERLÂNDIA;Transf Resolução 4289/4721 Cirurgias Cardio;SECRETARIA MUNICIPAL DE SAÚDE;09;0.00;22083.33
02;1723500115;2022;155;Transferências de Recursos do Fundo Estadual de Saúde;2;PREFEITURA MUNICIPAL DE UBERLÂNDIA;Transf Resolução 4289/4721 Cirurgias Cardio;SECRETARIA MUNICIPAL DE SAÚDE;09;0.00;22083.33
02;1723500115;2022;155;Transferências de Recursos do Fundo Estadual de Saúde;3;PREFEITURA MUNICIPAL DE UBERLÂNDIA;Transf Resolução 4289/4721 Cirurgias Cardio;SECRETARIA MUNICIPAL DE SAÚDE;09;0.00;22083.33
02;1723500115;2022;155;Transferências de Recursos do Fundo Estadual de Saúde;4;PREFEITURA MUNICIPAL DE UBERLÂNDIA;Transf Resolução 4289/4721 Cirurgias Cardio;SECRETARIA MUNICIPAL DE SAÚDE;09;0.00;22083.33
02;1723500115;2022;155;Transferências de Recursos do Fundo Estadual de Saúde;5;PREFEITURA MUNICIPAL DE UBERLÂNDIA;Transf Resolução 4289/4721 Cirurgias Cardio;SECRETARIA MUNICIPAL DE SAÚDE;09;0.00;22083.33
02;1723500115;2022;155;Transferências de Recursos do Fundo Estadual de Saúde;6;PREFEITURA MUNICIPAL DE UBERLÂNDIA;Transf Resolução 4289/4721 Cirurgias Cardio;SECRETARIA MUNICIPAL DE SAÚDE;09;0.00;22083.33
02;1723500115;2022;155;Transferências de Recursos do Fundo Estadual de Saúde;7;PREFEITURA MUNICIPAL DE UBERLÂNDIA;Transf Resolução 4289/4721 Cirurgias Cardio;SECRETARIA MUNICIPAL DE SAÚDE;09;0.00;22083.33
02;1723500115;2022;155;Transferências de Recursos do Fundo Estadual de Saúde;8;PREFEITURA MUNICIPAL DE UBERLÂNDIA;Transf Resolução 4289/4721 Cirurgias Cardio;SECRETARIA MUNICIPAL DE SAÚDE;09;0.00;22083.33
02;1723500115;2022;155;Transferências de Recursos do Fundo Estadual de Saúde;9;PREFEITURA MUNICIPAL DE UBERLÂNDIA;Transf Resolução 4289/4721 Cirurgias Cardio;SECRETARIA MUNICIPAL DE SAÚDE;09;0.00;22083.33
02;1723500115;2022;155;Transferências de Recursos do Fundo Estadual de Saúde;10;PREFEITURA MUNICIPAL DE UBERLÂNDIA;Transf Resolução 4289/4721 Cirurgias Cardio;SECRETARIA MUNICIPAL DE SAÚDE;09;0.00;22083.33
02;1723500115;2022;155;Transferências de Recursos do Fundo Estadual de Saúde;11;PREFEITURA MUNICIPAL DE UBERLÂNDIA;Transf Resolução 4289/4721 Cirurgias Cardio;SECRETARIA MUNICIPAL DE SAÚDE;09;0.00;22083.33
02;1723500115;2022;155;Transferências de Recursos do Fundo Estadual de Saúde;12;PREFEITURA MUNICIPAL DE UBERLÂNDIA;Transf Resolução 4289/4721 Cirurgias Cardio;SECRETARIA MUNICIPAL DE SAÚDE;09;0.00;22083.37
02;1723500116;2022;155;Transferências de Recursos do Fundo Estadual de Saúde;1;PREFEITURA MUNICIPAL DE UBERLÂNDIA;Transferência SES 5214/16 Aquisição Materiais e Me;SECRETARIA MUNICIPAL DE SAÚDE;09;0.00;0.00
02;1723500116;2022;155;Transferências de Recursos do Fundo Estadual de Saúde;2;PREFEITURA MUNICIPAL DE UBERLÂNDIA;Transferência SES 5214/16 Aquisição Materiais e Me;SECRETARIA MUNICIPAL DE SAÚDE;09;0.00;105768.86
02;1723500116;2022;155;Transferências de Recursos do Fundo Estadual de Saúde;3;PREFEITURA MUNICIPAL DE UBERLÂNDIA;Transferência SES 5214/16 Aquisição Materiais e Me;SECRETARIA MUNICIPAL DE SAÚDE;09;385978.63;0.00
02;1723500116;2022;155;Transferências de Recursos do Fundo Estadual de Saúde;4;PREFEITURA MUNICIPAL DE UBERLÂNDIA;Transferência SES 5214/16 Aquisição Materiais e Me;SECRETARIA MUNICIPAL DE SAÚDE;09;0.00;58995.45
02;1723500116;2022;155;Transferências de Recursos do Fundo Estadual de Saúde;5;PREFEITURA MUNICIPAL DE UBERLÂNDIA;Transferência SES 5214/16 Aquisição Materiais e Me;SECRETARIA MUNICIPAL DE SAÚDE;09;391878.09;144719.41
02;1723500116;2022;155;Transferências de Recursos do Fundo Estadual de Saúde;6;PREFEITURA MUNICIPAL DE UBERLÂNDIA;Transferência SES 5214/16 Aquisição Materiais e Me;SECRETARIA MUNICIPAL DE SAÚDE;09;0.00;77194.21
02;1723500116;2022;155;Transferências de Recursos do Fundo Estadual de Saúde;7;PREFEITURA MUNICIPAL DE UBERLÂNDIA;Transferência SES 5214/16 Aquisição Materiais e Me;SECRETARIA MUNICIPAL DE SAÚDE;09;385978.63;85723.96
02;1723500116;2022;155;Transferências de Recursos do Fundo Estadual de Saúde;8;PREFEITURA MUNICIPAL DE UBERLÂNDIA;Transferência SES 5214/16 Aquisição Materiais e Me;SECRETARIA MUNICIPAL DE SAÚDE;09;0.00;128954.97
02;1723500116;2022;155;Transferências de Recursos do Fundo Estadual de Saúde;9;PREFEITURA MUNICIPAL DE UBERLÂNDIA;Transferência SES 5214/16 Aquisição Materiais e Me;SECRETARIA MUNICIPAL DE SAÚDE;09;385978.63;171447.92
02;1723500116;2022;155;Transferências de Recursos do Fundo Estadual de Saúde;10;PREFEITURA MUNICIPAL DE UBERLÂNDIA;Transferência SES 5214/16 Aquisição Materiais e Me;SECRETARIA MUNICIPAL DE SAÚDE;09;0.00;114298.61
02;1723500116;2022;155;Transferências de Recursos do Fundo Estadual de Saúde;11;PREFEITURA MUNICIPAL DE UBERLÂNDIA;Transferência SES 5214/16 Aquisição Materiais e Me;SECRETARIA MUNICIPAL DE SAÚDE;09;1768588.63;57149.31
02;1723500116;2022;155;Transferências de Recursos do Fundo Estadual de Saúde;12;PREFEITURA MUNICIPAL DE UBERLÂNDIA;Transferência SES 5214/16 Aquisição Materiais e Me;SECRETARIA MUNICIPAL DE SAÚDE;09;385978.63;411747.30
02;1723500117;2022;155;Transferências de Recursos do Fundo Estadual de Saúde;1;PREFEITURA MUNICIPAL DE UBERLÂNDIA;Transferência SES 5100/15 Ações e Serviço de Saúde;SECRETARIA MUNICIPAL DE SAÚDE;09;0.00;4166.67
02;1723500117;2022;155;Transferências de Recursos do Fundo Estadual de Saúde;2;PREFEITURA MUNICIPAL DE UBERLÂNDIA;Transferência SES 5100/15 Ações e Serviço de Saúde;SECRETARIA MUNICIPAL DE SAÚDE;09;0.00;4166.67
02;1723500117;2022;155;Transferências de Recursos do Fundo Estadual de Saúde;3;PREFEITURA MUNICIPAL DE UBERLÂNDIA;Transferência SES 5100/15 Ações e Serviço de Saúde;SECRETARIA MUNICIPAL DE SAÚDE;09;0.00;4166.67
02;1723500117;2022;155;Transferências de Recursos do Fundo Estadual de Saúde;4;PREFEITURA MUNICIPAL DE UBERLÂNDIA;Transferência SES 5100/15 Ações e Serviço de Saúde;SECRETARIA MUNICIPAL DE SAÚDE;09;0.00;4166.67
02;1723500117;2022;155;Transferências de Recursos do Fundo Estadual de Saúde;5;PREFEITURA MUNICIPAL DE UBERLÂNDIA;Transferência SES 5100/15 Ações e Serviço de Saúde;SECRETARIA MUNICIPAL DE SAÚDE;09;0.00;4166.67
02;1723500117;2022;155;Transferências de Recursos do Fundo Estadual de Saúde;6;PREFEITURA MUNICIPAL DE UBERLÂNDIA;Transferência SES 5100/15 Ações e Serviço de Saúde;SECRETARIA MUNICIPAL DE SAÚDE;09;0.00;4166.67
02;1723500117;2022;155;Transferências de Recursos do Fundo Estadual de Saúde;7;PREFEITURA MUNICIPAL DE UBERLÂNDIA;Transferência SES 5100/15 Ações e Serviço de Saúde;SECRETARIA MUNICIPAL DE SAÚDE;09;0.00;4166.67
02;1723500117;2022;155;Transferências de Recursos do Fundo Estadual de Saúde;8;PREFEITURA MUNICIPAL DE UBERLÂNDIA;Transferência SES 5100/15 Ações e Serviço de Saúde;SECRETARIA MUNICIPAL DE SAÚDE;09;0.00;4166.67
02;1723500117;2022;155;Transferências de Recursos do Fundo Estadual de Saúde;9;PREFEITURA MUNICIPAL DE UBERLÂNDIA;Transferência SES 5100/15 Ações e Serviço de Saúde;SECRETARIA MUNICIPAL DE SAÚDE;09;0.00;4166.67
02;1723500117;2022;155;Transferências de Recursos do Fundo Estadual de Saúde;10;PREFEITURA MUNICIPAL DE UBERLÂNDIA;Transferência SES 5100/15 Ações e Serviço de Saúde;SECRETARIA MUNICIPAL DE SAÚDE;09;0.00;4166.67
02;1723500117;2022;155;Transferências de Recursos do Fundo Estadual de Saúde;11;PREFEITURA MUNICIPAL DE UBERLÂNDIA;Transferência SES 5100/15 Ações e Serviço de Saúde;SECRETARIA MUNICIPAL DE SAÚDE;09;0.00;4166.67
02;1723500117;2022;155;Transferências de Recursos do Fundo Estadual de Saúde;12;PREFEITURA MUNICIPAL DE UBERLÂNDIA;Transferência SES 5100/15 Ações e Serviço de Saúde;SECRETARIA MUNICIPAL DE SAÚDE;09;0.00;4166.63
02;1723500118;2022;155;Transferências de Recursos do Fundo Estadual de Saúde;1;PREFEITURA MUNICIPAL DE UBERLÂNDIA;Transferência 5250/16 Ações de Promoção Saúde;SECRETARIA MUNICIPAL DE SAÚDE;09;0.00;39166.67
02;1723500118;2022;155;Transferências de Recursos do Fundo Estadual de Saúde;2;PREFEITURA MUNICIPAL DE UBERLÂNDIA;Transferência 5250/16 Ações de Promoção Saúde;SECRETARIA MUNICIPAL DE SAÚDE;09;0.00;39166.67
02;1723500118;2022;155;Transferências de Recursos do Fundo Estadual de Saúde;3;PREFEITURA MUNICIPAL DE UBERLÂNDIA;Transferência 5250/16 Ações de Promoção Saúde;SECRETARIA MUNICIPAL DE SAÚDE;09;0.00;39166.67
02;1723500118;2022;155;Transferências de Recursos do Fundo Estadual de Saúde;4;PREFEITURA MUNICIPAL DE UBERLÂNDIA;Transferência 5250/16 Ações de Promoção Saúde;SECRETARIA MUNICIPAL DE SAÚDE;09;0.00;39166.67
02;1723500118;2022;155;Transferências de Recursos do Fundo Estadual de Saúde;5;PREFEITURA MUNICIPAL DE UBERLÂNDIA;Transferência 5250/16 Ações de Promoção Saúde;SECRETARIA MUNICIPAL DE SAÚDE;09;0.00;39166.67
02;1723500118;2022;155;Transferências de Recursos do Fundo Estadual de Saúde;6;PREFEITURA MUNICIPAL DE UBERLÂNDIA;Transferência 5250/16 Ações de Promoção Saúde;SECRETARIA MUNICIPAL DE SAÚDE;09;0.00;39166.67
02;1723500118;2022;155;Transferências de Recursos do Fundo Estadual de Saúde;7;PREFEITURA MUNICIPAL DE UBERLÂNDIA;Transferência 5250/16 Ações de Promoção Saúde;SECRETARIA MUNICIPAL DE SAÚDE;09;0.00;39166.67
02;1723500118;2022;155;Transferências de Recursos do Fundo Estadual de Saúde;8;PREFEITURA MUNICIPAL DE UBERLÂNDIA;Transferência 5250/16 Ações de Promoção Saúde;SECRETARIA MUNICIPAL DE SAÚDE;09;0.00;39166.67
02;1723500118;2022;155;Transferências de Recursos do Fundo Estadual de Saúde;9;PREFEITURA MUNICIPAL DE UBERLÂNDIA;Transferência 5250/16 Ações de Promoção Saúde;SECRETARIA MUNICIPAL DE SAÚDE;09;0.00;39166.67
02;1723500118;2022;155;Transferências de Recursos do Fundo Estadual de Saúde;10;PREFEITURA MUNICIPAL DE UBERLÂNDIA;Transferência 5250/16 Ações de Promoção Saúde;SECRETARIA MUNICIPAL DE SAÚDE;09;0.00;39166.67
02;1723500118;2022;155;Transferências de Recursos do Fundo Estadual de Saúde;11;PREFEITURA MUNICIPAL DE UBERLÂNDIA;Transferência 5250/16 Ações de Promoção Saúde;SECRETARIA MUNICIPAL DE SAÚDE;09;0.00;39166.67
02;1723500118;2022;155;Transferências de Recursos do Fundo Estadual de Saúde;12;PREFEITURA MUNICIPAL DE UBERLÂNDIA;Transferência 5250/16 Ações de Promoção Saúde;SECRETARIA MUNICIPAL DE SAÚDE;09;0.00;39166.63
02;1723500119;2022;155;Transferências de Recursos do Fundo Estadual de Saúde;1;PREFEITURA MUNICIPAL DE UBERLÂNDIA;Transferência SES 5246/16 Cofinaciamento Atenção B;SECRETARIA MUNICIPAL DE SAÚDE;09;0.00;77916.67
02;1723500119;2022;155;Transferências de Recursos do Fundo Estadual de Saúde;2;PREFEITURA MUNICIPAL DE UBERLÂNDIA;Transferência SES 5246/16 Cofinaciamento Atenção B;SECRETARIA MUNICIPAL DE SAÚDE;09;0.00;77916.67
02;1723500119;2022;155;Transferências de Recursos do Fundo Estadual de Saúde;3;PREFEITURA MUNICIPAL DE UBERLÂNDIA;Transferência SES 5246/16 Cofinaciamento Atenção B;SECRETARIA MUNICIPAL DE SAÚDE;09;0.00;77916.67
02;1723500119;2022;155;Transferências de Recursos do Fundo Estadual de Saúde;4;PREFEITURA MUNICIPAL DE UBERLÂNDIA;Transferência SES 5246/16 Cofinaciamento Atenção B;SECRETARIA MUNICIPAL DE SAÚDE;09;0.00;77916.67
02;1723500119;2022;155;Transferências de Recursos do Fundo Estadual de Saúde;5;PREFEITURA MUNICIPAL DE UBERLÂNDIA;Transferência SES 5246/16 Cofinaciamento Atenção B;SECRETARIA MUNICIPAL DE SAÚDE;09;0.00;77916.67
02;1723500119;2022;155;Transferências de Recursos do Fundo Estadual de Saúde;6;PREFEITURA MUNICIPAL DE UBERLÂNDIA;Transferência SES 5246/16 Cofinaciamento Atenção B;SECRETARIA MUNICIPAL DE SAÚDE;09;0.00;77916.67
02;1723500119;2022;155;Transferências de Recursos do Fundo Estadual de Saúde;7;PREFEITURA MUNICIPAL DE UBERLÂNDIA;Transferência SES 5246/16 Cofinaciamento Atenção B;SECRETARIA MUNICIPAL DE SAÚDE;09;0.00;77916.67
02;1723500119;2022;155;Transferências de Recursos do Fundo Estadual de Saúde;8;PREFEITURA MUNICIPAL DE UBERLÂNDIA;Transferência SES 5246/16 Cofinaciamento Atenção B;SECRETARIA MUNICIPAL DE SAÚDE;09;0.00;77916.67
02;1723500119;2022;155;Transferências de Recursos do Fundo Estadual de Saúde;9;PREFEITURA MUNICIPAL DE UBERLÂNDIA;Transferência SES 5246/16 Cofinaciamento Atenção B;SECRETARIA MUNICIPAL DE SAÚDE;09;0.00;77916.67
02;1723500119;2022;155;Transferências de Recursos do Fundo Estadual de Saúde;10;PREFEITURA MUNICIPAL DE UBERLÂNDIA;Transferência SES 5246/16 Cofinaciamento Atenção B;SECRETARIA MUNICIPAL DE SAÚDE;09;0.00;77916.67
02;1723500119;2022;155;Transferências de Recursos do Fundo Estadual de Saúde;11;PREFEITURA MUNICIPAL DE UBERLÂNDIA;Transferência SES 5246/16 Cofinaciamento Atenção B;SECRETARIA MUNICIPAL DE SAÚDE;09;0.00;77916.67
02;1723500119;2022;155;Transferências de Recursos do Fundo Estadual de Saúde;12;PREFEITURA MUNICIPAL DE UBERLÂNDIA;Transferência SES 5246/16 Cofinaciamento Atenção B;SECRETARIA MUNICIPAL DE SAÚDE;09;0.00;77916.63
02;1723500120;2022;155;Transferências de Recursos do Fundo Estadual de Saúde;1;PREFEITURA MUNICIPAL DE UBERLÂNDIA;Transf SES 5978/17 Qualificação Equipe Regulação;SECRETARIA MUNICIPAL DE SAÚDE;09;0.00;0.00
02;1723500120;2022;155;Transferências de Recursos do Fundo Estadual de Saúde;2;PREFEITURA MUNICIPAL DE UBERLÂNDIA;Transf SES 5978/17 Qualificação Equipe Regulação;SECRETARIA MUNICIPAL DE SAÚDE;09;0.00;135000.00
02;1723500120;2022;155;Transferências de Recursos do Fundo Estadual de Saúde;3;PREFEITURA MUNICIPAL DE UBERLÂNDIA;Transf SES 5978/17 Qualificação Equipe Regulação;SECRETARIA MUNICIPAL DE SAÚDE;09;0.00;0.00
02;1723500120;2022;155;Transferências de Recursos do Fundo Estadual de Saúde;4;PREFEITURA MUNICIPAL DE UBERLÂNDIA;Transf SES 5978/17 Qualificação Equipe Regulação;SECRETARIA MUNICIPAL DE SAÚDE;09;0.00;0.00
02;1723500120;2022;155;Transferências de Recursos do Fundo Estadual de Saúde;5;PREFEITURA MUNICIPAL DE UBERLÂNDIA;Transf SES 5978/17 Qualificação Equipe Regulação;SECRETARIA MUNICIPAL DE SAÚDE;09;0.00;0.00
02;1723500120;2022;155;Transferências de Recursos do Fundo Estadual de Saúde;6;PREFEITURA MUNICIPAL DE UBERLÂNDIA;Transf SES 5978/17 Qualificação Equipe Regulação;SECRETARIA MUNICIPAL DE SAÚDE;09;0.00;0.00
02;1723500120;2022;155;Transferências de Recursos do Fundo Estadual de Saúde;7;PREFEITURA MUNICIPAL DE UBERLÂNDIA;Transf SES 5978/17 Qualificação Equipe Regulação;SECRETARIA MUNICIPAL DE SAÚDE;09;0.00;0.00
02;1723500120;2022;155;Transferências de Recursos do Fundo Estadual de Saúde;8;PREFEITURA MUNICIPAL DE UBERLÂNDIA;Transf SES 5978/17 Qualificação Equipe Regulação;SECRETARIA MUNICIPAL DE SAÚDE;09;0.00;0.00
02;1723500120;2022;155;Transferências de Recursos do Fundo Estadual de Saúde;9;PREFEITURA MUNICIPAL DE UBERLÂNDIA;Transf SES 5978/17 Qualificação Equipe Regulação;SECRETARIA MUNICIPAL DE SAÚDE;09;0.00;0.00
02;1723500120;2022;155;Transferências de Recursos do Fundo Estadual de Saúde;10;PREFEITURA MUNICIPAL DE UBERLÂNDIA;Transf SES 5978/17 Qualificação Equipe Regulação;SECRETARIA MUNICIPAL DE SAÚDE;09;0.00;0.00
02;1723500120;2022;155;Transferências de Recursos do Fundo Estadual de Saúde;11;PREFEITURA MUNICIPAL DE UBERLÂNDIA;Transf SES 5978/17 Qualificação Equipe Regulação;SECRETARIA MUNICIPAL DE SAÚDE;09;0.00;0.00
02;1723500120;2022;155;Transferências de Recursos do Fundo Estadual de Saúde;12;PREFEITURA MUNICIPAL DE UBERLÂNDIA;Transf SES 5978/17 Qualificação Equipe Regulação;SECRETARIA MUNICIPAL DE SAÚDE;09;0.00;0.00
02;1723500121;2022;155;Transferências de Recursos do Fundo Estadual de Saúde;1;PREFEITURA MUNICIPAL DE UBERLÂNDIA;Transf SES TC 3753 Reestruturação do Funcionamento;SECRETARIA MUNICIPAL DE SAÚDE;09;0.00;4166.67
02;1723500121;2022;155;Transferências de Recursos do Fundo Estadual de Saúde;2;PREFEITURA MUNICIPAL DE UBERLÂNDIA;Transf SES TC 3753 Reestruturação do Funcionamento;SECRETARIA MUNICIPAL DE SAÚDE;09;0.00;4166.67
02;1723500121;2022;155;Transferências de Recursos do Fundo Estadual de Saúde;3;PREFEITURA MUNICIPAL DE UBERLÂNDIA;Transf SES TC 3753 Reestruturação do Funcionamento;SECRETARIA MUNICIPAL DE SAÚDE;09;0.00;4166.67
02;1723500121;2022;155;Transferências de Recursos do Fundo Estadual de Saúde;4;PREFEITURA MUNICIPAL DE UBERLÂNDIA;Transf SES TC 3753 Reestruturação do Funcionamento;SECRETARIA MUNICIPAL DE SAÚDE;09;0.00;4166.67
02;1723500121;2022;155;Transferências de Recursos do Fundo Estadual de Saúde;5;PREFEITURA MUNICIPAL DE UBERLÂNDIA;Transf SES TC 3753 Reestruturação do Funcionamento;SECRETARIA MUNICIPAL DE SAÚDE;09;0.00;4166.67
02;1723500121;2022;155;Transferências de Recursos do Fundo Estadual de Saúde;6;PREFEITURA MUNICIPAL DE UBERLÂNDIA;Transf SES TC 3753 Reestruturação do Funcionamento;SECRETARIA MUNICIPAL DE SAÚDE;09;0.00;4166.67
02;1723500121;2022;155;Transferências de Recursos do Fundo Estadual de Saúde;7;PREFEITURA MUNICIPAL DE UBERLÂNDIA;Transf SES TC 3753 Reestruturação do Funcionamento;SECRETARIA MUNICIPAL DE SAÚDE;09;0.00;4166.67
02;1723500121;2022;155;Transferências de Recursos do Fundo Estadual de Saúde;8;PREFEITURA MUNICIPAL DE UBERLÂNDIA;Transf SES TC 3753 Reestruturação do Funcionamento;SECRETARIA MUNICIPAL DE SAÚDE;09;0.00;4166.67
02;1723500121;2022;155;Transferências de Recursos do Fundo Estadual de Saúde;9;PREFEITURA MUNICIPAL DE UBERLÂNDIA;Transf SES TC 3753 Reestruturação do Funcionamento;SECRETARIA MUNICIPAL DE SAÚDE;09;0.00;4166.67
02;1723500121;2022;155;Transferências de Recursos do Fundo Estadual de Saúde;10;PREFEITURA MUNICIPAL DE UBERLÂNDIA;Transf SES TC 3753 Reestruturação do Funcionamento;SECRETARIA MUNICIPAL DE SAÚDE;09;0.00;4166.67
02;1723500121;2022;155;Transferências de Recursos do Fundo Estadual de Saúde;11;PREFEITURA MUNICIPAL DE UBERLÂNDIA;Transf SES TC 3753 Reestruturação do Funcionamento;SECRETARIA MUNICIPAL DE SAÚDE;09;0.00;4166.67
02;1723500121;2022;155;Transferências de Recursos do Fundo Estadual de Saúde;12;PREFEITURA MUNICIPAL DE UBERLÂNDIA;Transf SES TC 3753 Reestruturação do Funcionamento;SECRETARIA MUNICIPAL DE SAÚDE;09;0.00;4166.63
02;1723500122;2022;155;Transferências de Recursos do Fundo Estadual de Saúde;1;PREFEITURA MUNICIPAL DE UBERLÂNDIA;Transf SES TC 4969/5101  Ações de Combate e Contro;SECRETARIA MUNICIPAL DE SAÚDE;09;0.00;50000.00
02;1723500122;2022;155;Transferências de Recursos do Fundo Estadual de Saúde;2;PREFEITURA MUNICIPAL DE UBERLÂNDIA;Transf SES TC 4969/5101  Ações de Combate e Contro;SECRETARIA MUNICIPAL DE SAÚDE;09;0.00;50000.00
02;1723500122;2022;155;Transferências de Recursos do Fundo Estadual de Saúde;3;PREFEITURA MUNICIPAL DE UBERLÂNDIA;Transf SES TC 4969/5101  Ações de Combate e Contro;SECRETARIA MUNICIPAL DE SAÚDE;09;0.00;50000.00
02;1723500122;2022;155;Transferências de Recursos do Fundo Estadual de Saúde;4;PREFEITURA MUNICIPAL DE UBERLÂNDIA;Transf SES TC 4969/5101  Ações de Combate e Contro;SECRETARIA MUNICIPAL DE SAÚDE;09;0.00;50000.00
02;1723500122;2022;155;Transferências de Recursos do Fundo Estadual de Saúde;5;PREFEITURA MUNICIPAL DE UBERLÂNDIA;Transf SES TC 4969/5101  Ações de Combate e Contro;SECRETARIA MUNICIPAL DE SAÚDE;09;0.00;50000.00
02;1723500122;2022;155;Transferências de Recursos do Fundo Estadual de Saúde;6;PREFEITURA MUNICIPAL DE UBERLÂNDIA;Transf SES TC 4969/5101  Ações de Combate e Contro;SECRETARIA MUNICIPAL DE SAÚDE;09;0.00;50000.00
02;1723500122;2022;155;Transferências de Recursos do Fundo Estadual de Saúde;7;PREFEITURA MUNICIPAL DE UBERLÂNDIA;Transf SES TC 4969/5101  Ações de Combate e Contro;SECRETARIA MUNICIPAL DE SAÚDE;09;0.00;50000.00
02;1723500122;2022;155;Transferências de Recursos do Fundo Estadual de Saúde;8;PREFEITURA MUNICIPAL DE UBERLÂNDIA;Transf SES TC 4969/5101  Ações de Combate e Contro;SECRETARIA MUNICIPAL DE SAÚDE;09;0.00;50000.00
02;1723500122;2022;155;Transferências de Recursos do Fundo Estadual de Saúde;9;PREFEITURA MUNICIPAL DE UBERLÂNDIA;Transf SES TC 4969/5101  Ações de Combate e Contro;SECRETARIA MUNICIPAL DE SAÚDE;09;0.00;50000.00
02;1723500122;2022;155;Transferências de Recursos do Fundo Estadual de Saúde;10;PREFEITURA MUNICIPAL DE UBERLÂNDIA;Transf SES TC 4969/5101  Ações de Combate e Contro;SECRETARIA MUNICIPAL DE SAÚDE;09;0.00;50000.00
02;1723500122;2022;155;Transferências de Recursos do Fundo Estadual de Saúde;11;PREFEITURA MUNICIPAL DE UBERLÂNDIA;Transf SES TC 4969/5101  Ações de Combate e Contro;SECRETARIA MUNICIPAL DE SAÚDE;09;0.00;50000.00
02;1723500122;2022;155;Transferências de Recursos do Fundo Estadual de Saúde;12;PREFEITURA MUNICIPAL DE UBERLÂNDIA;Transf SES TC 4969/5101  Ações de Combate e Contro;SECRETARIA MUNICIPAL DE SAÚDE;09;0.00;50000.00
02;1723500123;2022;155;Transferências de Recursos do Fundo Estadual de Saúde;1;PREFEITURA MUNICIPAL DE UBERLÂNDIA;Transf SES AT. Saúde da Mulher e Criança;SECRETARIA MUNICIPAL DE SAÚDE;09;0.00;49415.68
02;1723500123;2022;155;Transferências de Recursos do Fundo Estadual de Saúde;2;PREFEITURA MUNICIPAL DE UBERLÂNDIA;Transf SES AT. Saúde da Mulher e Criança;SECRETARIA MUNICIPAL DE SAÚDE;09;0.00;147421.22
02;1723500123;2022;155;Transferências de Recursos do Fundo Estadual de Saúde;3;PREFEITURA MUNICIPAL DE UBERLÂNDIA;Transf SES AT. Saúde da Mulher e Criança;SECRETARIA MUNICIPAL DE SAÚDE;09;0.00;268610.29
02;1723500123;2022;155;Transferências de Recursos do Fundo Estadual de Saúde;4;PREFEITURA MUNICIPAL DE UBERLÂNDIA;Transf SES AT. Saúde da Mulher e Criança;SECRETARIA MUNICIPAL DE SAÚDE;09;0.00;140096.59
02;1723500123;2022;155;Transferências de Recursos do Fundo Estadual de Saúde;5;PREFEITURA MUNICIPAL DE UBERLÂNDIA;Transf SES AT. Saúde da Mulher e Criança;SECRETARIA MUNICIPAL DE SAÚDE;09;0.00;275684.15
02;1723500123;2022;155;Transferências de Recursos do Fundo Estadual de Saúde;6;PREFEITURA MUNICIPAL DE UBERLÂNDIA;Transf SES AT. Saúde da Mulher e Criança;SECRETARIA MUNICIPAL DE SAÚDE;09;0.00;168333.76
02;1723500123;2022;155;Transferências de Recursos do Fundo Estadual de Saúde;7;PREFEITURA MUNICIPAL DE UBERLÂNDIA;Transf SES AT. Saúde da Mulher e Criança;SECRETARIA MUNICIPAL DE SAÚDE;09;0.00;111844.22
02;1723500123;2022;155;Transferências de Recursos do Fundo Estadual de Saúde;8;PREFEITURA MUNICIPAL DE UBERLÂNDIA;Transf SES AT. Saúde da Mulher e Criança;SECRETARIA MUNICIPAL DE SAÚDE;09;0.00;109582.10
02;1723500123;2022;155;Transferências de Recursos do Fundo Estadual de Saúde;9;PREFEITURA MUNICIPAL DE UBERLÂNDIA;Transf SES AT. Saúde da Mulher e Criança;SECRETARIA MUNICIPAL DE SAÚDE;09;0.00;109582.10
02;1723500123;2022;155;Transferências de Recursos do Fundo Estadual de Saúde;10;PREFEITURA MUNICIPAL DE UBERLÂNDIA;Transf SES AT. Saúde da Mulher e Criança;SECRETARIA MUNICIPAL DE SAÚDE;09;0.00;109582.10
02;1723500123;2022;155;Transferências de Recursos do Fundo Estadual de Saúde;11;PREFEITURA MUNICIPAL DE UBERLÂNDIA;Transf SES AT. Saúde da Mulher e Criança;SECRETARIA MUNICIPAL DE SAÚDE;09;0.00;147453.03
02;1723500123;2022;155;Transferências de Recursos do Fundo Estadual de Saúde;12;PREFEITURA MUNICIPAL DE UBERLÂNDIA;Transf SES AT. Saúde da Mulher e Criança;SECRETARIA MUNICIPAL DE SAÚDE;09;0.00;162394.76
02;1723500124;2022;155;Transferências de Recursos do Fundo Estadual de Saúde;1;PREFEITURA MUNICIPAL DE UBERLÂNDIA;Trasnf SES Fortal Equip de Regulação;SECRETARIA MUNICIPAL DE SAÚDE;09;0.00;0.00
02;1723500124;2022;155;Transferências de Recursos do Fundo Estadual de Saúde;2;PREFEITURA MUNICIPAL DE UBERLÂNDIA;Trasnf SES Fortal Equip de Regulação;SECRETARIA MUNICIPAL DE SAÚDE;09;0.00;0.00
02;1723500124;2022;155;Transferências de Recursos do Fundo Estadual de Saúde;3;PREFEITURA MUNICIPAL DE UBERLÂNDIA;Trasnf SES Fortal Equip de Regulação;SECRETARIA MUNICIPAL DE SAÚDE;09;230435.00;0.00
02;1723500124;2022;155;Transferências de Recursos do Fundo Estadual de Saúde;4;PREFEITURA MUNICIPAL DE UBERLÂNDIA;Trasnf SES Fortal Equip de Regulação;SECRETARIA MUNICIPAL DE SAÚDE;09;0.00;0.00
02;1723500124;2022;155;Transferências de Recursos do Fundo Estadual de Saúde;5;PREFEITURA MUNICIPAL DE UBERLÂNDIA;Trasnf SES Fortal Equip de Regulação;SECRETARIA MUNICIPAL DE SAÚDE;09;0.00;678.20
02;1723500124;2022;155;Transferências de Recursos do Fundo Estadual de Saúde;6;PREFEITURA MUNICIPAL DE UBERLÂNDIA;Trasnf SES Fortal Equip de Regulação;SECRETARIA MUNICIPAL DE SAÚDE;09;0.00;678.20
02;1723500124;2022;155;Transferências de Recursos do Fundo Estadual de Saúde;7;PREFEITURA MUNICIPAL DE UBERLÂNDIA;Trasnf SES Fortal Equip de Regulação;SECRETARIA MUNICIPAL DE SAÚDE;09;190108.88;930.82
02;1723500124;2022;155;Transferências de Recursos do Fundo Estadual de Saúde;8;PREFEITURA MUNICIPAL DE UBERLÂNDIA;Trasnf SES Fortal Equip de Regulação;SECRETARIA MUNICIPAL DE SAÚDE;09;0.00;678.20
02;1723500124;2022;155;Transferências de Recursos do Fundo Estadual de Saúde;9;PREFEITURA MUNICIPAL DE UBERLÂNDIA;Trasnf SES Fortal Equip de Regulação;SECRETARIA MUNICIPAL DE SAÚDE;09;0.00;0.00
02;1723500124;2022;155;Transferências de Recursos do Fundo Estadual de Saúde;10;PREFEITURA MUNICIPAL DE UBERLÂNDIA;Trasnf SES Fortal Equip de Regulação;SECRETARIA MUNICIPAL DE SAÚDE;09;0.00;0.00
02;1723500124;2022;155;Transferências de Recursos do Fundo Estadual de Saúde;11;PREFEITURA MUNICIPAL DE UBERLÂNDIA;Trasnf SES Fortal Equip de Regulação;SECRETARIA MUNICIPAL DE SAÚDE;09;0.00;678.20
02;1723500124;2022;155;Transferências de Recursos do Fundo Estadual de Saúde;12;PREFEITURA MUNICIPAL DE UBERLÂNDIA;Trasnf SES Fortal Equip de Regulação;SECRETARIA MUNICIPAL DE SAÚDE;09;319254.32;1356.38
02;1723500125;2022;155;Transferências de Recursos do Fundo Estadual de Saúde;2;PREFEITURA MUNICIPAL DE UBERLÂNDIA;Res 7826/21 - Incentivo Módulo Valor em Saúde ;SECRETARIA MUNICIPAL DE SAÚDE;09;8806206.42;0.00
02;1723500125;2022;155;Transferências de Recursos do Fundo Estadual de Saúde;3;PREFEITURA MUNICIPAL DE UBERLÂNDIA;Res 7826/21 - Incentivo Módulo Valor em Saúde ;SECRETARIA MUNICIPAL DE SAÚDE;09;6097967.99;0.00
02;1723500125;2022;155;Transferências de Recursos do Fundo Estadual de Saúde;5;PREFEITURA MUNICIPAL DE UBERLÂNDIA;Res 7826/21 - Incentivo Módulo Valor em Saúde ;SECRETARIA MUNICIPAL DE SAÚDE;09;14904174.41;0.00
02;1723500125;2022;155;Transferências de Recursos do Fundo Estadual de Saúde;8;PREFEITURA MUNICIPAL DE UBERLÂNDIA;Res 7826/21 - Incentivo Módulo Valor em Saúde ;SECRETARIA MUNICIPAL DE SAÚDE;09;24900.00;0.00
02;1723500125;2022;155;Transferências de Recursos do Fundo Estadual de Saúde;9;PREFEITURA MUNICIPAL DE UBERLÂNDIA;Res 7826/21 - Incentivo Módulo Valor em Saúde ;SECRETARIA MUNICIPAL DE SAÚDE;09;14904174.41;0.00
02;1723500125;2022;155;Transferências de Recursos do Fundo Estadual de Saúde;12;PREFEITURA MUNICIPAL DE UBERLÂNDIA;Res 7826/21 - Incentivo Módulo Valor em Saúde ;SECRETARIA MUNICIPAL DE SAÚDE;09;632014.78;0.00
02;1723500126;2022;155;Transferências de Recursos do Fundo Estadual de Saúde;3;PREFEITURA MUNICIPAL DE UBERLÂNDIA;Res 7525/21 Cust Complem Alta Compl Oncologia;SECRETARIA MUNICIPAL DE SAÚDE;09;46995.90;0.00
02;1723500126;2022;155;Transferências de Recursos do Fundo Estadual de Saúde;5;PREFEITURA MUNICIPAL DE UBERLÂNDIA;Res 7525/21 Cust Complem Alta Compl Oncologia;SECRETARIA MUNICIPAL DE SAÚDE;09;11212.36;0.00
02;1723500126;2022;155;Transferências de Recursos do Fundo Estadual de Saúde;9;PREFEITURA MUNICIPAL DE UBERLÂNDIA;Res 7525/21 Cust Complem Alta Compl Oncologia;SECRETARIA MUNICIPAL DE SAÚDE;09;18760.42;0.00
02;1723500126;2022;155;Transferências de Recursos do Fundo Estadual de Saúde;12;PREFEITURA MUNICIPAL DE UBERLÂNDIA;Res 7525/21 Cust Complem Alta Compl Oncologia;SECRETARIA MUNICIPAL DE SAÚDE;09;20746.62;0.00
02;1723500127;2022;155;Transferências de Recursos do Fundo Estadual de Saúde;3;PREFEITURA MUNICIPAL DE UBERLÂNDIA;Res 7784/21 Estruturação da Rede de Atenção;SECRETARIA MUNICIPAL DE SAÚDE;09;805006.70;0.00
02;1723500128;2022;155;Transferências de Recursos do Fundo Estadual de Saúde;3;PREFEITURA MUNICIPAL DE UBERLÂNDIA;Res 7775/21 Incen Temp Cirurgias Cardiovasculares ;SECRETARIA MUNICIPAL DE SAÚDE;09;395238.75;0.00
02;1723500128;2022;155;Transferências de Recursos do Fundo Estadual de Saúde;6;PREFEITURA MUNICIPAL DE UBERLÂNDIA;Res 7775/21 Incen Temp Cirurgias Cardiovasculares ;SECRETARIA MUNICIPAL DE SAÚDE;09;395238.75;0.00
02;1723500128;2022;155;Transferências de Recursos do Fundo Estadual de Saúde;8;PREFEITURA MUNICIPAL DE UBERLÂNDIA;Res 7775/21 Incen Temp Cirurgias Cardiovasculares ;SECRETARIA MUNICIPAL DE SAÚDE;09;395238.75;0.00
02;1723500129;2022;155;Transferências de Recursos do Fundo Estadual de Saúde;3;PREFEITURA MUNICIPAL DE UBERLÂNDIA;Res 7725/21 Incentivo Prog Rede Cegonha;SECRETARIA MUNICIPAL DE SAÚDE;09;343622.70;0.00
02;1723500131;2022;155;Transferências de Recursos do Fundo Estadual de Saúde;3;PREFEITURA MUNICIPAL DE UBERLÂNDIA;Res 7732/21 Incent Vigilância das Causas Externas;SECRETARIA MUNICIPAL DE SAÚDE;09;846848.63;0.00
02;1723500131;2022;155;Transferências de Recursos do Fundo Estadual de Saúde;12;PREFEITURA MUNICIPAL DE UBERLÂNDIA;Res 7732/21 Incent Vigilância das Causas Externas;SECRETARIA MUNICIPAL DE SAÚDE;09;1209784.00;0.00
02;1723500132;2022;155;Transferências de Recursos do Fundo Estadual de Saúde;3;PREFEITURA MUNICIPAL DE UBERLÂNDIA;Res 7730/21 Incent p/ Saúde do Trabalhador;SECRETARIA MUNICIPAL DE SAÚDE;09;360000.00;0.00
02;1723500132;2022;155;Transferências de Recursos do Fundo Estadual de Saúde;12;PREFEITURA MUNICIPAL DE UBERLÂNDIA;Res 7730/21 Incent p/ Saúde do Trabalhador;SECRETARIA MUNICIPAL DE SAÚDE;09;210000.00;0.00
02;1723500133;2022;155;Transferências de Recursos do Fundo Estadual de Saúde;3;PREFEITURA MUNICIPAL DE UBERLÂNDIA;Res 7796/21 Ampl Rede Vigilan Epidem Hosp;SECRETARIA MUNICIPAL DE SAÚDE;09;198113.28;0.00
02;1723500134;2022;155;Transferências de Recursos do Fundo Estadual de Saúde;3;PREFEITURA MUNICIPAL DE UBERLÂNDIA;Res 7799/21 Planej/Exec ações Vigil Sanit e Ambien;SECRETARIA MUNICIPAL DE SAÚDE;09;2073915.00;0.00
02;1723500134;2022;155;Transferências de Recursos do Fundo Estadual de Saúde;12;PREFEITURA MUNICIPAL DE UBERLÂNDIA;Res 7799/21 Planej/Exec ações Vigil Sanit e Ambien;SECRETARIA MUNICIPAL DE SAÚDE;09;2503090.00;0.00
02;1723500135;2022;155;Transferências de Recursos do Fundo Estadual de Saúde;3;PREFEITURA MUNICIPAL DE UBERLÂNDIA;Res 6962/19 e 7733/21 - Enfrentamento  Arboviroses;SECRETARIA MUNICIPAL DE SAÚDE;09;3033184.22;0.00
02;1723500136;2022;155;Transferências de Recursos do Fundo Estadual de Saúde;3;PREFEITURA MUNICIPAL DE UBERLÂNDIA;Incen Finan Serv Atenção Especializada;SECRETARIA MUNICIPAL DE SAÚDE;09;251778.07;0.00
02;1723500137;2022;155;Transferências de Recursos do Fundo Estadual de Saúde;3;PREFEITURA MUNICIPAL DE UBERLÂNDIA;Res 7731/21 - Plano de Enfretamento a Sifilis;SECRETARIA MUNICIPAL DE SAÚDE;09;479487.80;0.00
02;1723500138;2022;155;Transferências de Recursos do Fundo Estadual de Saúde;3;PREFEITURA MUNICIPAL DE UBERLÂNDIA;Res 7734/21 Incentivo VigiMinas;SECRETARIA MUNICIPAL DE SAÚDE;09;489367.90;0.00
02;1723500139;2022;155;Transferências de Recursos do Fundo Estadual de Saúde;3;PREFEITURA MUNICIPAL DE UBERLÂNDIA;Res 7798/21 Incent Vigil Sentinela do Influenza;SECRETARIA MUNICIPAL DE SAÚDE;09;140000.00;0.00
02;1723500140;2022;155;Transferências de Recursos do Fundo Estadual de Saúde;3;PREFEITURA MUNICIPAL DE UBERLÂNDIA;Res 7869/21 Incent Aten Espec Doença Renal Crônica;SECRETARIA MUNICIPAL DE SAÚDE;09;1166975.22;0.00
02;1723500141;2022;155;Transferências de Recursos do Fundo Estadual de Saúde;3;PREFEITURA MUNICIPAL DE UBERLÂNDIA;Res 7924 e 7786/21 Cuidados Pessoa com Deficiência;SECRETARIA MUNICIPAL DE SAÚDE;09;522919.00;0.00
02;1723500141;2022;155;Transferências de Recursos do Fundo Estadual de Saúde;5;PREFEITURA MUNICIPAL DE UBERLÂNDIA;Res 7924 e 7786/21 Cuidados Pessoa com Deficiência;SECRETARIA MUNICIPAL DE SAÚDE;09;1399252.43;0.00
02;1723500141;2022;155;Transferências de Recursos do Fundo Estadual de Saúde;6;PREFEITURA MUNICIPAL DE UBERLÂNDIA;Res 7924 e 7786/21 Cuidados Pessoa com Deficiência;SECRETARIA MUNICIPAL DE SAÚDE;09;1350822.56;0.00
02;1723500141;2022;155;Transferências de Recursos do Fundo Estadual de Saúde;8;PREFEITURA MUNICIPAL DE UBERLÂNDIA;Res 7924 e 7786/21 Cuidados Pessoa com Deficiência;SECRETARIA MUNICIPAL DE SAÚDE;09;1350822.54;0.00
02;1723500142;2022;155;Transferências de Recursos do Fundo Estadual de Saúde;3;PREFEITURA MUNICIPAL DE UBERLÂNDIA;Res 7857/21 e 7907/21 - Atenção Primária de Saúde;SECRETARIA MUNICIPAL DE SAÚDE;09;180000.00;0.00
02;1723500143;2022;155;Transferências de Recursos do Fundo Estadual de Saúde;3;PREFEITURA MUNICIPAL DE UBERLÂNDIA;Res 7797/21 - Centros Colaboradores;SECRETARIA MUNICIPAL DE SAÚDE;09;3859595.14;0.00
02;1723500144;2022;155;Transferências de Recursos do Fundo Estadual de Saúde;4;PREFEITURA MUNICIPAL DE UBERLÂNDIA;Res 7479, 7480/21 e 8036/22 - Enfrentamento COVID;SECRETARIA MUNICIPAL DE SAÚDE;09;1016087.04;0.00
02;1723500145;2022;155;Transferências de Recursos do Fundo Estadual de Saúde;4;PREFEITURA MUNICIPAL DE UBERLÂNDIA;Res 7153/20- Ações em Vigilância em Saúde;SECRETARIA MUNICIPAL DE SAÚDE;09;7145190.36;0.00
02;1723500145;2022;155;Transferências de Recursos do Fundo Estadual de Saúde;11;PREFEITURA MUNICIPAL DE UBERLÂNDIA;Res 7153/20- Ações em Vigilância em Saúde;SECRETARIA MUNICIPAL DE SAÚDE;09;1543547.34;0.00
02;1723500145;2022;155;Transferências de Recursos do Fundo Estadual de Saúde;12;PREFEITURA MUNICIPAL DE UBERLÂNDIA;Res 7153/20- Ações em Vigilância em Saúde;SECRETARIA MUNICIPAL DE SAÚDE;09;1507021.30;0.00
02;1723500146;2022;155;Transferências de Recursos do Fundo Estadual de Saúde;5;PREFEITURA MUNICIPAL DE UBERLÂNDIA;Res 6948/19 - Incentivo Atendimento UTI;SECRETARIA MUNICIPAL DE SAÚDE;09;1406934.67;0.00
02;1723500147;2022;155;Transferências de Recursos do Fundo Estadual de Saúde;5;PREFEITURA MUNICIPAL DE UBERLÂNDIA;Res 7505/21 7447/21 - Incentivo COVID-19;SECRETARIA MUNICIPAL DE SAÚDE;09;72226.69;0.00
02;1723500147;2022;155;Transferências de Recursos do Fundo Estadual de Saúde;12;PREFEITURA MUNICIPAL DE UBERLÂNDIA;Res 7505/21 7447/21 - Incentivo COVID-19;SECRETARIA MUNICIPAL DE SAÚDE;09;6521.71;0.00
02;1723500148;2022;155;Transferências de Recursos do Fundo Estadual de Saúde;6;PREFEITURA MUNICIPAL DE UBERLÂNDIA;Res 6949/19 - Núcleos de Prevenção da Violência;SECRETARIA MUNICIPAL DE SAÚDE;09;1500000.00;0.00
02;1723500149;2022;155;Transferências de Recursos do Fundo Estadual de Saúde;5;PREFEITURA MUNICIPAL DE UBERLÂNDIA;Res 7168/20 Cust clínico-institucional CAPS;SECRETARIA MUNICIPAL DE SAÚDE;09;510000.00;0.00
02;1723500149;2022;155;Transferências de Recursos do Fundo Estadual de Saúde;11;PREFEITURA MUNICIPAL DE UBERLÂNDIA;Res 7168/20 Cust clínico-institucional CAPS;SECRETARIA MUNICIPAL DE SAÚDE;09;1643695.20;0.00
02;1723500151;2022;155;Transferências de Recursos do Fundo Estadual de Saúde;8;PREFEITURA MUNICIPAL DE UBERLÂNDIA;Res 8105/22 - Custeio CAPS;SECRETARIA MUNICIPAL DE SAÚDE;09;1379695.20;0.00
02;1723500152;2022;155;Transferências de Recursos do Fundo Estadual de Saúde;8;PREFEITURA MUNICIPAL DE UBERLÂNDIA;Res 8149/22 - Atenção Hospitalar - Valor em Saúde;SECRETARIA MUNICIPAL DE SAÚDE;09;500000.00;0.00
02;1723500153;2022;155;Transferências de Recursos do Fundo Estadual de Saúde;8;PREFEITURA MUNICIPAL DE UBERLÂNDIA;Res 8160/22 - Saúde Mental, Álcool e Outras Drogas;SECRETARIA MUNICIPAL DE SAÚDE;09;359520.00;0.00
02;1723500154;2022;155;Transferências de Recursos do Fundo Estadual de Saúde;9;PREFEITURA MUNICIPAL DE UBERLÂNDIA;Res 7830/21 - Incentivo Módulo de Eletivas;SECRETARIA MUNICIPAL DE SAÚDE;09;1816345.45;0.00
02;1723500154;2022;155;Transferências de Recursos do Fundo Estadual de Saúde;11;PREFEITURA MUNICIPAL DE UBERLÂNDIA;Res 7830/21 - Incentivo Módulo de Eletivas;SECRETARIA MUNICIPAL DE SAÚDE;09;825798.71;0.00
02;1723500155;2022;155;Transferências de Recursos do Fundo Estadual de Saúde;12;PREFEITURA MUNICIPAL DE UBERLÂNDIA;Res 3970/13, 3972/13, 4136/14 - SES;SECRETARIA MUNICIPAL DE SAÚDE;09;578078.08;0.00
02;1723500156;2022;155;Transferências de Recursos do Fundo Estadual de Saúde;12;PREFEITURA MUNICIPAL DE UBERLÂNDIA;Res 7954/21 - Ações de Controle do Câncer;SECRETARIA MUNICIPAL DE SAÚDE;09;629924.71;0.00
02;1723500157;2022;155;Transferências de Recursos do Fundo Estadual de Saúde;12;PREFEITURA MUNICIPAL DE UBERLÂNDIA;Res 5568,559/16 e 8390/22 - SES;SECRETARIA MUNICIPAL DE SAÚDE;09;4058969.17;0.00
04;1724990101;2022;181;Outras Transferências de Convênios ou Contratos de Repasse dos Estados;1;Fundação Uberlandense Turismo Esporte Lazer;Transf SEE Iniciação Esportiva Basquete - FUTEL;FUNDAÇÃO UBERLANDENSE DE TURISMO, ESPORTE E LAZER-;19;0.00;12166.67
04;1724990101;2022;181;Outras Transferências de Convênios ou Contratos de Repasse dos Estados;2;Fundação Uberlandense Turismo Esporte Lazer;Transf SEE Iniciação Esportiva Basquete - FUTEL;FUNDAÇÃO UBERLANDENSE DE TURISMO, ESPORTE E LAZER-;19;0.00;12166.67
04;1724990101;2022;181;Outras Transferências de Convênios ou Contratos de Repasse dos Estados;3;Fundação Uberlandense Turismo Esporte Lazer;Transf SEE Iniciação Esportiva Basquete - FUTEL;FUNDAÇÃO UBERLANDENSE DE TURISMO, ESPORTE E LAZER-;19;0.00;12166.67
04;1724990101;2022;181;Outras Transferências de Convênios ou Contratos de Repasse dos Estados;4;Fundação Uberlandense Turismo Esporte Lazer;Transf SEE Iniciação Esportiva Basquete - FUTEL;FUNDAÇÃO UBERLANDENSE DE TURISMO, ESPORTE E LAZER-;19;0.00;12166.67
04;1724990101;2022;181;Outras Transferências de Convênios ou Contratos de Repasse dos Estados;5;Fundação Uberlandense Turismo Esporte Lazer;Transf SEE Iniciação Esportiva Basquete - FUTEL;FUNDAÇÃO UBERLANDENSE DE TURISMO, ESPORTE E LAZER-;19;0.00;12166.67
04;1724990101;2022;181;Outras Transferências de Convênios ou Contratos de Repasse dos Estados;6;Fundação Uberlandense Turismo Esporte Lazer;Transf SEE Iniciação Esportiva Basquete - FUTEL;FUNDAÇÃO UBERLANDENSE DE TURISMO, ESPORTE E LAZER-;19;0.00;12166.67
04;1724990101;2022;181;Outras Transferências de Convênios ou Contratos de Repasse dos Estados;7;Fundação Uberlandense Turismo Esporte Lazer;Transf SEE Iniciação Esportiva Basquete - FUTEL;FUNDAÇÃO UBERLANDENSE DE TURISMO, ESPORTE E LAZER-;19;0.00;12166.67
04;1724990101;2022;181;Outras Transferências de Convênios ou Contratos de Repasse dos Estados;8;Fundação Uberlandense Turismo Esporte Lazer;Transf SEE Iniciação Esportiva Basquete - FUTEL;FUNDAÇÃO UBERLANDENSE DE TURISMO, ESPORTE E LAZER-;19;0.00;12166.67
04;1724990101;2022;181;Outras Transferências de Convênios ou Contratos de Repasse dos Estados;9;Fundação Uberlandense Turismo Esporte Lazer;Transf SEE Iniciação Esportiva Basquete - FUTEL;FUNDAÇÃO UBERLANDENSE DE TURISMO, ESPORTE E LAZER-;19;0.00;12166.67
04;1724990101;2022;181;Outras Transferências de Convênios ou Contratos de Repasse dos Estados;10;Fundação Uberlandense Turismo Esporte Lazer;Transf SEE Iniciação Esportiva Basquete - FUTEL;FUNDAÇÃO UBERLANDENSE DE TURISMO, ESPORTE E LAZER-;19;0.00;12166.67
04;1724990101;2022;181;Outras Transferências de Convênios ou Contratos de Repasse dos Estados;11;Fundação Uberlandense Turismo Esporte Lazer;Transf SEE Iniciação Esportiva Basquete - FUTEL;FUNDAÇÃO UBERLANDENSE DE TURISMO, ESPORTE E LAZER-;19;0.00;12166.67
04;1724990101;2022;181;Outras Transferências de Convênios ou Contratos de Repasse dos Estados;12;Fundação Uberlandense Turismo Esporte Lazer;Transf SEE Iniciação Esportiva Basquete - FUTEL;FUNDAÇÃO UBERLANDENSE DE TURISMO, ESPORTE E LAZER-;19;0.00;12166.63
02;1729510101;2022;156;Transferências de Recursos do Fundo Estadual de Assistência Social (FEAS);1;PREFEITURA MUNICIPAL DE UBERLÂNDIA;SEDESE - Piso Mineiro de Assistência Social;SECRETARIA MUNICIPAL DE DESENVOLVIMENTO SOCIAL E T;10;0.00;0.00
02;1729510101;2022;156;Transferências de Recursos do Fundo Estadual de Assistência Social (FEAS);2;PREFEITURA MUNICIPAL DE UBERLÂNDIA;SEDESE - Piso Mineiro de Assistência Social;SECRETARIA MUNICIPAL DE DESENVOLVIMENTO SOCIAL E T;10;485557.74;26931.24
02;1729510101;2022;156;Transferências de Recursos do Fundo Estadual de Assistência Social (FEAS);3;PREFEITURA MUNICIPAL DE UBERLÂNDIA;SEDESE - Piso Mineiro de Assistência Social;SECRETARIA MUNICIPAL DE DESENVOLVIMENTO SOCIAL E T;10;0.00;185730.14
02;1729510101;2022;156;Transferências de Recursos do Fundo Estadual de Assistência Social (FEAS);4;PREFEITURA MUNICIPAL DE UBERLÂNDIA;SEDESE - Piso Mineiro de Assistência Social;SECRETARIA MUNICIPAL DE DESENVOLVIMENTO SOCIAL E T;10;119829.60;68786.97
02;1729510101;2022;156;Transferências de Recursos do Fundo Estadual de Assistência Social (FEAS);5;PREFEITURA MUNICIPAL DE UBERLÂNDIA;SEDESE - Piso Mineiro de Assistência Social;SECRETARIA MUNICIPAL DE DESENVOLVIMENTO SOCIAL E T;10;119829.60;613847.69
02;1729510101;2022;156;Transferências de Recursos do Fundo Estadual de Assistência Social (FEAS);6;PREFEITURA MUNICIPAL DE UBERLÂNDIA;SEDESE - Piso Mineiro de Assistência Social;SECRETARIA MUNICIPAL DE DESENVOLVIMENTO SOCIAL E T;10;149450.40;181686.91
02;1729510101;2022;156;Transferências de Recursos do Fundo Estadual de Assistência Social (FEAS);7;PREFEITURA MUNICIPAL DE UBERLÂNDIA;SEDESE - Piso Mineiro de Assistência Social;SECRETARIA MUNICIPAL DE DESENVOLVIMENTO SOCIAL E T;10;149450.40;148055.84
02;1729510101;2022;156;Transferências de Recursos do Fundo Estadual de Assistência Social (FEAS);8;PREFEITURA MUNICIPAL DE UBERLÂNDIA;SEDESE - Piso Mineiro de Assistência Social;SECRETARIA MUNICIPAL DE DESENVOLVIMENTO SOCIAL E T;10;149450.40;87493.54
02;1729510101;2022;156;Transferências de Recursos do Fundo Estadual de Assistência Social (FEAS);9;PREFEITURA MUNICIPAL DE UBERLÂNDIA;SEDESE - Piso Mineiro de Assistência Social;SECRETARIA MUNICIPAL DE DESENVOLVIMENTO SOCIAL E T;10;149450.40;87493.54
02;1729510101;2022;156;Transferências de Recursos do Fundo Estadual de Assistência Social (FEAS);10;PREFEITURA MUNICIPAL DE UBERLÂNDIA;SEDESE - Piso Mineiro de Assistência Social;SECRETARIA MUNICIPAL DE DESENVOLVIMENTO SOCIAL E T;10;0.00;26931.24
02;1729510101;2022;156;Transferências de Recursos do Fundo Estadual de Assistência Social (FEAS);11;PREFEITURA MUNICIPAL DE UBERLÂNDIA;SEDESE - Piso Mineiro de Assistência Social;SECRETARIA MUNICIPAL DE DESENVOLVIMENTO SOCIAL E T;10;928342.80;87493.54
02;1729510101;2022;156;Transferências de Recursos do Fundo Estadual de Assistência Social (FEAS);12;PREFEITURA MUNICIPAL DE UBERLÂNDIA;SEDESE - Piso Mineiro de Assistência Social;SECRETARIA MUNICIPAL DE DESENVOLVIMENTO SOCIAL E T;10;448351.20;235549.35
02;1729510102;2022;156;Transferências de Recursos do Fundo Estadual de Assistência Social (FEAS);1;PREFEITURA MUNICIPAL DE UBERLÂNDIA;Recursos FEAS Covid-19;SECRETARIA MUNICIPAL DE DESENVOLVIMENTO SOCIAL E T;10;0.00;0.00
02;1729510102;2022;156;Transferências de Recursos do Fundo Estadual de Assistência Social (FEAS);2;PREFEITURA MUNICIPAL DE UBERLÂNDIA;Recursos FEAS Covid-19;SECRETARIA MUNICIPAL DE DESENVOLVIMENTO SOCIAL E T;10;0.00;0.00
02;1729510102;2022;156;Transferências de Recursos do Fundo Estadual de Assistência Social (FEAS);3;PREFEITURA MUNICIPAL DE UBERLÂNDIA;Recursos FEAS Covid-19;SECRETARIA MUNICIPAL DE DESENVOLVIMENTO SOCIAL E T;10;0.00;0.00
02;1729510102;2022;156;Transferências de Recursos do Fundo Estadual de Assistência Social (FEAS);4;PREFEITURA MUNICIPAL DE UBERLÂNDIA;Recursos FEAS Covid-19;SECRETARIA MUNICIPAL DE DESENVOLVIMENTO SOCIAL E T;10;0.00;0.00
02;1729510102;2022;156;Transferências de Recursos do Fundo Estadual de Assistência Social (FEAS);5;PREFEITURA MUNICIPAL DE UBERLÂNDIA;Recursos FEAS Covid-19;SECRETARIA MUNICIPAL DE DESENVOLVIMENTO SOCIAL E T;10;0.00;0.00
02;1729510102;2022;156;Transferências de Recursos do Fundo Estadual de Assistência Social (FEAS);6;PREFEITURA MUNICIPAL DE UBERLÂNDIA;Recursos FEAS Covid-19;SECRETARIA MUNICIPAL DE DESENVOLVIMENTO SOCIAL E T;10;0.00;0.00
02;1729510102;2022;156;Transferências de Recursos do Fundo Estadual de Assistência Social (FEAS);7;PREFEITURA MUNICIPAL DE UBERLÂNDIA;Recursos FEAS Covid-19;SECRETARIA MUNICIPAL DE DESENVOLVIMENTO SOCIAL E T;10;0.00;0.00
02;1729510102;2022;156;Transferências de Recursos do Fundo Estadual de Assistência Social (FEAS);8;PREFEITURA MUNICIPAL DE UBERLÂNDIA;Recursos FEAS Covid-19;SECRETARIA MUNICIPAL DE DESENVOLVIMENTO SOCIAL E T;10;0.00;0.00
02;1729510102;2022;156;Transferências de Recursos do Fundo Estadual de Assistência Social (FEAS);9;PREFEITURA MUNICIPAL DE UBERLÂNDIA;Recursos FEAS Covid-19;SECRETARIA MUNICIPAL DE DESENVOLVIMENTO SOCIAL E T;10;0.00;0.00
02;1729510102;2022;156;Transferências de Recursos do Fundo Estadual de Assistência Social (FEAS);10;PREFEITURA MUNICIPAL DE UBERLÂNDIA;Recursos FEAS Covid-19;SECRETARIA MUNICIPAL DE DESENVOLVIMENTO SOCIAL E T;10;0.00;0.00
02;1729510102;2022;156;Transferências de Recursos do Fundo Estadual de Assistência Social (FEAS);11;PREFEITURA MUNICIPAL DE UBERLÂNDIA;Recursos FEAS Covid-19;SECRETARIA MUNICIPAL DE DESENVOLVIMENTO SOCIAL E T;10;0.00;98000.00
02;1729510102;2022;156;Transferências de Recursos do Fundo Estadual de Assistência Social (FEAS);12;PREFEITURA MUNICIPAL DE UBERLÂNDIA;Recursos FEAS Covid-19;SECRETARIA MUNICIPAL DE DESENVOLVIMENTO SOCIAL E T;10;0.00;0.00
02;1729510103;2022;156;Transferências de Recursos do Fundo Estadual de Assistência Social (FEAS);1;PREFEITURA MUNICIPAL DE UBERLÂNDIA;Recurso FEAS População de Rua;SECRETARIA MUNICIPAL DE DESENVOLVIMENTO SOCIAL E T;10;115000.00;0.00
02;1729520101;2022;106;Transferências de Recursos para o Programa Estadual de Transporte Escolar (PTE);1;PREFEITURA MUNICIPAL DE UBERLÂNDIA;Transferências Direta da SEE - PTE-MG - Educação;SECRETARIA MUNICIPAL DE EDUCAÇÃO;07;0.00;16297.27
02;1729520101;2022;106;Transferências de Recursos para o Programa Estadual de Transporte Escolar (PTE);2;PREFEITURA MUNICIPAL DE UBERLÂNDIA;Transferências Direta da SEE - PTE-MG - Educação;SECRETARIA MUNICIPAL DE EDUCAÇÃO;07;15942.35;0.00
02;1729520101;2022;106;Transferências de Recursos para o Programa Estadual de Transporte Escolar (PTE);3;PREFEITURA MUNICIPAL DE UBERLÂNDIA;Transferências Direta da SEE - PTE-MG - Educação;SECRETARIA MUNICIPAL DE EDUCAÇÃO;07;45634.97;57714.54
02;1729520101;2022;106;Transferências de Recursos para o Programa Estadual de Transporte Escolar (PTE);4;PREFEITURA MUNICIPAL DE UBERLÂNDIA;Transferências Direta da SEE - PTE-MG - Educação;SECRETARIA MUNICIPAL DE EDUCAÇÃO;07;30788.67;29335.08
02;1729520101;2022;106;Transferências de Recursos para o Programa Estadual de Transporte Escolar (PTE);5;PREFEITURA MUNICIPAL DE UBERLÂNDIA;Transferências Direta da SEE - PTE-MG - Educação;SECRETARIA MUNICIPAL DE EDUCAÇÃO;07;30788.66;22816.18
02;1729520101;2022;106;Transferências de Recursos para o Programa Estadual de Transporte Escolar (PTE);6;PREFEITURA MUNICIPAL DE UBERLÂNDIA;Transferências Direta da SEE - PTE-MG - Educação;SECRETARIA MUNICIPAL DE EDUCAÇÃO;07;30788.67;89444.52
02;1729520101;2022;106;Transferências de Recursos para o Programa Estadual de Transporte Escolar (PTE);7;PREFEITURA MUNICIPAL DE UBERLÂNDIA;Transferências Direta da SEE - PTE-MG - Educação;SECRETARIA MUNICIPAL DE EDUCAÇÃO;07;30788.67;6518.91
02;1729520101;2022;106;Transferências de Recursos para o Programa Estadual de Transporte Escolar (PTE);8;PREFEITURA MUNICIPAL DE UBERLÂNDIA;Transferências Direta da SEE - PTE-MG - Educação;SECRETARIA MUNICIPAL DE EDUCAÇÃO;07;30788.67;22816.18
02;1729520101;2022;106;Transferências de Recursos para o Programa Estadual de Transporte Escolar (PTE);9;PREFEITURA MUNICIPAL DE UBERLÂNDIA;Transferências Direta da SEE - PTE-MG - Educação;SECRETARIA MUNICIPAL DE EDUCAÇÃO;07;30788.67;212906.09
02;1729520101;2022;106;Transferências de Recursos para o Programa Estadual de Transporte Escolar (PTE);10;PREFEITURA MUNICIPAL DE UBERLÂNDIA;Transferências Direta da SEE - PTE-MG - Educação;SECRETARIA MUNICIPAL DE EDUCAÇÃO;07;30788.63;22816.18
02;1729520101;2022;106;Transferências de Recursos para o Programa Estadual de Transporte Escolar (PTE);11;PREFEITURA MUNICIPAL DE UBERLÂNDIA;Transferências Direta da SEE - PTE-MG - Educação;SECRETARIA MUNICIPAL DE EDUCAÇÃO;07;30788.66;22816.17
02;1729520101;2022;106;Transferências de Recursos para o Programa Estadual de Transporte Escolar (PTE);12;PREFEITURA MUNICIPAL DE UBERLÂNDIA;Transferências Direta da SEE - PTE-MG - Educação;SECRETARIA MUNICIPAL DE EDUCAÇÃO;07;0.00;6518.88
02;1729990101;2022;170;Outros Recursos Não Vinculados;1;PREFEITURA MUNICIPAL DE UBERLÂNDIA;Transf MP Exames Covid19 - Saúde;SECRETARIA MUNICIPAL DE SAÚDE;09;0.00;0.00
02;1729990101;2022;170;Outros Recursos Não Vinculados;2;PREFEITURA MUNICIPAL DE UBERLÂNDIA;Transf MP Exames Covid19 - Saúde;SECRETARIA MUNICIPAL DE SAÚDE;09;0.00;0.00
02;1729990101;2022;170;Outros Recursos Não Vinculados;3;PREFEITURA MUNICIPAL DE UBERLÂNDIA;Transf MP Exames Covid19 - Saúde;SECRETARIA MUNICIPAL DE SAÚDE;09;0.00;0.00
02;1729990101;2022;170;Outros Recursos Não Vinculados;4;PREFEITURA MUNICIPAL DE UBERLÂNDIA;Transf MP Exames Covid19 - Saúde;SECRETARIA MUNICIPAL DE SAÚDE;09;0.00;1692275.05
02;1729990101;2022;170;Outros Recursos Não Vinculados;5;PREFEITURA MUNICIPAL DE UBERLÂNDIA;Transf MP Exames Covid19 - Saúde;SECRETARIA MUNICIPAL DE SAÚDE;09;0.00;0.00
02;1729990101;2022;170;Outros Recursos Não Vinculados;6;PREFEITURA MUNICIPAL DE UBERLÂNDIA;Transf MP Exames Covid19 - Saúde;SECRETARIA MUNICIPAL DE SAÚDE;09;0.00;138476.23
02;1729990101;2022;170;Outros Recursos Não Vinculados;7;PREFEITURA MUNICIPAL DE UBERLÂNDIA;Transf MP Exames Covid19 - Saúde;SECRETARIA MUNICIPAL DE SAÚDE;09;0.00;0.00
02;1729990101;2022;170;Outros Recursos Não Vinculados;8;PREFEITURA MUNICIPAL DE UBERLÂNDIA;Transf MP Exames Covid19 - Saúde;SECRETARIA MUNICIPAL DE SAÚDE;09;0.00;169248.72
02;1729990101;2022;170;Outros Recursos Não Vinculados;9;PREFEITURA MUNICIPAL DE UBERLÂNDIA;Transf MP Exames Covid19 - Saúde;SECRETARIA MUNICIPAL DE SAÚDE;09;0.00;0.00
02;1729990101;2022;170;Outros Recursos Não Vinculados;10;PREFEITURA MUNICIPAL DE UBERLÂNDIA;Transf MP Exames Covid19 - Saúde;SECRETARIA MUNICIPAL DE SAÚDE;09;0.00;0.00
02;1729990101;2022;170;Outros Recursos Não Vinculados;11;PREFEITURA MUNICIPAL DE UBERLÂNDIA;Transf MP Exames Covid19 - Saúde;SECRETARIA MUNICIPAL DE SAÚDE;09;0.00;0.00
02;1729990101;2022;170;Outros Recursos Não Vinculados;12;PREFEITURA MUNICIPAL DE UBERLÂNDIA;Transf MP Exames Covid19 - Saúde;SECRETARIA MUNICIPAL DE SAÚDE;09;0.00;0.00
02;1729990102;2022;165;Outros Recursos Vinculados;1;PREFEITURA MUNICIPAL DE UBERLÂNDIA;Transf TAC - MPMG para Custeio - Saúde;SECRETARIA MUNICIPAL DE SAÚDE;09;20000.00;0.00
02;1729990102;2022;165;Outros Recursos Vinculados;12;PREFEITURA MUNICIPAL DE UBERLÂNDIA;Transf TAC - MPMG para Custeio - Saúde;SECRETARIA MUNICIPAL DE SAÚDE;09;3578333.20;0.00
02;1729990103;2022;165;Outros Recursos Vinculados;3;PREFEITURA MUNICIPAL DE UBERLÂNDIA;TAC - MPMG - Apoio ao Superendividado - PROCON;PROCURADORIA GERAL DO MUNICIPIO;04;100000.00;0.00
02;1729990103;2022;165;Outros Recursos Vinculados;5;PREFEITURA MUNICIPAL DE UBERLÂNDIA;TAC - MPMG - Apoio ao Superendividado - PROCON;PROCURADORIA GERAL DO MUNICIPIO;04;100000.00;0.00
02;1729990103;2022;165;Outros Recursos Vinculados;6;PREFEITURA MUNICIPAL DE UBERLÂNDIA;TAC - MPMG - Apoio ao Superendividado - PROCON;PROCURADORIA GERAL DO MUNICIPIO;04;50000.00;0.00
02;1729990104;2022;169;Transferência Especial dos Estados;7;PREFEITURA MUNICIPAL DE UBERLÂNDIA;Transf. Especial SEGOV 21/2022;SECRETARIA MUNICIPAL DE CULTURA;08;95000.00;0.00
02;1729990105;2022;170;Outros Recursos Não Vinculados;9;PREFEITURA MUNICIPAL DE UBERLÂNDIA;Repasses aos Municípios - ACO 3.594;SECRETARIA MUNICIPAL DE FINANÇAS;06;5539203.51;0.00
02;1729990105;2022;170;Outros Recursos Não Vinculados;10;PREFEITURA MUNICIPAL DE UBERLÂNDIA;Repasses aos Municípios - ACO 3.594;SECRETARIA MUNICIPAL DE FINANÇAS;06;7940658.46;0.00
02;1729990105;2022;170;Outros Recursos Não Vinculados;11;PREFEITURA MUNICIPAL DE UBERLÂNDIA;Repasses aos Municípios - ACO 3.594;SECRETARIA MUNICIPAL DE FINANÇAS;06;7788276.83;0.00
02;1729990105;2022;170;Outros Recursos Não Vinculados;12;PREFEITURA MUNICIPAL DE UBERLÂNDIA;Repasses aos Municípios - ACO 3.594;SECRETARIA MUNICIPAL DE FINANÇAS;06;7841392.29;0.00
02;1741990101;2022;170;Outros Recursos Não Vinculados;1;PREFEITURA MUNICIPAL DE UBERLÂNDIA;Doação de Instituição Privada - Fundo Municipal do;SECRETARIA MUNICIPAL DE DESENVOLVIMENTO SOCIAL E T;10;0.00;0.00
02;1741990101;2022;170;Outros Recursos Não Vinculados;2;PREFEITURA MUNICIPAL DE UBERLÂNDIA;Doação de Instituição Privada - Fundo Municipal do;SECRETARIA MUNICIPAL DE DESENVOLVIMENTO SOCIAL E T;10;64.08;0.00
02;1741990101;2022;170;Outros Recursos Não Vinculados;3;PREFEITURA MUNICIPAL DE UBERLÂNDIA;Doação de Instituição Privada - Fundo Municipal do;SECRETARIA MUNICIPAL DE DESENVOLVIMENTO SOCIAL E T;10;120000.00;28042.93
02;1741990101;2022;170;Outros Recursos Não Vinculados;4;PREFEITURA MUNICIPAL DE UBERLÂNDIA;Doação de Instituição Privada - Fundo Municipal do;SECRETARIA MUNICIPAL DE DESENVOLVIMENTO SOCIAL E T;10;100000.00;21661.36
02;1741990101;2022;170;Outros Recursos Não Vinculados;5;PREFEITURA MUNICIPAL DE UBERLÂNDIA;Doação de Instituição Privada - Fundo Municipal do;SECRETARIA MUNICIPAL DE DESENVOLVIMENTO SOCIAL E T;10;832.80;0.00
02;1741990101;2022;170;Outros Recursos Não Vinculados;6;PREFEITURA MUNICIPAL DE UBERLÂNDIA;Doação de Instituição Privada - Fundo Municipal do;SECRETARIA MUNICIPAL DE DESENVOLVIMENTO SOCIAL E T;10;226905.00;124105.44
02;1741990101;2022;170;Outros Recursos Não Vinculados;7;PREFEITURA MUNICIPAL DE UBERLÂNDIA;Doação de Instituição Privada - Fundo Municipal do;SECRETARIA MUNICIPAL DE DESENVOLVIMENTO SOCIAL E T;10;0.00;312074.45
02;1741990101;2022;170;Outros Recursos Não Vinculados;8;PREFEITURA MUNICIPAL DE UBERLÂNDIA;Doação de Instituição Privada - Fundo Municipal do;SECRETARIA MUNICIPAL DE DESENVOLVIMENTO SOCIAL E T;10;730529.74;0.00
02;1741990101;2022;170;Outros Recursos Não Vinculados;9;PREFEITURA MUNICIPAL DE UBERLÂNDIA;Doação de Instituição Privada - Fundo Municipal do;SECRETARIA MUNICIPAL DE DESENVOLVIMENTO SOCIAL E T;10;75526.00;0.00
02;1741990101;2022;170;Outros Recursos Não Vinculados;10;PREFEITURA MUNICIPAL DE UBERLÂNDIA;Doação de Instituição Privada - Fundo Municipal do;SECRETARIA MUNICIPAL DE DESENVOLVIMENTO SOCIAL E T;10;156.27;0.00
02;1741990101;2022;170;Outros Recursos Não Vinculados;11;PREFEITURA MUNICIPAL DE UBERLÂNDIA;Doação de Instituição Privada - Fundo Municipal do;SECRETARIA MUNICIPAL DE DESENVOLVIMENTO SOCIAL E T;10;101000.00;0.00
02;1741990101;2022;170;Outros Recursos Não Vinculados;12;PREFEITURA MUNICIPAL DE UBERLÂNDIA;Doação de Instituição Privada - Fundo Municipal do;SECRETARIA MUNICIPAL DE DESENVOLVIMENTO SOCIAL E T;10;622258.61;111115.82
02;1741990102;2022;170;Outros Recursos Não Vinculados;1;PREFEITURA MUNICIPAL DE UBERLÂNDIA;Doação de Instituição Privada - Fundo Municipal de;SECRETARIA MUNICIPAL DE CULTURA;08;0.00;0.00
02;1741990102;2022;170;Outros Recursos Não Vinculados;2;PREFEITURA MUNICIPAL DE UBERLÂNDIA;Doação de Instituição Privada - Fundo Municipal de;SECRETARIA MUNICIPAL DE CULTURA;08;0.00;12239.59
02;1741990102;2022;170;Outros Recursos Não Vinculados;3;PREFEITURA MUNICIPAL DE UBERLÂNDIA;Doação de Instituição Privada - Fundo Municipal de;SECRETARIA MUNICIPAL DE CULTURA;08;0.00;45567.34
02;1741990102;2022;170;Outros Recursos Não Vinculados;4;PREFEITURA MUNICIPAL DE UBERLÂNDIA;Doação de Instituição Privada - Fundo Municipal de;SECRETARIA MUNICIPAL DE CULTURA;08;0.00;44964.38
02;1741990102;2022;170;Outros Recursos Não Vinculados;5;PREFEITURA MUNICIPAL DE UBERLÂNDIA;Doação de Instituição Privada - Fundo Municipal de;SECRETARIA MUNICIPAL DE CULTURA;08;0.00;44964.38
02;1741990102;2022;170;Outros Recursos Não Vinculados;6;PREFEITURA MUNICIPAL DE UBERLÂNDIA;Doação de Instituição Privada - Fundo Municipal de;SECRETARIA MUNICIPAL DE CULTURA;08;0.00;46252.75
02;1741990102;2022;170;Outros Recursos Não Vinculados;7;PREFEITURA MUNICIPAL DE UBERLÂNDIA;Doação de Instituição Privada - Fundo Municipal de;SECRETARIA MUNICIPAL DE CULTURA;08;0.00;24994.52
02;1741990102;2022;170;Outros Recursos Não Vinculados;8;PREFEITURA MUNICIPAL DE UBERLÂNDIA;Doação de Instituição Privada - Fundo Municipal de;SECRETARIA MUNICIPAL DE CULTURA;08;0.00;48185.32
02;1741990102;2022;170;Outros Recursos Não Vinculados;9;PREFEITURA MUNICIPAL DE UBERLÂNDIA;Doação de Instituição Privada - Fundo Municipal de;SECRETARIA MUNICIPAL DE CULTURA;08;0.00;36589.92
02;1741990102;2022;170;Outros Recursos Não Vinculados;10;PREFEITURA MUNICIPAL DE UBERLÂNDIA;Doação de Instituição Privada - Fundo Municipal de;SECRETARIA MUNICIPAL DE CULTURA;08;0.00;36589.92
02;1741990102;2022;170;Outros Recursos Não Vinculados;11;PREFEITURA MUNICIPAL DE UBERLÂNDIA;Doação de Instituição Privada - Fundo Municipal de;SECRETARIA MUNICIPAL DE CULTURA;08;0.00;36589.92
02;1741990102;2022;170;Outros Recursos Não Vinculados;12;PREFEITURA MUNICIPAL DE UBERLÂNDIA;Doação de Instituição Privada - Fundo Municipal de;SECRETARIA MUNICIPAL DE CULTURA;08;0.00;23061.96
04;1741990103;2022;170;Outros Recursos Não Vinculados;1;Fundação Uberlandense Turismo Esporte Lazer;Doação de Instituição Privada - FME;FUNDAÇÃO UBERLANDENSE DE TURISMO, ESPORTE E LAZER-;19;0.00;8333.33
04;1741990103;2022;170;Outros Recursos Não Vinculados;2;Fundação Uberlandense Turismo Esporte Lazer;Doação de Instituição Privada - FME;FUNDAÇÃO UBERLANDENSE DE TURISMO, ESPORTE E LAZER-;19;0.00;8333.33
04;1741990103;2022;170;Outros Recursos Não Vinculados;3;Fundação Uberlandense Turismo Esporte Lazer;Doação de Instituição Privada - FME;FUNDAÇÃO UBERLANDENSE DE TURISMO, ESPORTE E LAZER-;19;0.00;8333.33
04;1741990103;2022;170;Outros Recursos Não Vinculados;4;Fundação Uberlandense Turismo Esporte Lazer;Doação de Instituição Privada - FME;FUNDAÇÃO UBERLANDENSE DE TURISMO, ESPORTE E LAZER-;19;0.00;8333.33
04;1741990103;2022;170;Outros Recursos Não Vinculados;5;Fundação Uberlandense Turismo Esporte Lazer;Doação de Instituição Privada - FME;FUNDAÇÃO UBERLANDENSE DE TURISMO, ESPORTE E LAZER-;19;0.00;8333.33
04;1741990103;2022;170;Outros Recursos Não Vinculados;6;Fundação Uberlandense Turismo Esporte Lazer;Doação de Instituição Privada - FME;FUNDAÇÃO UBERLANDENSE DE TURISMO, ESPORTE E LAZER-;19;0.00;8333.33
04;1741990103;2022;170;Outros Recursos Não Vinculados;7;Fundação Uberlandense Turismo Esporte Lazer;Doação de Instituição Privada - FME;FUNDAÇÃO UBERLANDENSE DE TURISMO, ESPORTE E LAZER-;19;0.00;8333.33
04;1741990103;2022;170;Outros Recursos Não Vinculados;8;Fundação Uberlandense Turismo Esporte Lazer;Doação de Instituição Privada - FME;FUNDAÇÃO UBERLANDENSE DE TURISMO, ESPORTE E LAZER-;19;0.00;8333.33
04;1741990103;2022;170;Outros Recursos Não Vinculados;9;Fundação Uberlandense Turismo Esporte Lazer;Doação de Instituição Privada - FME;FUNDAÇÃO UBERLANDENSE DE TURISMO, ESPORTE E LAZER-;19;0.00;8333.33
04;1741990103;2022;170;Outros Recursos Não Vinculados;10;Fundação Uberlandense Turismo Esporte Lazer;Doação de Instituição Privada - FME;FUNDAÇÃO UBERLANDENSE DE TURISMO, ESPORTE E LAZER-;19;0.00;8333.33
04;1741990103;2022;170;Outros Recursos Não Vinculados;11;Fundação Uberlandense Turismo Esporte Lazer;Doação de Instituição Privada - FME;FUNDAÇÃO UBERLANDENSE DE TURISMO, ESPORTE E LAZER-;19;0.00;8333.33
04;1741990103;2022;170;Outros Recursos Não Vinculados;12;Fundação Uberlandense Turismo Esporte Lazer;Doação de Instituição Privada - FME;FUNDAÇÃO UBERLANDENSE DE TURISMO, ESPORTE E LAZER-;19;0.00;8333.37
02;1751500101;2022;118;Transferências do FUNDEB para Aplicação na Remuneração dos Profissionais do Magistério em Efetivo Exercício na Educação Básica;1;PREFEITURA MUNICIPAL DE UBERLÂNDIA;Transferências de Recursos do FUNDEB ;SECRETARIA MUNICIPAL DE EDUCAÇÃO;07;24499931.00;38975472.28
02;1751500101;2022;119;Transferências do FUNDEB para Aplicação em Outras Despesas da Educação Básica;1;PREFEITURA MUNICIPAL DE UBERLÂNDIA;Transferências de Recursos do FUNDEB ;SECRETARIA MUNICIPAL DE EDUCAÇÃO;07;10499970.19;15637180.62
02;1751500101;2022;118;Transferências do FUNDEB para Aplicação na Remuneração dos Profissionais do Magistério em Efetivo Exercício na Educação Básica;2;PREFEITURA MUNICIPAL DE UBERLÂNDIA;Transferências de Recursos do FUNDEB ;SECRETARIA MUNICIPAL DE EDUCAÇÃO;07;24496723.79;31500072.31
02;1751500101;2022;119;Transferências do FUNDEB para Aplicação em Outras Despesas da Educação Básica;2;PREFEITURA MUNICIPAL DE UBERLÂNDIA;Transferências de Recursos do FUNDEB ;SECRETARIA MUNICIPAL DE EDUCAÇÃO;07;10498595.68;12638007.74
02;1751500101;2022;118;Transferências do FUNDEB para Aplicação na Remuneração dos Profissionais do Magistério em Efetivo Exercício na Educação Básica;3;PREFEITURA MUNICIPAL DE UBERLÂNDIA;Transferências de Recursos do FUNDEB ;SECRETARIA MUNICIPAL DE EDUCAÇÃO;07;29952251.32;31611493.99
02;1751500101;2022;119;Transferências do FUNDEB para Aplicação em Outras Despesas da Educação Básica;3;PREFEITURA MUNICIPAL DE UBERLÂNDIA;Transferências de Recursos do FUNDEB ;SECRETARIA MUNICIPAL DE EDUCAÇÃO;07;12836679.09;12682710.74
02;1751500101;2022;118;Transferências do FUNDEB para Aplicação na Remuneração dos Profissionais do Magistério em Efetivo Exercício na Educação Básica;4;PREFEITURA MUNICIPAL DE UBERLÂNDIA;Transferências de Recursos do FUNDEB ;SECRETARIA MUNICIPAL DE EDUCAÇÃO;07;23308491.77;25615336.81
02;1751500101;2022;119;Transferências do FUNDEB para Aplicação em Outras Despesas da Educação Básica;4;PREFEITURA MUNICIPAL DE UBERLÂNDIA;Transferências de Recursos do FUNDEB ;SECRETARIA MUNICIPAL DE EDUCAÇÃO;07;9989353.79;10277018.47
02;1751500101;2022;118;Transferências do FUNDEB para Aplicação na Remuneração dos Profissionais do Magistério em Efetivo Exercício na Educação Básica;5;PREFEITURA MUNICIPAL DE UBERLÂNDIA;Transferências de Recursos do FUNDEB ;SECRETARIA MUNICIPAL DE EDUCAÇÃO;07;29982575.40;26047820.35
02;1751500101;2022;119;Transferências do FUNDEB para Aplicação em Outras Despesas da Educação Básica;5;PREFEITURA MUNICIPAL DE UBERLÂNDIA;Transferências de Recursos do FUNDEB ;SECRETARIA MUNICIPAL DE EDUCAÇÃO;07;12849674.95;10450533.31
02;1751500101;2022;118;Transferências do FUNDEB para Aplicação na Remuneração dos Profissionais do Magistério em Efetivo Exercício na Educação Básica;6;PREFEITURA MUNICIPAL DE UBERLÂNDIA;Transferências de Recursos do FUNDEB ;SECRETARIA MUNICIPAL DE EDUCAÇÃO;07;22808827.65;24732054.62
02;1751500101;2022;119;Transferências do FUNDEB para Aplicação em Outras Despesas da Educação Básica;6;PREFEITURA MUNICIPAL DE UBERLÂNDIA;Transferências de Recursos do FUNDEB ;SECRETARIA MUNICIPAL DE EDUCAÇÃO;07;9775211.63;9922640.64
02;1751500101;2022;118;Transferências do FUNDEB para Aplicação na Remuneração dos Profissionais do Magistério em Efetivo Exercício na Educação Básica;7;PREFEITURA MUNICIPAL DE UBERLÂNDIA;Transferências de Recursos do FUNDEB ;SECRETARIA MUNICIPAL DE EDUCAÇÃO;07;23077854.99;15213092.84
02;1751500101;2022;119;Transferências do FUNDEB para Aplicação em Outras Despesas da Educação Básica;7;PREFEITURA MUNICIPAL DE UBERLÂNDIA;Transferências de Recursos do FUNDEB ;SECRETARIA MUNICIPAL DE EDUCAÇÃO;07;9890509.08;6103579.16
02;1751500101;2022;118;Transferências do FUNDEB para Aplicação na Remuneração dos Profissionais do Magistério em Efetivo Exercício na Educação Básica;8;PREFEITURA MUNICIPAL DE UBERLÂNDIA;Transferências de Recursos do FUNDEB ;SECRETARIA MUNICIPAL DE EDUCAÇÃO;07;25177175.57;15729267.06
02;1751500101;2022;119;Transferências do FUNDEB para Aplicação em Outras Despesas da Educação Básica;8;PREFEITURA MUNICIPAL DE UBERLÂNDIA;Transferências de Recursos do FUNDEB ;SECRETARIA MUNICIPAL DE EDUCAÇÃO;07;10790218.31;6310671.19
02;1751500101;2022;118;Transferências do FUNDEB para Aplicação na Remuneração dos Profissionais do Magistério em Efetivo Exercício na Educação Básica;9;PREFEITURA MUNICIPAL DE UBERLÂNDIA;Transferências de Recursos do FUNDEB ;SECRETARIA MUNICIPAL DE EDUCAÇÃO;07;19924945.43;19425754.95
02;1751500101;2022;119;Transferências do FUNDEB para Aplicação em Outras Despesas da Educação Básica;9;PREFEITURA MUNICIPAL DE UBERLÂNDIA;Transferências de Recursos do FUNDEB ;SECRETARIA MUNICIPAL DE EDUCAÇÃO;07;8539262.52;7793723.10
02;1751500101;2022;118;Transferências do FUNDEB para Aplicação na Remuneração dos Profissionais do Magistério em Efetivo Exercício na Educação Básica;10;PREFEITURA MUNICIPAL DE UBERLÂNDIA;Transferências de Recursos do FUNDEB ;SECRETARIA MUNICIPAL DE EDUCAÇÃO;07;22723820.68;16329862.22
02;1751500101;2022;119;Transferências do FUNDEB para Aplicação em Outras Despesas da Educação Básica;10;PREFEITURA MUNICIPAL DE UBERLÂNDIA;Transferências de Recursos do FUNDEB ;SECRETARIA MUNICIPAL DE EDUCAÇÃO;07;9053210.36;6551633.38
02;1751500101;2022;118;Transferências do FUNDEB para Aplicação na Remuneração dos Profissionais do Magistério em Efetivo Exercício na Educação Básica;11;PREFEITURA MUNICIPAL DE UBERLÂNDIA;Transferências de Recursos do FUNDEB ;SECRETARIA MUNICIPAL DE EDUCAÇÃO;07;23792993.41;16605532.66
02;1751500101;2022;119;Transferências do FUNDEB para Aplicação em Outras Despesas da Educação Básica;11;PREFEITURA MUNICIPAL DE UBERLÂNDIA;Transferências de Recursos do FUNDEB ;SECRETARIA MUNICIPAL DE EDUCAÇÃO;07;10196997.39;6662233.92
02;1751500101;2022;118;Transferências do FUNDEB para Aplicação na Remuneração dos Profissionais do Magistério em Efetivo Exercício na Educação Básica;12;PREFEITURA MUNICIPAL DE UBERLÂNDIA;Transferências de Recursos do FUNDEB ;SECRETARIA MUNICIPAL DE EDUCAÇÃO;07;24039712.19;20214239.91
02;1751500101;2022;119;Transferências do FUNDEB para Aplicação em Outras Despesas da Educação Básica;12;PREFEITURA MUNICIPAL DE UBERLÂNDIA;Transferências de Recursos do FUNDEB ;SECRETARIA MUNICIPAL DE EDUCAÇÃO;07;10302733.57;8110067.73
02;1751500102;2022;118;Transferências do FUNDEB para Aplicação na Remuneração dos Profissionais do Magistério em Efetivo Exercício na Educação Básica;1;PREFEITURA MUNICIPAL DE UBERLÂNDIA;FUNDEB - Acordo TJMG;SECRETARIA MUNICIPAL DE EDUCAÇÃO;07;3709946.78;0.00
02;1751500102;2022;119;Transferências do FUNDEB para Aplicação em Outras Despesas da Educação Básica;1;PREFEITURA MUNICIPAL DE UBERLÂNDIA;FUNDEB - Acordo TJMG;SECRETARIA MUNICIPAL DE EDUCAÇÃO;07;1589977.18;0.00
02;1751500102;2022;118;Transferências do FUNDEB para Aplicação na Remuneração dos Profissionais do Magistério em Efetivo Exercício na Educação Básica;2;PREFEITURA MUNICIPAL DE UBERLÂNDIA;FUNDEB - Acordo TJMG;SECRETARIA MUNICIPAL DE EDUCAÇÃO;07;1854973.39;0.00
02;1751500102;2022;119;Transferências do FUNDEB para Aplicação em Outras Despesas da Educação Básica;2;PREFEITURA MUNICIPAL DE UBERLÂNDIA;FUNDEB - Acordo TJMG;SECRETARIA MUNICIPAL DE EDUCAÇÃO;07;794988.59;0.00
02;1751500102;2022;118;Transferências do FUNDEB para Aplicação na Remuneração dos Profissionais do Magistério em Efetivo Exercício na Educação Básica;3;PREFEITURA MUNICIPAL DE UBERLÂNDIA;FUNDEB - Acordo TJMG;SECRETARIA MUNICIPAL DE EDUCAÇÃO;07;1854973.39;0.00
02;1751500102;2022;119;Transferências do FUNDEB para Aplicação em Outras Despesas da Educação Básica;3;PREFEITURA MUNICIPAL DE UBERLÂNDIA;FUNDEB - Acordo TJMG;SECRETARIA MUNICIPAL DE EDUCAÇÃO;07;794988.59;0.00
02;1751500102;2022;118;Transferências do FUNDEB para Aplicação na Remuneração dos Profissionais do Magistério em Efetivo Exercício na Educação Básica;4;PREFEITURA MUNICIPAL DE UBERLÂNDIA;FUNDEB - Acordo TJMG;SECRETARIA MUNICIPAL DE EDUCAÇÃO;07;1854973.38;0.00
02;1751500102;2022;119;Transferências do FUNDEB para Aplicação em Outras Despesas da Educação Básica;4;PREFEITURA MUNICIPAL DE UBERLÂNDIA;FUNDEB - Acordo TJMG;SECRETARIA MUNICIPAL DE EDUCAÇÃO;07;794988.60;0.00
02;1751500102;2022;118;Transferências do FUNDEB para Aplicação na Remuneração dos Profissionais do Magistério em Efetivo Exercício na Educação Básica;5;PREFEITURA MUNICIPAL DE UBERLÂNDIA;FUNDEB - Acordo TJMG;SECRETARIA MUNICIPAL DE EDUCAÇÃO;07;1854973.39;0.00
02;1751500102;2022;119;Transferências do FUNDEB para Aplicação em Outras Despesas da Educação Básica;5;PREFEITURA MUNICIPAL DE UBERLÂNDIA;FUNDEB - Acordo TJMG;SECRETARIA MUNICIPAL DE EDUCAÇÃO;07;794988.59;0.00
02;1751500102;2022;118;Transferências do FUNDEB para Aplicação na Remuneração dos Profissionais do Magistério em Efetivo Exercício na Educação Básica;6;PREFEITURA MUNICIPAL DE UBERLÂNDIA;FUNDEB - Acordo TJMG;SECRETARIA MUNICIPAL DE EDUCAÇÃO;07;5564920.16;0.00
02;1751500102;2022;119;Transferências do FUNDEB para Aplicação em Outras Despesas da Educação Básica;6;PREFEITURA MUNICIPAL DE UBERLÂNDIA;FUNDEB - Acordo TJMG;SECRETARIA MUNICIPAL DE EDUCAÇÃO;07;2384965.78;0.00
02;1791990101;2022;170;Outros Recursos Não Vinculados;1;PREFEITURA MUNICIPAL DE UBERLÂNDIA;Transferências Dep Judiciais para Saúde Mental;SECRETARIA MUNICIPAL DE SAÚDE;09;0.00;4166.67
02;1791990101;2022;170;Outros Recursos Não Vinculados;2;PREFEITURA MUNICIPAL DE UBERLÂNDIA;Transferências Dep Judiciais para Saúde Mental;SECRETARIA MUNICIPAL DE SAÚDE;09;0.00;4166.67
02;1791990101;2022;170;Outros Recursos Não Vinculados;3;PREFEITURA MUNICIPAL DE UBERLÂNDIA;Transferências Dep Judiciais para Saúde Mental;SECRETARIA MUNICIPAL DE SAÚDE;09;0.00;4166.67
02;1791990101;2022;170;Outros Recursos Não Vinculados;4;PREFEITURA MUNICIPAL DE UBERLÂNDIA;Transferências Dep Judiciais para Saúde Mental;SECRETARIA MUNICIPAL DE SAÚDE;09;0.00;4166.67
02;1791990101;2022;170;Outros Recursos Não Vinculados;5;PREFEITURA MUNICIPAL DE UBERLÂNDIA;Transferências Dep Judiciais para Saúde Mental;SECRETARIA MUNICIPAL DE SAÚDE;09;0.00;4166.67
02;1791990101;2022;170;Outros Recursos Não Vinculados;6;PREFEITURA MUNICIPAL DE UBERLÂNDIA;Transferências Dep Judiciais para Saúde Mental;SECRETARIA MUNICIPAL DE SAÚDE;09;0.00;4166.67
02;1791990101;2022;170;Outros Recursos Não Vinculados;7;PREFEITURA MUNICIPAL DE UBERLÂNDIA;Transferências Dep Judiciais para Saúde Mental;SECRETARIA MUNICIPAL DE SAÚDE;09;0.00;4166.67
02;1791990101;2022;170;Outros Recursos Não Vinculados;8;PREFEITURA MUNICIPAL DE UBERLÂNDIA;Transferências Dep Judiciais para Saúde Mental;SECRETARIA MUNICIPAL DE SAÚDE;09;0.00;4166.67
02;1791990101;2022;170;Outros Recursos Não Vinculados;9;PREFEITURA MUNICIPAL DE UBERLÂNDIA;Transferências Dep Judiciais para Saúde Mental;SECRETARIA MUNICIPAL DE SAÚDE;09;0.00;4166.67
02;1791990101;2022;170;Outros Recursos Não Vinculados;10;PREFEITURA MUNICIPAL DE UBERLÂNDIA;Transferências Dep Judiciais para Saúde Mental;SECRETARIA MUNICIPAL DE SAÚDE;09;0.00;4166.67
02;1791990101;2022;170;Outros Recursos Não Vinculados;11;PREFEITURA MUNICIPAL DE UBERLÂNDIA;Transferências Dep Judiciais para Saúde Mental;SECRETARIA MUNICIPAL DE SAÚDE;09;0.00;4166.67
02;1791990101;2022;170;Outros Recursos Não Vinculados;12;PREFEITURA MUNICIPAL DE UBERLÂNDIA;Transferências Dep Judiciais para Saúde Mental;SECRETARIA MUNICIPAL DE SAÚDE;09;0.00;4166.63
02;1791990102;2022;170;Outros Recursos Não Vinculados;1;PREFEITURA MUNICIPAL DE UBERLÂNDIA;Transferências Dep Judiciais para COMAD;SECRETARIA MUNICIPAL DE SAÚDE;09;0.00;8083.33
02;1791990102;2022;170;Outros Recursos Não Vinculados;2;PREFEITURA MUNICIPAL DE UBERLÂNDIA;Transferências Dep Judiciais para COMAD;SECRETARIA MUNICIPAL DE SAÚDE;09;0.00;8083.33
02;1791990102;2022;170;Outros Recursos Não Vinculados;3;PREFEITURA MUNICIPAL DE UBERLÂNDIA;Transferências Dep Judiciais para COMAD;SECRETARIA MUNICIPAL DE SAÚDE;09;0.00;8083.33
02;1791990102;2022;170;Outros Recursos Não Vinculados;4;PREFEITURA MUNICIPAL DE UBERLÂNDIA;Transferências Dep Judiciais para COMAD;SECRETARIA MUNICIPAL DE SAÚDE;09;0.00;8083.33
02;1791990102;2022;170;Outros Recursos Não Vinculados;5;PREFEITURA MUNICIPAL DE UBERLÂNDIA;Transferências Dep Judiciais para COMAD;SECRETARIA MUNICIPAL DE SAÚDE;09;0.00;8083.33
02;1791990102;2022;170;Outros Recursos Não Vinculados;6;PREFEITURA MUNICIPAL DE UBERLÂNDIA;Transferências Dep Judiciais para COMAD;SECRETARIA MUNICIPAL DE SAÚDE;09;0.00;8083.33
02;1791990102;2022;170;Outros Recursos Não Vinculados;7;PREFEITURA MUNICIPAL DE UBERLÂNDIA;Transferências Dep Judiciais para COMAD;SECRETARIA MUNICIPAL DE SAÚDE;09;0.00;8083.33
02;1791990102;2022;170;Outros Recursos Não Vinculados;8;PREFEITURA MUNICIPAL DE UBERLÂNDIA;Transferências Dep Judiciais para COMAD;SECRETARIA MUNICIPAL DE SAÚDE;09;0.00;8083.33
02;1791990102;2022;170;Outros Recursos Não Vinculados;9;PREFEITURA MUNICIPAL DE UBERLÂNDIA;Transferências Dep Judiciais para COMAD;SECRETARIA MUNICIPAL DE SAÚDE;09;0.00;8083.33
02;1791990102;2022;170;Outros Recursos Não Vinculados;10;PREFEITURA MUNICIPAL DE UBERLÂNDIA;Transferências Dep Judiciais para COMAD;SECRETARIA MUNICIPAL DE SAÚDE;09;0.00;8083.33
02;1791990102;2022;170;Outros Recursos Não Vinculados;11;PREFEITURA MUNICIPAL DE UBERLÂNDIA;Transferências Dep Judiciais para COMAD;SECRETARIA MUNICIPAL DE SAÚDE;09;0.00;8083.33
02;1791990102;2022;170;Outros Recursos Não Vinculados;12;PREFEITURA MUNICIPAL DE UBERLÂNDIA;Transferências Dep Judiciais para COMAD;SECRETARIA MUNICIPAL DE SAÚDE;09;0.00;8083.37
02;1911010101;2022;157;Multas de Trânsito;1;PREFEITURA MUNICIPAL DE UBERLÂNDIA;Multas Previstas em Legislação Específica - FMTT;SECRETARIA MUNICIPAL DE TRÂNSITO E TRANSPORTES;15;3119118.50;4011432.80
02;1911010101;2022;157;Multas de Trânsito;2;PREFEITURA MUNICIPAL DE UBERLÂNDIA;Multas Previstas em Legislação Específica - FMTT;SECRETARIA MUNICIPAL DE TRÂNSITO E TRANSPORTES;15;2903956.48;3712400.64
02;1911010101;2022;157;Multas de Trânsito;3;PREFEITURA MUNICIPAL DE UBERLÂNDIA;Multas Previstas em Legislação Específica - FMTT;SECRETARIA MUNICIPAL DE TRÂNSITO E TRANSPORTES;15;2561206.44;3805802.31
02;1911010101;2022;157;Multas de Trânsito;4;PREFEITURA MUNICIPAL DE UBERLÂNDIA;Multas Previstas em Legislação Específica - FMTT;SECRETARIA MUNICIPAL DE TRÂNSITO E TRANSPORTES;15;2150265.62;3761615.01
02;1911010101;2022;157;Multas de Trânsito;5;PREFEITURA MUNICIPAL DE UBERLÂNDIA;Multas Previstas em Legislação Específica - FMTT;SECRETARIA MUNICIPAL DE TRÂNSITO E TRANSPORTES;15;2071585.02;3769751.60
02;1911010101;2022;157;Multas de Trânsito;6;PREFEITURA MUNICIPAL DE UBERLÂNDIA;Multas Previstas em Legislação Específica - FMTT;SECRETARIA MUNICIPAL DE TRÂNSITO E TRANSPORTES;15;3060460.76;3669037.43
02;1911010101;2022;157;Multas de Trânsito;7;PREFEITURA MUNICIPAL DE UBERLÂNDIA;Multas Previstas em Legislação Específica - FMTT;SECRETARIA MUNICIPAL DE TRÂNSITO E TRANSPORTES;15;3590894.27;3758231.96
02;1911010101;2022;157;Multas de Trânsito;8;PREFEITURA MUNICIPAL DE UBERLÂNDIA;Multas Previstas em Legislação Específica - FMTT;SECRETARIA MUNICIPAL DE TRÂNSITO E TRANSPORTES;15;5099827.35;3538269.19
02;1911010101;2022;157;Multas de Trânsito;9;PREFEITURA MUNICIPAL DE UBERLÂNDIA;Multas Previstas em Legislação Específica - FMTT;SECRETARIA MUNICIPAL DE TRÂNSITO E TRANSPORTES;15;6059562.80;2418688.81
02;1911010101;2022;157;Multas de Trânsito;10;PREFEITURA MUNICIPAL DE UBERLÂNDIA;Multas Previstas em Legislação Específica - FMTT;SECRETARIA MUNICIPAL DE TRÂNSITO E TRANSPORTES;15;3402897.04;2209947.96
02;1911010101;2022;157;Multas de Trânsito;11;PREFEITURA MUNICIPAL DE UBERLÂNDIA;Multas Previstas em Legislação Específica - FMTT;SECRETARIA MUNICIPAL DE TRÂNSITO E TRANSPORTES;15;5602901.59;3302781.37
02;1911010101;2022;157;Multas de Trânsito;12;PREFEITURA MUNICIPAL DE UBERLÂNDIA;Multas Previstas em Legislação Específica - FMTT;SECRETARIA MUNICIPAL DE TRÂNSITO E TRANSPORTES;15;6540444.97;2042040.92
02;1911010102;2022;157;Multas de Trânsito;1;PREFEITURA MUNICIPAL DE UBERLÂNDIA;Multas Previstas - FMTT ESTADUAL;SECRETARIA MUNICIPAL DE TRÂNSITO E TRANSPORTES;15;0.00;0.00
02;1911010102;2022;157;Multas de Trânsito;2;PREFEITURA MUNICIPAL DE UBERLÂNDIA;Multas Previstas - FMTT ESTADUAL;SECRETARIA MUNICIPAL DE TRÂNSITO E TRANSPORTES;15;0.00;0.00
02;1911010102;2022;157;Multas de Trânsito;3;PREFEITURA MUNICIPAL DE UBERLÂNDIA;Multas Previstas - FMTT ESTADUAL;SECRETARIA MUNICIPAL DE TRÂNSITO E TRANSPORTES;15;0.00;0.00
02;1911010102;2022;157;Multas de Trânsito;4;PREFEITURA MUNICIPAL DE UBERLÂNDIA;Multas Previstas - FMTT ESTADUAL;SECRETARIA MUNICIPAL DE TRÂNSITO E TRANSPORTES;15;0.00;0.00
02;1911010102;2022;157;Multas de Trânsito;5;PREFEITURA MUNICIPAL DE UBERLÂNDIA;Multas Previstas - FMTT ESTADUAL;SECRETARIA MUNICIPAL DE TRÂNSITO E TRANSPORTES;15;0.00;0.00
02;1911010102;2022;157;Multas de Trânsito;6;PREFEITURA MUNICIPAL DE UBERLÂNDIA;Multas Previstas - FMTT ESTADUAL;SECRETARIA MUNICIPAL DE TRÂNSITO E TRANSPORTES;15;0.00;0.00
02;1911010102;2022;157;Multas de Trânsito;7;PREFEITURA MUNICIPAL DE UBERLÂNDIA;Multas Previstas - FMTT ESTADUAL;SECRETARIA MUNICIPAL DE TRÂNSITO E TRANSPORTES;15;0.00;14574.68
02;1911010102;2022;157;Multas de Trânsito;8;PREFEITURA MUNICIPAL DE UBERLÂNDIA;Multas Previstas - FMTT ESTADUAL;SECRETARIA MUNICIPAL DE TRÂNSITO E TRANSPORTES;15;0.00;0.00
02;1911010102;2022;157;Multas de Trânsito;9;PREFEITURA MUNICIPAL DE UBERLÂNDIA;Multas Previstas - FMTT ESTADUAL;SECRETARIA MUNICIPAL DE TRÂNSITO E TRANSPORTES;15;0.00;24175.55
02;1911010102;2022;157;Multas de Trânsito;10;PREFEITURA MUNICIPAL DE UBERLÂNDIA;Multas Previstas - FMTT ESTADUAL;SECRETARIA MUNICIPAL DE TRÂNSITO E TRANSPORTES;15;0.00;0.00
02;1911010102;2022;157;Multas de Trânsito;11;PREFEITURA MUNICIPAL DE UBERLÂNDIA;Multas Previstas - FMTT ESTADUAL;SECRETARIA MUNICIPAL DE TRÂNSITO E TRANSPORTES;15;0.00;0.00
02;1911010102;2022;157;Multas de Trânsito;12;PREFEITURA MUNICIPAL DE UBERLÂNDIA;Multas Previstas - FMTT ESTADUAL;SECRETARIA MUNICIPAL DE TRÂNSITO E TRANSPORTES;15;0.00;11249.77
02;1911010103;2022;170;Outros Recursos Não Vinculados;1;PREFEITURA MUNICIPAL DE UBERLÂNDIA;Multas de Dec. Da Oper. Transp. Rod. Pass. E Carga;SECRETARIA MUNICIPAL DE TRÂNSITO E TRANSPORTES;15;4957.60;56627.88
02;1911010103;2022;170;Outros Recursos Não Vinculados;2;PREFEITURA MUNICIPAL DE UBERLÂNDIA;Multas de Dec. Da Oper. Transp. Rod. Pass. E Carga;SECRETARIA MUNICIPAL DE TRÂNSITO E TRANSPORTES;15;1720.46;18484.87
02;1911010103;2022;170;Outros Recursos Não Vinculados;3;PREFEITURA MUNICIPAL DE UBERLÂNDIA;Multas de Dec. Da Oper. Transp. Rod. Pass. E Carga;SECRETARIA MUNICIPAL DE TRÂNSITO E TRANSPORTES;15;8336.62;7431.94
02;1911010103;2022;170;Outros Recursos Não Vinculados;4;PREFEITURA MUNICIPAL DE UBERLÂNDIA;Multas de Dec. Da Oper. Transp. Rod. Pass. E Carga;SECRETARIA MUNICIPAL DE TRÂNSITO E TRANSPORTES;15;5048.49;3186.26
02;1911010103;2022;170;Outros Recursos Não Vinculados;5;PREFEITURA MUNICIPAL DE UBERLÂNDIA;Multas de Dec. Da Oper. Transp. Rod. Pass. E Carga;SECRETARIA MUNICIPAL DE TRÂNSITO E TRANSPORTES;15;5048.52;22502.99
02;1911010103;2022;170;Outros Recursos Não Vinculados;6;PREFEITURA MUNICIPAL DE UBERLÂNDIA;Multas de Dec. Da Oper. Transp. Rod. Pass. E Carga;SECRETARIA MUNICIPAL DE TRÂNSITO E TRANSPORTES;15;5130.49;11515.45
02;1911010103;2022;170;Outros Recursos Não Vinculados;7;PREFEITURA MUNICIPAL DE UBERLÂNDIA;Multas de Dec. Da Oper. Transp. Rod. Pass. E Carga;SECRETARIA MUNICIPAL DE TRÂNSITO E TRANSPORTES;15;5168.80;11088.72
02;1911010103;2022;170;Outros Recursos Não Vinculados;8;PREFEITURA MUNICIPAL DE UBERLÂNDIA;Multas de Dec. Da Oper. Transp. Rod. Pass. E Carga;SECRETARIA MUNICIPAL DE TRÂNSITO E TRANSPORTES;15;7974.78;3828.85
02;1911010103;2022;170;Outros Recursos Não Vinculados;9;PREFEITURA MUNICIPAL DE UBERLÂNDIA;Multas de Dec. Da Oper. Transp. Rod. Pass. E Carga;SECRETARIA MUNICIPAL DE TRÂNSITO E TRANSPORTES;15;7823.64;12630.15
02;1911010103;2022;170;Outros Recursos Não Vinculados;10;PREFEITURA MUNICIPAL DE UBERLÂNDIA;Multas de Dec. Da Oper. Transp. Rod. Pass. E Carga;SECRETARIA MUNICIPAL DE TRÂNSITO E TRANSPORTES;15;3986498.40;911.52
02;1911010103;2022;170;Outros Recursos Não Vinculados;11;PREFEITURA MUNICIPAL DE UBERLÂNDIA;Multas de Dec. Da Oper. Transp. Rod. Pass. E Carga;SECRETARIA MUNICIPAL DE TRÂNSITO E TRANSPORTES;15;6331.94;7041.05
02;1911010103;2022;170;Outros Recursos Não Vinculados;12;PREFEITURA MUNICIPAL DE UBERLÂNDIA;Multas de Dec. Da Oper. Transp. Rod. Pass. E Carga;SECRETARIA MUNICIPAL DE TRÂNSITO E TRANSPORTES;15;6106.67;4750.32
02;1911010104;2022;170;Outros Recursos Não Vinculados;1;PREFEITURA MUNICIPAL DE UBERLÂNDIA;Auto de Infração - Serviços Urbanos;SECRETARIA MUNICIPAL DE FINANÇAS;06;108569.90;37028.78
02;1911010104;2022;170;Outros Recursos Não Vinculados;2;PREFEITURA MUNICIPAL DE UBERLÂNDIA;Auto de Infração - Serviços Urbanos;SECRETARIA MUNICIPAL DE FINANÇAS;06;81636.52;145781.16
02;1911010104;2022;170;Outros Recursos Não Vinculados;3;PREFEITURA MUNICIPAL DE UBERLÂNDIA;Auto de Infração - Serviços Urbanos;SECRETARIA MUNICIPAL DE FINANÇAS;06;34147.00;114638.55
02;1911010104;2022;170;Outros Recursos Não Vinculados;4;PREFEITURA MUNICIPAL DE UBERLÂNDIA;Auto de Infração - Serviços Urbanos;SECRETARIA MUNICIPAL DE FINANÇAS;06;15403.39;141028.23
02;1911010104;2022;170;Outros Recursos Não Vinculados;5;PREFEITURA MUNICIPAL DE UBERLÂNDIA;Auto de Infração - Serviços Urbanos;SECRETARIA MUNICIPAL DE FINANÇAS;06;24500.26;92154.23
02;1911010104;2022;170;Outros Recursos Não Vinculados;6;PREFEITURA MUNICIPAL DE UBERLÂNDIA;Auto de Infração - Serviços Urbanos;SECRETARIA MUNICIPAL DE FINANÇAS;06;18025.80;68115.10
02;1911010104;2022;170;Outros Recursos Não Vinculados;7;PREFEITURA MUNICIPAL DE UBERLÂNDIA;Auto de Infração - Serviços Urbanos;SECRETARIA MUNICIPAL DE FINANÇAS;06;27608.35;62497.95
02;1911010104;2022;170;Outros Recursos Não Vinculados;8;PREFEITURA MUNICIPAL DE UBERLÂNDIA;Auto de Infração - Serviços Urbanos;SECRETARIA MUNICIPAL DE FINANÇAS;06;30406.58;42676.47
02;1911010104;2022;170;Outros Recursos Não Vinculados;9;PREFEITURA MUNICIPAL DE UBERLÂNDIA;Auto de Infração - Serviços Urbanos;SECRETARIA MUNICIPAL DE FINANÇAS;06;19522.96;54019.91
02;1911010104;2022;170;Outros Recursos Não Vinculados;10;PREFEITURA MUNICIPAL DE UBERLÂNDIA;Auto de Infração - Serviços Urbanos;SECRETARIA MUNICIPAL DE FINANÇAS;06;28570.22;76775.29
02;1911010104;2022;170;Outros Recursos Não Vinculados;11;PREFEITURA MUNICIPAL DE UBERLÂNDIA;Auto de Infração - Serviços Urbanos;SECRETARIA MUNICIPAL DE FINANÇAS;06;50427.25;61965.55
02;1911010104;2022;170;Outros Recursos Não Vinculados;12;PREFEITURA MUNICIPAL DE UBERLÂNDIA;Auto de Infração - Serviços Urbanos;SECRETARIA MUNICIPAL DE FINANÇAS;06;25832.23;44285.78
02;1911010105;2022;170;Outros Recursos Não Vinculados;1;PREFEITURA MUNICIPAL DE UBERLÂNDIA;Auto de Infração - AIDOA;SECRETARIA MUNICIPAL DE FINANÇAS;06;202.21;650.57
02;1911010105;2022;170;Outros Recursos Não Vinculados;2;PREFEITURA MUNICIPAL DE UBERLÂNDIA;Auto de Infração - AIDOA;SECRETARIA MUNICIPAL DE FINANÇAS;06;166.78;469.79
02;1911010105;2022;170;Outros Recursos Não Vinculados;3;PREFEITURA MUNICIPAL DE UBERLÂNDIA;Auto de Infração - AIDOA;SECRETARIA MUNICIPAL DE FINANÇAS;06;365.68;673.20
02;1911010105;2022;170;Outros Recursos Não Vinculados;4;PREFEITURA MUNICIPAL DE UBERLÂNDIA;Auto de Infração - AIDOA;SECRETARIA MUNICIPAL DE FINANÇAS;06;0.00;122.25
02;1911010105;2022;170;Outros Recursos Não Vinculados;5;PREFEITURA MUNICIPAL DE UBERLÂNDIA;Auto de Infração - AIDOA;SECRETARIA MUNICIPAL DE FINANÇAS;06;364.17;121.51
02;1911010105;2022;170;Outros Recursos Não Vinculados;6;PREFEITURA MUNICIPAL DE UBERLÂNDIA;Auto de Infração - AIDOA;SECRETARIA MUNICIPAL DE FINANÇAS;06;0.00;224.63
02;1911010105;2022;170;Outros Recursos Não Vinculados;7;PREFEITURA MUNICIPAL DE UBERLÂNDIA;Auto de Infração - AIDOA;SECRETARIA MUNICIPAL DE FINANÇAS;06;0.00;272.95
02;1911010105;2022;170;Outros Recursos Não Vinculados;8;PREFEITURA MUNICIPAL DE UBERLÂNDIA;Auto de Infração - AIDOA;SECRETARIA MUNICIPAL DE FINANÇAS;06;74.07;304.74
02;1911010105;2022;170;Outros Recursos Não Vinculados;9;PREFEITURA MUNICIPAL DE UBERLÂNDIA;Auto de Infração - AIDOA;SECRETARIA MUNICIPAL DE FINANÇAS;06;358.90;0.00
02;1911010105;2022;170;Outros Recursos Não Vinculados;10;PREFEITURA MUNICIPAL DE UBERLÂNDIA;Auto de Infração - AIDOA;SECRETARIA MUNICIPAL DE FINANÇAS;06;166.78;224.07
02;1911010105;2022;170;Outros Recursos Não Vinculados;11;PREFEITURA MUNICIPAL DE UBERLÂNDIA;Auto de Infração - AIDOA;SECRETARIA MUNICIPAL DE FINANÇAS;06;364.09;306.12
02;1911010105;2022;170;Outros Recursos Não Vinculados;12;PREFEITURA MUNICIPAL DE UBERLÂNDIA;Auto de Infração - AIDOA;SECRETARIA MUNICIPAL DE FINANÇAS;06;803.49;1842.17
02;1911010106;2022;170;Outros Recursos Não Vinculados;1;PREFEITURA MUNICIPAL DE UBERLÂNDIA;Auto de Infração - PROCON;PROCURADORIA GERAL DO MUNICIPIO;04;0.00;0.00
02;1911010106;2022;170;Outros Recursos Não Vinculados;2;PREFEITURA MUNICIPAL DE UBERLÂNDIA;Auto de Infração - PROCON;PROCURADORIA GERAL DO MUNICIPIO;04;0.00;130380.81
02;1911010106;2022;170;Outros Recursos Não Vinculados;3;PREFEITURA MUNICIPAL DE UBERLÂNDIA;Auto de Infração - PROCON;PROCURADORIA GERAL DO MUNICIPIO;04;0.00;0.00
02;1911010106;2022;170;Outros Recursos Não Vinculados;4;PREFEITURA MUNICIPAL DE UBERLÂNDIA;Auto de Infração - PROCON;PROCURADORIA GERAL DO MUNICIPIO;04;0.00;24867.84
02;1911010106;2022;170;Outros Recursos Não Vinculados;5;PREFEITURA MUNICIPAL DE UBERLÂNDIA;Auto de Infração - PROCON;PROCURADORIA GERAL DO MUNICIPIO;04;0.00;0.00
02;1911010106;2022;170;Outros Recursos Não Vinculados;6;PREFEITURA MUNICIPAL DE UBERLÂNDIA;Auto de Infração - PROCON;PROCURADORIA GERAL DO MUNICIPIO;04;0.00;0.00
02;1911010106;2022;170;Outros Recursos Não Vinculados;7;PREFEITURA MUNICIPAL DE UBERLÂNDIA;Auto de Infração - PROCON;PROCURADORIA GERAL DO MUNICIPIO;04;2582.26;495004.68
02;1911010106;2022;170;Outros Recursos Não Vinculados;8;PREFEITURA MUNICIPAL DE UBERLÂNDIA;Auto de Infração - PROCON;PROCURADORIA GERAL DO MUNICIPIO;04;1066.10;0.00
02;1911010106;2022;170;Outros Recursos Não Vinculados;9;PREFEITURA MUNICIPAL DE UBERLÂNDIA;Auto de Infração - PROCON;PROCURADORIA GERAL DO MUNICIPIO;04;0.00;0.00
02;1911010106;2022;170;Outros Recursos Não Vinculados;10;PREFEITURA MUNICIPAL DE UBERLÂNDIA;Auto de Infração - PROCON;PROCURADORIA GERAL DO MUNICIPIO;04;0.00;0.00
02;1911010106;2022;170;Outros Recursos Não Vinculados;11;PREFEITURA MUNICIPAL DE UBERLÂNDIA;Auto de Infração - PROCON;PROCURADORIA GERAL DO MUNICIPIO;04;0.00;24990.95
02;1911010106;2022;170;Outros Recursos Não Vinculados;12;PREFEITURA MUNICIPAL DE UBERLÂNDIA;Auto de Infração - PROCON;PROCURADORIA GERAL DO MUNICIPIO;04;0.00;593755.72
02;1911010107;2022;170;Outros Recursos Não Vinculados;1;PREFEITURA MUNICIPAL DE UBERLÂNDIA;Auto de Infração - FMDA;SECRETARIA MUNICIPAL DE MEIO AMBIENTE;03;3000.00;1242.87
02;1911010107;2022;170;Outros Recursos Não Vinculados;2;PREFEITURA MUNICIPAL DE UBERLÂNDIA;Auto de Infração - FMDA;SECRETARIA MUNICIPAL DE MEIO AMBIENTE;03;42800.00;4662.10
02;1911010107;2022;170;Outros Recursos Não Vinculados;3;PREFEITURA MUNICIPAL DE UBERLÂNDIA;Auto de Infração - FMDA;SECRETARIA MUNICIPAL DE MEIO AMBIENTE;03;6168.30;4564.09
02;1911010107;2022;170;Outros Recursos Não Vinculados;4;PREFEITURA MUNICIPAL DE UBERLÂNDIA;Auto de Infração - FMDA;SECRETARIA MUNICIPAL DE MEIO AMBIENTE;03;5283.92;61567.96
02;1911010107;2022;170;Outros Recursos Não Vinculados;5;PREFEITURA MUNICIPAL DE UBERLÂNDIA;Auto de Infração - FMDA;SECRETARIA MUNICIPAL DE MEIO AMBIENTE;03;90354.22;8504.72
02;1911010107;2022;170;Outros Recursos Não Vinculados;6;PREFEITURA MUNICIPAL DE UBERLÂNDIA;Auto de Infração - FMDA;SECRETARIA MUNICIPAL DE MEIO AMBIENTE;03;22689.53;3662.30
02;1911010107;2022;170;Outros Recursos Não Vinculados;7;PREFEITURA MUNICIPAL DE UBERLÂNDIA;Auto de Infração - FMDA;SECRETARIA MUNICIPAL DE MEIO AMBIENTE;03;4427.25;10327.21
02;1911010107;2022;170;Outros Recursos Não Vinculados;8;PREFEITURA MUNICIPAL DE UBERLÂNDIA;Auto de Infração - FMDA;SECRETARIA MUNICIPAL DE MEIO AMBIENTE;03;3846.19;0.00
02;1911010107;2022;170;Outros Recursos Não Vinculados;9;PREFEITURA MUNICIPAL DE UBERLÂNDIA;Auto de Infração - FMDA;SECRETARIA MUNICIPAL DE MEIO AMBIENTE;03;5332.06;18682.87
02;1911010107;2022;170;Outros Recursos Não Vinculados;10;PREFEITURA MUNICIPAL DE UBERLÂNDIA;Auto de Infração - FMDA;SECRETARIA MUNICIPAL DE MEIO AMBIENTE;03;4861.75;6189.32
02;1911010107;2022;170;Outros Recursos Não Vinculados;11;PREFEITURA MUNICIPAL DE UBERLÂNDIA;Auto de Infração - FMDA;SECRETARIA MUNICIPAL DE MEIO AMBIENTE;03;5432.41;372.85
02;1911010107;2022;170;Outros Recursos Não Vinculados;12;PREFEITURA MUNICIPAL DE UBERLÂNDIA;Auto de Infração - FMDA;SECRETARIA MUNICIPAL DE MEIO AMBIENTE;03;5145.15;223.71
02;1911010108;2022;170;Outros Recursos Não Vinculados;1;PREFEITURA MUNICIPAL DE UBERLÂNDIA;Auto de Infração - AGROPECUÁRIA;SECRETARIA MUNICIPAL DE FINANÇAS;06;279.62;2429.01
02;1911010108;2022;170;Outros Recursos Não Vinculados;2;PREFEITURA MUNICIPAL DE UBERLÂNDIA;Auto de Infração - AGROPECUÁRIA;SECRETARIA MUNICIPAL DE FINANÇAS;06;1520.00;2057.16
02;1911010108;2022;170;Outros Recursos Não Vinculados;3;PREFEITURA MUNICIPAL DE UBERLÂNDIA;Auto de Infração - AGROPECUÁRIA;SECRETARIA MUNICIPAL DE FINANÇAS;06;1445.00;1627.82
02;1911010108;2022;170;Outros Recursos Não Vinculados;4;PREFEITURA MUNICIPAL DE UBERLÂNDIA;Auto de Infração - AGROPECUÁRIA;SECRETARIA MUNICIPAL DE FINANÇAS;06;2500.00;1130.90
02;1911010108;2022;170;Outros Recursos Não Vinculados;5;PREFEITURA MUNICIPAL DE UBERLÂNDIA;Auto de Infração - AGROPECUÁRIA;SECRETARIA MUNICIPAL DE FINANÇAS;06;650.00;561.31
02;1911010108;2022;170;Outros Recursos Não Vinculados;6;PREFEITURA MUNICIPAL DE UBERLÂNDIA;Auto de Infração - AGROPECUÁRIA;SECRETARIA MUNICIPAL DE FINANÇAS;06;1300.00;3071.35
02;1911010108;2022;170;Outros Recursos Não Vinculados;7;PREFEITURA MUNICIPAL DE UBERLÂNDIA;Auto de Infração - AGROPECUÁRIA;SECRETARIA MUNICIPAL DE FINANÇAS;06;1470.00;437.05
02;1911010108;2022;170;Outros Recursos Não Vinculados;8;PREFEITURA MUNICIPAL DE UBERLÂNDIA;Auto de Infração - AGROPECUÁRIA;SECRETARIA MUNICIPAL DE FINANÇAS;06;1180.00;301.83
02;1911010108;2022;170;Outros Recursos Não Vinculados;9;PREFEITURA MUNICIPAL DE UBERLÂNDIA;Auto de Infração - AGROPECUÁRIA;SECRETARIA MUNICIPAL DE FINANÇAS;06;940.00;2780.09
02;1911010108;2022;170;Outros Recursos Não Vinculados;10;PREFEITURA MUNICIPAL DE UBERLÂNDIA;Auto de Infração - AGROPECUÁRIA;SECRETARIA MUNICIPAL DE FINANÇAS;06;250.00;2032.41
02;1911010108;2022;170;Outros Recursos Não Vinculados;11;PREFEITURA MUNICIPAL DE UBERLÂNDIA;Auto de Infração - AGROPECUÁRIA;SECRETARIA MUNICIPAL DE FINANÇAS;06;250.00;4699.76
02;1911010108;2022;170;Outros Recursos Não Vinculados;12;PREFEITURA MUNICIPAL DE UBERLÂNDIA;Auto de Infração - AGROPECUÁRIA;SECRETARIA MUNICIPAL DE FINANÇAS;06;1310.00;1971.31
02;1911010109;2022;170;Outros Recursos Não Vinculados;1;PREFEITURA MUNICIPAL DE UBERLÂNDIA;Auto de Infração - OBRAS;SECRETARIA MUNICIPAL DE FINANÇAS;06;0.00;0.00
02;1911010109;2022;170;Outros Recursos Não Vinculados;2;PREFEITURA MUNICIPAL DE UBERLÂNDIA;Auto de Infração - OBRAS;SECRETARIA MUNICIPAL DE FINANÇAS;06;0.00;479.24
02;1911010109;2022;170;Outros Recursos Não Vinculados;3;PREFEITURA MUNICIPAL DE UBERLÂNDIA;Auto de Infração - OBRAS;SECRETARIA MUNICIPAL DE FINANÇAS;06;0.00;88.21
02;1911010109;2022;170;Outros Recursos Não Vinculados;4;PREFEITURA MUNICIPAL DE UBERLÂNDIA;Auto de Infração - OBRAS;SECRETARIA MUNICIPAL DE FINANÇAS;06;0.00;0.00
02;1911010109;2022;170;Outros Recursos Não Vinculados;5;PREFEITURA MUNICIPAL DE UBERLÂNDIA;Auto de Infração - OBRAS;SECRETARIA MUNICIPAL DE FINANÇAS;06;0.00;547.00
02;1911010109;2022;170;Outros Recursos Não Vinculados;6;PREFEITURA MUNICIPAL DE UBERLÂNDIA;Auto de Infração - OBRAS;SECRETARIA MUNICIPAL DE FINANÇAS;06;0.00;0.00
02;1911010109;2022;170;Outros Recursos Não Vinculados;7;PREFEITURA MUNICIPAL DE UBERLÂNDIA;Auto de Infração - OBRAS;SECRETARIA MUNICIPAL DE FINANÇAS;06;0.00;0.00
02;1911010109;2022;170;Outros Recursos Não Vinculados;8;PREFEITURA MUNICIPAL DE UBERLÂNDIA;Auto de Infração - OBRAS;SECRETARIA MUNICIPAL DE FINANÇAS;06;0.00;0.00
02;1911010109;2022;170;Outros Recursos Não Vinculados;9;PREFEITURA MUNICIPAL DE UBERLÂNDIA;Auto de Infração - OBRAS;SECRETARIA MUNICIPAL DE FINANÇAS;06;0.00;0.00
02;1911010109;2022;170;Outros Recursos Não Vinculados;10;PREFEITURA MUNICIPAL DE UBERLÂNDIA;Auto de Infração - OBRAS;SECRETARIA MUNICIPAL DE FINANÇAS;06;0.00;0.00
02;1911010109;2022;170;Outros Recursos Não Vinculados;11;PREFEITURA MUNICIPAL DE UBERLÂNDIA;Auto de Infração - OBRAS;SECRETARIA MUNICIPAL DE FINANÇAS;06;0.00;1383.33
02;1911010109;2022;170;Outros Recursos Não Vinculados;12;PREFEITURA MUNICIPAL DE UBERLÂNDIA;Auto de Infração - OBRAS;SECRETARIA MUNICIPAL DE FINANÇAS;06;0.00;134.22
02;1911010110;2022;170;Outros Recursos Não Vinculados;1;PREFEITURA MUNICIPAL DE UBERLÂNDIA;Auto de Infração - ISSQN;SECRETARIA MUNICIPAL DE FINANÇAS;06;10.75;2788.17
02;1911010110;2022;170;Outros Recursos Não Vinculados;2;PREFEITURA MUNICIPAL DE UBERLÂNDIA;Auto de Infração - ISSQN;SECRETARIA MUNICIPAL DE FINANÇAS;06;0.00;399.87
02;1911010110;2022;170;Outros Recursos Não Vinculados;3;PREFEITURA MUNICIPAL DE UBERLÂNDIA;Auto de Infração - ISSQN;SECRETARIA MUNICIPAL DE FINANÇAS;06;28.18;1271.32
02;1911010110;2022;170;Outros Recursos Não Vinculados;4;PREFEITURA MUNICIPAL DE UBERLÂNDIA;Auto de Infração - ISSQN;SECRETARIA MUNICIPAL DE FINANÇAS;06;21579.30;1947.96
02;1911010110;2022;170;Outros Recursos Não Vinculados;5;PREFEITURA MUNICIPAL DE UBERLÂNDIA;Auto de Infração - ISSQN;SECRETARIA MUNICIPAL DE FINANÇAS;06;5.90;4801.64
02;1911010110;2022;170;Outros Recursos Não Vinculados;6;PREFEITURA MUNICIPAL DE UBERLÂNDIA;Auto de Infração - ISSQN;SECRETARIA MUNICIPAL DE FINANÇAS;06;6580.64;1761.48
02;1911010110;2022;170;Outros Recursos Não Vinculados;7;PREFEITURA MUNICIPAL DE UBERLÂNDIA;Auto de Infração - ISSQN;SECRETARIA MUNICIPAL DE FINANÇAS;06;10204.55;3118.66
02;1911010110;2022;170;Outros Recursos Não Vinculados;8;PREFEITURA MUNICIPAL DE UBERLÂNDIA;Auto de Infração - ISSQN;SECRETARIA MUNICIPAL DE FINANÇAS;06;6756.03;58.77
02;1911010110;2022;170;Outros Recursos Não Vinculados;9;PREFEITURA MUNICIPAL DE UBERLÂNDIA;Auto de Infração - ISSQN;SECRETARIA MUNICIPAL DE FINANÇAS;06;10600.49;1867.62
02;1911010110;2022;170;Outros Recursos Não Vinculados;10;PREFEITURA MUNICIPAL DE UBERLÂNDIA;Auto de Infração - ISSQN;SECRETARIA MUNICIPAL DE FINANÇAS;06;7388.72;1120.11
02;1911010110;2022;170;Outros Recursos Não Vinculados;11;PREFEITURA MUNICIPAL DE UBERLÂNDIA;Auto de Infração - ISSQN;SECRETARIA MUNICIPAL DE FINANÇAS;06;10996.64;539.37
02;1911010110;2022;170;Outros Recursos Não Vinculados;12;PREFEITURA MUNICIPAL DE UBERLÂNDIA;Auto de Infração - ISSQN;SECRETARIA MUNICIPAL DE FINANÇAS;06;12118.39;848.03
03;1911010111;2022;170;Outros Recursos Não Vinculados;1;Departamento Municipal de Agua e Esgoto;Auto de Infração - DMAE;DEPARTAMENTO MUNICIPAL DE AGUA E ESGOTO - DMAE;17;10509.02;3000.00
03;1911010111;2022;170;Outros Recursos Não Vinculados;2;Departamento Municipal de Agua e Esgoto;Auto de Infração - DMAE;DEPARTAMENTO MUNICIPAL DE AGUA E ESGOTO - DMAE;17;16754.68;7000.00
03;1911010111;2022;170;Outros Recursos Não Vinculados;3;Departamento Municipal de Agua e Esgoto;Auto de Infração - DMAE;DEPARTAMENTO MUNICIPAL DE AGUA E ESGOTO - DMAE;17;14621.44;11000.00
03;1911010111;2022;170;Outros Recursos Não Vinculados;4;Departamento Municipal de Agua e Esgoto;Auto de Infração - DMAE;DEPARTAMENTO MUNICIPAL DE AGUA E ESGOTO - DMAE;17;13603.80;6000.00
03;1911010111;2022;170;Outros Recursos Não Vinculados;5;Departamento Municipal de Agua e Esgoto;Auto de Infração - DMAE;DEPARTAMENTO MUNICIPAL DE AGUA E ESGOTO - DMAE;17;21865.03;7000.00
03;1911010111;2022;170;Outros Recursos Não Vinculados;6;Departamento Municipal de Agua e Esgoto;Auto de Infração - DMAE;DEPARTAMENTO MUNICIPAL DE AGUA E ESGOTO - DMAE;17;22638.47;6000.00
03;1911010111;2022;170;Outros Recursos Não Vinculados;7;Departamento Municipal de Agua e Esgoto;Auto de Infração - DMAE;DEPARTAMENTO MUNICIPAL DE AGUA E ESGOTO - DMAE;17;17091.17;7000.00
03;1911010111;2022;170;Outros Recursos Não Vinculados;8;Departamento Municipal de Agua e Esgoto;Auto de Infração - DMAE;DEPARTAMENTO MUNICIPAL DE AGUA E ESGOTO - DMAE;17;25020.49;12000.00
03;1911010111;2022;170;Outros Recursos Não Vinculados;9;Departamento Municipal de Agua e Esgoto;Auto de Infração - DMAE;DEPARTAMENTO MUNICIPAL DE AGUA E ESGOTO - DMAE;17;35229.73;15000.00
03;1911010111;2022;170;Outros Recursos Não Vinculados;10;Departamento Municipal de Agua e Esgoto;Auto de Infração - DMAE;DEPARTAMENTO MUNICIPAL DE AGUA E ESGOTO - DMAE;17;24874.29;7000.00
03;1911010111;2022;170;Outros Recursos Não Vinculados;11;Departamento Municipal de Agua e Esgoto;Auto de Infração - DMAE;DEPARTAMENTO MUNICIPAL DE AGUA E ESGOTO - DMAE;17;22900.09;10000.00
03;1911010111;2022;170;Outros Recursos Não Vinculados;12;Departamento Municipal de Agua e Esgoto;Auto de Infração - DMAE;DEPARTAMENTO MUNICIPAL DE AGUA E ESGOTO - DMAE;17;20690.94;14000.00
02;1911010112;2022;170;Outros Recursos Não Vinculados;1;PREFEITURA MUNICIPAL DE UBERLÂNDIA;Auto de Infração - FMHIS;SECRETARIA MUNICIPAL DE DESENVOLVIMENTO SOCIAL E T;10;0.00;83.33
02;1911010112;2022;170;Outros Recursos Não Vinculados;2;PREFEITURA MUNICIPAL DE UBERLÂNDIA;Auto de Infração - FMHIS;SECRETARIA MUNICIPAL DE DESENVOLVIMENTO SOCIAL E T;10;0.00;83.33
02;1911010112;2022;170;Outros Recursos Não Vinculados;3;PREFEITURA MUNICIPAL DE UBERLÂNDIA;Auto de Infração - FMHIS;SECRETARIA MUNICIPAL DE DESENVOLVIMENTO SOCIAL E T;10;0.00;83.33
02;1911010112;2022;170;Outros Recursos Não Vinculados;4;PREFEITURA MUNICIPAL DE UBERLÂNDIA;Auto de Infração - FMHIS;SECRETARIA MUNICIPAL DE DESENVOLVIMENTO SOCIAL E T;10;0.00;83.33
02;1911010112;2022;170;Outros Recursos Não Vinculados;5;PREFEITURA MUNICIPAL DE UBERLÂNDIA;Auto de Infração - FMHIS;SECRETARIA MUNICIPAL DE DESENVOLVIMENTO SOCIAL E T;10;0.00;83.33
02;1911010112;2022;170;Outros Recursos Não Vinculados;6;PREFEITURA MUNICIPAL DE UBERLÂNDIA;Auto de Infração - FMHIS;SECRETARIA MUNICIPAL DE DESENVOLVIMENTO SOCIAL E T;10;0.00;83.33
02;1911010112;2022;170;Outros Recursos Não Vinculados;7;PREFEITURA MUNICIPAL DE UBERLÂNDIA;Auto de Infração - FMHIS;SECRETARIA MUNICIPAL DE DESENVOLVIMENTO SOCIAL E T;10;0.00;83.33
02;1911010112;2022;170;Outros Recursos Não Vinculados;8;PREFEITURA MUNICIPAL DE UBERLÂNDIA;Auto de Infração - FMHIS;SECRETARIA MUNICIPAL DE DESENVOLVIMENTO SOCIAL E T;10;0.00;83.33
02;1911010112;2022;170;Outros Recursos Não Vinculados;9;PREFEITURA MUNICIPAL DE UBERLÂNDIA;Auto de Infração - FMHIS;SECRETARIA MUNICIPAL DE DESENVOLVIMENTO SOCIAL E T;10;0.00;83.33
02;1911010112;2022;170;Outros Recursos Não Vinculados;10;PREFEITURA MUNICIPAL DE UBERLÂNDIA;Auto de Infração - FMHIS;SECRETARIA MUNICIPAL DE DESENVOLVIMENTO SOCIAL E T;10;0.00;83.33
02;1911010112;2022;170;Outros Recursos Não Vinculados;11;PREFEITURA MUNICIPAL DE UBERLÂNDIA;Auto de Infração - FMHIS;SECRETARIA MUNICIPAL DE DESENVOLVIMENTO SOCIAL E T;10;0.00;83.33
02;1911010112;2022;170;Outros Recursos Não Vinculados;12;PREFEITURA MUNICIPAL DE UBERLÂNDIA;Auto de Infração - FMHIS;SECRETARIA MUNICIPAL DE DESENVOLVIMENTO SOCIAL E T;10;0.00;83.37
02;1911010113;2022;170;Outros Recursos Não Vinculados;1;PREFEITURA MUNICIPAL DE UBERLÂNDIA;Auto de Infração - SMF - Finanças;SECRETARIA MUNICIPAL DE FINANÇAS;06;7194.97;25380.68
02;1911010113;2022;170;Outros Recursos Não Vinculados;2;PREFEITURA MUNICIPAL DE UBERLÂNDIA;Auto de Infração - SMF - Finanças;SECRETARIA MUNICIPAL DE FINANÇAS;06;10653.04;30796.02
02;1911010113;2022;170;Outros Recursos Não Vinculados;3;PREFEITURA MUNICIPAL DE UBERLÂNDIA;Auto de Infração - SMF - Finanças;SECRETARIA MUNICIPAL DE FINANÇAS;06;10494.36;23296.10
02;1911010113;2022;170;Outros Recursos Não Vinculados;4;PREFEITURA MUNICIPAL DE UBERLÂNDIA;Auto de Infração - SMF - Finanças;SECRETARIA MUNICIPAL DE FINANÇAS;06;25915.02;15269.04
02;1911010113;2022;170;Outros Recursos Não Vinculados;5;PREFEITURA MUNICIPAL DE UBERLÂNDIA;Auto de Infração - SMF - Finanças;SECRETARIA MUNICIPAL DE FINANÇAS;06;10460.37;26085.21
02;1911010113;2022;170;Outros Recursos Não Vinculados;6;PREFEITURA MUNICIPAL DE UBERLÂNDIA;Auto de Infração - SMF - Finanças;SECRETARIA MUNICIPAL DE FINANÇAS;06;434126.97;20922.99
02;1911010113;2022;170;Outros Recursos Não Vinculados;7;PREFEITURA MUNICIPAL DE UBERLÂNDIA;Auto de Infração - SMF - Finanças;SECRETARIA MUNICIPAL DE FINANÇAS;06;16108.77;17614.80
02;1911010113;2022;170;Outros Recursos Não Vinculados;8;PREFEITURA MUNICIPAL DE UBERLÂNDIA;Auto de Infração - SMF - Finanças;SECRETARIA MUNICIPAL DE FINANÇAS;06;7815.63;19455.36
02;1911010113;2022;170;Outros Recursos Não Vinculados;9;PREFEITURA MUNICIPAL DE UBERLÂNDIA;Auto de Infração - SMF - Finanças;SECRETARIA MUNICIPAL DE FINANÇAS;06;34593.89;13652.91
02;1911010113;2022;170;Outros Recursos Não Vinculados;10;PREFEITURA MUNICIPAL DE UBERLÂNDIA;Auto de Infração - SMF - Finanças;SECRETARIA MUNICIPAL DE FINANÇAS;06;5716.47;15694.11
02;1911010113;2022;170;Outros Recursos Não Vinculados;11;PREFEITURA MUNICIPAL DE UBERLÂNDIA;Auto de Infração - SMF - Finanças;SECRETARIA MUNICIPAL DE FINANÇAS;06;10348.63;19552.55
02;1911010113;2022;170;Outros Recursos Não Vinculados;12;PREFEITURA MUNICIPAL DE UBERLÂNDIA;Auto de Infração - SMF - Finanças;SECRETARIA MUNICIPAL DE FINANÇAS;06;10256.54;15976.23
03;1911010114;2022;170;Outros Recursos Não Vinculados;1;Departamento Municipal de Agua e Esgoto;Auto de Infração - PREMEND - DMAE;DEPARTAMENTO MUNICIPAL DE AGUA E ESGOTO - DMAE;17;52.92;0.00
03;1911010114;2022;170;Outros Recursos Não Vinculados;2;Departamento Municipal de Agua e Esgoto;Auto de Infração - PREMEND - DMAE;DEPARTAMENTO MUNICIPAL DE AGUA E ESGOTO - DMAE;17;0.00;0.00
03;1911010114;2022;170;Outros Recursos Não Vinculados;3;Departamento Municipal de Agua e Esgoto;Auto de Infração - PREMEND - DMAE;DEPARTAMENTO MUNICIPAL DE AGUA E ESGOTO - DMAE;17;32.41;6000.00
03;1911010114;2022;170;Outros Recursos Não Vinculados;4;Departamento Municipal de Agua e Esgoto;Auto de Infração - PREMEND - DMAE;DEPARTAMENTO MUNICIPAL DE AGUA E ESGOTO - DMAE;17;32.14;0.00
03;1911010114;2022;170;Outros Recursos Não Vinculados;5;Departamento Municipal de Agua e Esgoto;Auto de Infração - PREMEND - DMAE;DEPARTAMENTO MUNICIPAL DE AGUA E ESGOTO - DMAE;17;0.00;0.00
03;1911010114;2022;170;Outros Recursos Não Vinculados;6;Departamento Municipal de Agua e Esgoto;Auto de Infração - PREMEND - DMAE;DEPARTAMENTO MUNICIPAL DE AGUA E ESGOTO - DMAE;17;0.00;5000.00
03;1911010114;2022;170;Outros Recursos Não Vinculados;7;Departamento Municipal de Agua e Esgoto;Auto de Infração - PREMEND - DMAE;DEPARTAMENTO MUNICIPAL DE AGUA E ESGOTO - DMAE;17;0.00;0.00
03;1911010114;2022;170;Outros Recursos Não Vinculados;8;Departamento Municipal de Agua e Esgoto;Auto de Infração - PREMEND - DMAE;DEPARTAMENTO MUNICIPAL DE AGUA E ESGOTO - DMAE;17;54.26;1000.00
03;1911010114;2022;170;Outros Recursos Não Vinculados;9;Departamento Municipal de Agua e Esgoto;Auto de Infração - PREMEND - DMAE;DEPARTAMENTO MUNICIPAL DE AGUA E ESGOTO - DMAE;17;54.26;12000.00
03;1911010114;2022;170;Outros Recursos Não Vinculados;10;Departamento Municipal de Agua e Esgoto;Auto de Infração - PREMEND - DMAE;DEPARTAMENTO MUNICIPAL DE AGUA E ESGOTO - DMAE;17;54.26;0.00
03;1911010114;2022;170;Outros Recursos Não Vinculados;11;Departamento Municipal de Agua e Esgoto;Auto de Infração - PREMEND - DMAE;DEPARTAMENTO MUNICIPAL DE AGUA E ESGOTO - DMAE;17;54.26;0.00
03;1911010114;2022;170;Outros Recursos Não Vinculados;12;Departamento Municipal de Agua e Esgoto;Auto de Infração - PREMEND - DMAE;DEPARTAMENTO MUNICIPAL DE AGUA E ESGOTO - DMAE;17;54.26;0.00
02;1911010115;2022;170;Outros Recursos Não Vinculados;1;PREFEITURA MUNICIPAL DE UBERLÂNDIA;Auto de Infração - AIDOASN;SECRETARIA MUNICIPAL DE FINANÇAS;06;1047.36;2147.07
02;1911010115;2022;170;Outros Recursos Não Vinculados;2;PREFEITURA MUNICIPAL DE UBERLÂNDIA;Auto de Infração - AIDOASN;SECRETARIA MUNICIPAL DE FINANÇAS;06;1491.24;568.80
02;1911010115;2022;170;Outros Recursos Não Vinculados;3;PREFEITURA MUNICIPAL DE UBERLÂNDIA;Auto de Infração - AIDOASN;SECRETARIA MUNICIPAL DE FINANÇAS;06;0.00;1364.32
02;1911010115;2022;170;Outros Recursos Não Vinculados;4;PREFEITURA MUNICIPAL DE UBERLÂNDIA;Auto de Infração - AIDOASN;SECRETARIA MUNICIPAL DE FINANÇAS;06;500.00;637.84
02;1911010115;2022;170;Outros Recursos Não Vinculados;5;PREFEITURA MUNICIPAL DE UBERLÂNDIA;Auto de Infração - AIDOASN;SECRETARIA MUNICIPAL DE FINANÇAS;06;4833.42;1719.88
02;1911010115;2022;170;Outros Recursos Não Vinculados;6;PREFEITURA MUNICIPAL DE UBERLÂNDIA;Auto de Infração - AIDOASN;SECRETARIA MUNICIPAL DE FINANÇAS;06;5285.59;429.87
02;1911010115;2022;170;Outros Recursos Não Vinculados;7;PREFEITURA MUNICIPAL DE UBERLÂNDIA;Auto de Infração - AIDOASN;SECRETARIA MUNICIPAL DE FINANÇAS;06;1455.97;933.43
02;1911010115;2022;170;Outros Recursos Não Vinculados;8;PREFEITURA MUNICIPAL DE UBERLÂNDIA;Auto de Infração - AIDOASN;SECRETARIA MUNICIPAL DE FINANÇAS;06;1527.35;2694.65
02;1911010115;2022;170;Outros Recursos Não Vinculados;9;PREFEITURA MUNICIPAL DE UBERLÂNDIA;Auto de Infração - AIDOASN;SECRETARIA MUNICIPAL DE FINANÇAS;06;5266.42;1623.36
02;1911010115;2022;170;Outros Recursos Não Vinculados;10;PREFEITURA MUNICIPAL DE UBERLÂNDIA;Auto de Infração - AIDOASN;SECRETARIA MUNICIPAL DE FINANÇAS;06;11117.46;1408.58
02;1911010115;2022;170;Outros Recursos Não Vinculados;11;PREFEITURA MUNICIPAL DE UBERLÂNDIA;Auto de Infração - AIDOASN;SECRETARIA MUNICIPAL DE FINANÇAS;06;3907.93;747.69
02;1911010115;2022;170;Outros Recursos Não Vinculados;12;PREFEITURA MUNICIPAL DE UBERLÂNDIA;Auto de Infração - AIDOASN;SECRETARIA MUNICIPAL DE FINANÇAS;06;4794.01;2187.51
02;1911010116;2022;170;Outros Recursos Não Vinculados;1;PREFEITURA MUNICIPAL DE UBERLÂNDIA;Auto de Infração - FMU;SECRETARIA MUNICIPAL DE PLANEJAMENTO URBANO;34;1578.32;17500.00
02;1911010116;2022;170;Outros Recursos Não Vinculados;2;PREFEITURA MUNICIPAL DE UBERLÂNDIA;Auto de Infração - FMU;SECRETARIA MUNICIPAL DE PLANEJAMENTO URBANO;34;1426.10;17500.00
02;1911010116;2022;170;Outros Recursos Não Vinculados;3;PREFEITURA MUNICIPAL DE UBERLÂNDIA;Auto de Infração - FMU;SECRETARIA MUNICIPAL DE PLANEJAMENTO URBANO;34;3391.44;17500.00
02;1911010116;2022;170;Outros Recursos Não Vinculados;4;PREFEITURA MUNICIPAL DE UBERLÂNDIA;Auto de Infração - FMU;SECRETARIA MUNICIPAL DE PLANEJAMENTO URBANO;34;3042.95;17500.00
02;1911010116;2022;170;Outros Recursos Não Vinculados;5;PREFEITURA MUNICIPAL DE UBERLÂNDIA;Auto de Infração - FMU;SECRETARIA MUNICIPAL DE PLANEJAMENTO URBANO;34;1877.27;17500.00
02;1911010116;2022;170;Outros Recursos Não Vinculados;6;PREFEITURA MUNICIPAL DE UBERLÂNDIA;Auto de Infração - FMU;SECRETARIA MUNICIPAL DE PLANEJAMENTO URBANO;34;2206.75;17500.00
02;1911010116;2022;170;Outros Recursos Não Vinculados;7;PREFEITURA MUNICIPAL DE UBERLÂNDIA;Auto de Infração - FMU;SECRETARIA MUNICIPAL DE PLANEJAMENTO URBANO;34;3011.23;17500.00
02;1911010116;2022;170;Outros Recursos Não Vinculados;8;PREFEITURA MUNICIPAL DE UBERLÂNDIA;Auto de Infração - FMU;SECRETARIA MUNICIPAL DE PLANEJAMENTO URBANO;34;7865.76;17500.00
02;1911010116;2022;170;Outros Recursos Não Vinculados;9;PREFEITURA MUNICIPAL DE UBERLÂNDIA;Auto de Infração - FMU;SECRETARIA MUNICIPAL DE PLANEJAMENTO URBANO;34;3263.11;17500.00
02;1911010116;2022;170;Outros Recursos Não Vinculados;10;PREFEITURA MUNICIPAL DE UBERLÂNDIA;Auto de Infração - FMU;SECRETARIA MUNICIPAL DE PLANEJAMENTO URBANO;34;4932.15;17500.00
02;1911010116;2022;170;Outros Recursos Não Vinculados;11;PREFEITURA MUNICIPAL DE UBERLÂNDIA;Auto de Infração - FMU;SECRETARIA MUNICIPAL DE PLANEJAMENTO URBANO;34;2329.14;17500.00
02;1911010116;2022;170;Outros Recursos Não Vinculados;12;PREFEITURA MUNICIPAL DE UBERLÂNDIA;Auto de Infração - FMU;SECRETARIA MUNICIPAL DE PLANEJAMENTO URBANO;34;6158.72;17500.00
02;1911010117;2022;170;Outros Recursos Não Vinculados;1;PREFEITURA MUNICIPAL DE UBERLÂNDIA;Auto de Infração - PRED- FMU;SECRETARIA MUNICIPAL DE PLANEJAMENTO URBANO;34;0.00;61250.00
02;1911010117;2022;170;Outros Recursos Não Vinculados;2;PREFEITURA MUNICIPAL DE UBERLÂNDIA;Auto de Infração - PRED- FMU;SECRETARIA MUNICIPAL DE PLANEJAMENTO URBANO;34;0.00;61250.00
02;1911010117;2022;170;Outros Recursos Não Vinculados;3;PREFEITURA MUNICIPAL DE UBERLÂNDIA;Auto de Infração - PRED- FMU;SECRETARIA MUNICIPAL DE PLANEJAMENTO URBANO;34;0.00;61250.00
02;1911010117;2022;170;Outros Recursos Não Vinculados;4;PREFEITURA MUNICIPAL DE UBERLÂNDIA;Auto de Infração - PRED- FMU;SECRETARIA MUNICIPAL DE PLANEJAMENTO URBANO;34;0.00;61250.00
02;1911010117;2022;170;Outros Recursos Não Vinculados;5;PREFEITURA MUNICIPAL DE UBERLÂNDIA;Auto de Infração - PRED- FMU;SECRETARIA MUNICIPAL DE PLANEJAMENTO URBANO;34;0.00;61250.00
02;1911010117;2022;170;Outros Recursos Não Vinculados;6;PREFEITURA MUNICIPAL DE UBERLÂNDIA;Auto de Infração - PRED- FMU;SECRETARIA MUNICIPAL DE PLANEJAMENTO URBANO;34;0.00;61250.00
02;1911010117;2022;170;Outros Recursos Não Vinculados;7;PREFEITURA MUNICIPAL DE UBERLÂNDIA;Auto de Infração - PRED- FMU;SECRETARIA MUNICIPAL DE PLANEJAMENTO URBANO;34;24911.28;61250.00
02;1911010117;2022;170;Outros Recursos Não Vinculados;8;PREFEITURA MUNICIPAL DE UBERLÂNDIA;Auto de Infração - PRED- FMU;SECRETARIA MUNICIPAL DE PLANEJAMENTO URBANO;34;75907.71;61250.00
02;1911010117;2022;170;Outros Recursos Não Vinculados;9;PREFEITURA MUNICIPAL DE UBERLÂNDIA;Auto de Infração - PRED- FMU;SECRETARIA MUNICIPAL DE PLANEJAMENTO URBANO;34;36510.98;61250.00
02;1911010117;2022;170;Outros Recursos Não Vinculados;10;PREFEITURA MUNICIPAL DE UBERLÂNDIA;Auto de Infração - PRED- FMU;SECRETARIA MUNICIPAL DE PLANEJAMENTO URBANO;34;83882.33;61250.00
02;1911010117;2022;170;Outros Recursos Não Vinculados;11;PREFEITURA MUNICIPAL DE UBERLÂNDIA;Auto de Infração - PRED- FMU;SECRETARIA MUNICIPAL DE PLANEJAMENTO URBANO;34;80842.75;61250.00
02;1911010117;2022;170;Outros Recursos Não Vinculados;12;PREFEITURA MUNICIPAL DE UBERLÂNDIA;Auto de Infração - PRED- FMU;SECRETARIA MUNICIPAL DE PLANEJAMENTO URBANO;34;88803.50;61250.00
02;1911010118;2022;170;Outros Recursos Não Vinculados;1;PREFEITURA MUNICIPAL DE UBERLÂNDIA;Multas PRED 622;SECRETARIA MUNICIPAL DE FINANÇAS;06;54386.74;178661.83
02;1911010118;2022;170;Outros Recursos Não Vinculados;2;PREFEITURA MUNICIPAL DE UBERLÂNDIA;Multas PRED 622;SECRETARIA MUNICIPAL DE FINANÇAS;06;34446.87;178661.83
02;1911010118;2022;170;Outros Recursos Não Vinculados;3;PREFEITURA MUNICIPAL DE UBERLÂNDIA;Multas PRED 622;SECRETARIA MUNICIPAL DE FINANÇAS;06;42053.65;178661.83
02;1911010118;2022;170;Outros Recursos Não Vinculados;4;PREFEITURA MUNICIPAL DE UBERLÂNDIA;Multas PRED 622;SECRETARIA MUNICIPAL DE FINANÇAS;06;50620.14;178661.83
02;1911010118;2022;170;Outros Recursos Não Vinculados;5;PREFEITURA MUNICIPAL DE UBERLÂNDIA;Multas PRED 622;SECRETARIA MUNICIPAL DE FINANÇAS;06;105848.52;178661.83
02;1911010118;2022;170;Outros Recursos Não Vinculados;6;PREFEITURA MUNICIPAL DE UBERLÂNDIA;Multas PRED 622;SECRETARIA MUNICIPAL DE FINANÇAS;06;93669.40;178661.83
02;1911010118;2022;170;Outros Recursos Não Vinculados;7;PREFEITURA MUNICIPAL DE UBERLÂNDIA;Multas PRED 622;SECRETARIA MUNICIPAL DE FINANÇAS;06;28096.21;178661.83
02;1911010118;2022;170;Outros Recursos Não Vinculados;8;PREFEITURA MUNICIPAL DE UBERLÂNDIA;Multas PRED 622;SECRETARIA MUNICIPAL DE FINANÇAS;06;833.20;178661.83
02;1911010118;2022;170;Outros Recursos Não Vinculados;9;PREFEITURA MUNICIPAL DE UBERLÂNDIA;Multas PRED 622;SECRETARIA MUNICIPAL DE FINANÇAS;06;1082.75;178661.83
02;1911010118;2022;170;Outros Recursos Não Vinculados;10;PREFEITURA MUNICIPAL DE UBERLÂNDIA;Multas PRED 622;SECRETARIA MUNICIPAL DE FINANÇAS;06;117.20;178661.83
02;1911010118;2022;170;Outros Recursos Não Vinculados;11;PREFEITURA MUNICIPAL DE UBERLÂNDIA;Multas PRED 622;SECRETARIA MUNICIPAL DE FINANÇAS;06;502.05;178661.83
02;1911010118;2022;170;Outros Recursos Não Vinculados;12;PREFEITURA MUNICIPAL DE UBERLÂNDIA;Multas PRED 622;SECRETARIA MUNICIPAL DE FINANÇAS;06;890.18;178661.87
02;1911010119;2022;170;Outros Recursos Não Vinculados;1;PREFEITURA MUNICIPAL DE UBERLÂNDIA;Multas Código Municipal de Obras do Município;SECRETARIA MUNICIPAL DE FINANÇAS;06;0.00;83.33
02;1911010119;2022;170;Outros Recursos Não Vinculados;2;PREFEITURA MUNICIPAL DE UBERLÂNDIA;Multas Código Municipal de Obras do Município;SECRETARIA MUNICIPAL DE FINANÇAS;06;0.00;83.33
02;1911010119;2022;170;Outros Recursos Não Vinculados;3;PREFEITURA MUNICIPAL DE UBERLÂNDIA;Multas Código Municipal de Obras do Município;SECRETARIA MUNICIPAL DE FINANÇAS;06;0.00;83.33
02;1911010119;2022;170;Outros Recursos Não Vinculados;4;PREFEITURA MUNICIPAL DE UBERLÂNDIA;Multas Código Municipal de Obras do Município;SECRETARIA MUNICIPAL DE FINANÇAS;06;0.00;83.33
02;1911010119;2022;170;Outros Recursos Não Vinculados;5;PREFEITURA MUNICIPAL DE UBERLÂNDIA;Multas Código Municipal de Obras do Município;SECRETARIA MUNICIPAL DE FINANÇAS;06;0.00;83.33
02;1911010119;2022;170;Outros Recursos Não Vinculados;6;PREFEITURA MUNICIPAL DE UBERLÂNDIA;Multas Código Municipal de Obras do Município;SECRETARIA MUNICIPAL DE FINANÇAS;06;0.00;83.33
02;1911010119;2022;170;Outros Recursos Não Vinculados;7;PREFEITURA MUNICIPAL DE UBERLÂNDIA;Multas Código Municipal de Obras do Município;SECRETARIA MUNICIPAL DE FINANÇAS;06;0.00;83.33
02;1911010119;2022;170;Outros Recursos Não Vinculados;8;PREFEITURA MUNICIPAL DE UBERLÂNDIA;Multas Código Municipal de Obras do Município;SECRETARIA MUNICIPAL DE FINANÇAS;06;0.00;83.33
02;1911010119;2022;170;Outros Recursos Não Vinculados;9;PREFEITURA MUNICIPAL DE UBERLÂNDIA;Multas Código Municipal de Obras do Município;SECRETARIA MUNICIPAL DE FINANÇAS;06;6279.17;83.33
02;1911010119;2022;170;Outros Recursos Não Vinculados;10;PREFEITURA MUNICIPAL DE UBERLÂNDIA;Multas Código Municipal de Obras do Município;SECRETARIA MUNICIPAL DE FINANÇAS;06;2564.00;83.33
02;1911010119;2022;170;Outros Recursos Não Vinculados;11;PREFEITURA MUNICIPAL DE UBERLÂNDIA;Multas Código Municipal de Obras do Município;SECRETARIA MUNICIPAL DE FINANÇAS;06;0.00;83.33
02;1911010119;2022;170;Outros Recursos Não Vinculados;12;PREFEITURA MUNICIPAL DE UBERLÂNDIA;Multas Código Municipal de Obras do Município;SECRETARIA MUNICIPAL DE FINANÇAS;06;0.00;83.37
02;1911010120;2022;170;Outros Recursos Não Vinculados;1;PREFEITURA MUNICIPAL DE UBERLÂNDIA;Outras Multas  - SMC;SECRETARIA MUNICIPAL DE FINANÇAS;06;0.00;83.33
02;1911010120;2022;170;Outros Recursos Não Vinculados;2;PREFEITURA MUNICIPAL DE UBERLÂNDIA;Outras Multas  - SMC;SECRETARIA MUNICIPAL DE FINANÇAS;06;0.00;83.33
02;1911010120;2022;170;Outros Recursos Não Vinculados;3;PREFEITURA MUNICIPAL DE UBERLÂNDIA;Outras Multas  - SMC;SECRETARIA MUNICIPAL DE FINANÇAS;06;0.00;83.33
02;1911010120;2022;170;Outros Recursos Não Vinculados;4;PREFEITURA MUNICIPAL DE UBERLÂNDIA;Outras Multas  - SMC;SECRETARIA MUNICIPAL DE FINANÇAS;06;0.00;83.33
02;1911010120;2022;170;Outros Recursos Não Vinculados;5;PREFEITURA MUNICIPAL DE UBERLÂNDIA;Outras Multas  - SMC;SECRETARIA MUNICIPAL DE FINANÇAS;06;0.00;83.33
02;1911010120;2022;170;Outros Recursos Não Vinculados;6;PREFEITURA MUNICIPAL DE UBERLÂNDIA;Outras Multas  - SMC;SECRETARIA MUNICIPAL DE FINANÇAS;06;0.00;83.33
02;1911010120;2022;170;Outros Recursos Não Vinculados;7;PREFEITURA MUNICIPAL DE UBERLÂNDIA;Outras Multas  - SMC;SECRETARIA MUNICIPAL DE FINANÇAS;06;0.00;83.33
02;1911010120;2022;170;Outros Recursos Não Vinculados;8;PREFEITURA MUNICIPAL DE UBERLÂNDIA;Outras Multas  - SMC;SECRETARIA MUNICIPAL DE FINANÇAS;06;0.00;83.33
02;1911010120;2022;170;Outros Recursos Não Vinculados;9;PREFEITURA MUNICIPAL DE UBERLÂNDIA;Outras Multas  - SMC;SECRETARIA MUNICIPAL DE FINANÇAS;06;0.00;83.33
02;1911010120;2022;170;Outros Recursos Não Vinculados;10;PREFEITURA MUNICIPAL DE UBERLÂNDIA;Outras Multas  - SMC;SECRETARIA MUNICIPAL DE FINANÇAS;06;0.00;83.33
02;1911010120;2022;170;Outros Recursos Não Vinculados;11;PREFEITURA MUNICIPAL DE UBERLÂNDIA;Outras Multas  - SMC;SECRETARIA MUNICIPAL DE FINANÇAS;06;0.00;83.33
02;1911010120;2022;170;Outros Recursos Não Vinculados;12;PREFEITURA MUNICIPAL DE UBERLÂNDIA;Outras Multas  - SMC;SECRETARIA MUNICIPAL DE FINANÇAS;06;0.00;83.37
02;1911010121;2022;170;Outros Recursos Não Vinculados;1;PREFEITURA MUNICIPAL DE UBERLÂNDIA;Multas do PROURBI - FMU;SECRETARIA MUNICIPAL DE PLANEJAMENTO URBANO;34;0.00;8750.00
02;1911010121;2022;170;Outros Recursos Não Vinculados;2;PREFEITURA MUNICIPAL DE UBERLÂNDIA;Multas do PROURBI - FMU;SECRETARIA MUNICIPAL DE PLANEJAMENTO URBANO;34;0.00;8750.00
02;1911010121;2022;170;Outros Recursos Não Vinculados;3;PREFEITURA MUNICIPAL DE UBERLÂNDIA;Multas do PROURBI - FMU;SECRETARIA MUNICIPAL DE PLANEJAMENTO URBANO;34;0.00;8750.00
02;1911010121;2022;170;Outros Recursos Não Vinculados;4;PREFEITURA MUNICIPAL DE UBERLÂNDIA;Multas do PROURBI - FMU;SECRETARIA MUNICIPAL DE PLANEJAMENTO URBANO;34;0.00;8750.00
02;1911010121;2022;170;Outros Recursos Não Vinculados;5;PREFEITURA MUNICIPAL DE UBERLÂNDIA;Multas do PROURBI - FMU;SECRETARIA MUNICIPAL DE PLANEJAMENTO URBANO;34;0.00;8750.00
02;1911010121;2022;170;Outros Recursos Não Vinculados;6;PREFEITURA MUNICIPAL DE UBERLÂNDIA;Multas do PROURBI - FMU;SECRETARIA MUNICIPAL DE PLANEJAMENTO URBANO;34;0.00;8750.00
02;1911010121;2022;170;Outros Recursos Não Vinculados;7;PREFEITURA MUNICIPAL DE UBERLÂNDIA;Multas do PROURBI - FMU;SECRETARIA MUNICIPAL DE PLANEJAMENTO URBANO;34;0.00;8750.00
02;1911010121;2022;170;Outros Recursos Não Vinculados;8;PREFEITURA MUNICIPAL DE UBERLÂNDIA;Multas do PROURBI - FMU;SECRETARIA MUNICIPAL DE PLANEJAMENTO URBANO;34;0.00;8750.00
02;1911010121;2022;170;Outros Recursos Não Vinculados;9;PREFEITURA MUNICIPAL DE UBERLÂNDIA;Multas do PROURBI - FMU;SECRETARIA MUNICIPAL DE PLANEJAMENTO URBANO;34;0.00;8750.00
02;1911010121;2022;170;Outros Recursos Não Vinculados;10;PREFEITURA MUNICIPAL DE UBERLÂNDIA;Multas do PROURBI - FMU;SECRETARIA MUNICIPAL DE PLANEJAMENTO URBANO;34;0.00;8750.00
02;1911010121;2022;170;Outros Recursos Não Vinculados;11;PREFEITURA MUNICIPAL DE UBERLÂNDIA;Multas do PROURBI - FMU;SECRETARIA MUNICIPAL DE PLANEJAMENTO URBANO;34;0.00;8750.00
02;1911010121;2022;170;Outros Recursos Não Vinculados;12;PREFEITURA MUNICIPAL DE UBERLÂNDIA;Multas do PROURBI - FMU;SECRETARIA MUNICIPAL DE PLANEJAMENTO URBANO;34;0.00;8750.00
02;1911010122;2022;170;Outros Recursos Não Vinculados;11;PREFEITURA MUNICIPAL DE UBERLÂNDIA;Multas Leis Especificas - Principal - FMC;SECRETARIA MUNICIPAL DE CULTURA;08;94.00;0.00
02;1911010122;2022;170;Outros Recursos Não Vinculados;12;PREFEITURA MUNICIPAL DE UBERLÂNDIA;Multas Leis Especificas - Principal - FMC;SECRETARIA MUNICIPAL DE CULTURA;08;1978.00;0.00
02;1911010201;2022;170;Outros Recursos Não Vinculados;1;PREFEITURA MUNICIPAL DE UBERLÂNDIA;Outras Multas e Juros de Mora - FMU;SECRETARIA MUNICIPAL DE PLANEJAMENTO URBANO;34;15.47;35000.00
02;1911010201;2022;170;Outros Recursos Não Vinculados;2;PREFEITURA MUNICIPAL DE UBERLÂNDIA;Outras Multas e Juros de Mora - FMU;SECRETARIA MUNICIPAL DE PLANEJAMENTO URBANO;34;17.31;35000.00
02;1911010201;2022;170;Outros Recursos Não Vinculados;3;PREFEITURA MUNICIPAL DE UBERLÂNDIA;Outras Multas e Juros de Mora - FMU;SECRETARIA MUNICIPAL DE PLANEJAMENTO URBANO;34;73.40;35000.00
02;1911010201;2022;170;Outros Recursos Não Vinculados;4;PREFEITURA MUNICIPAL DE UBERLÂNDIA;Outras Multas e Juros de Mora - FMU;SECRETARIA MUNICIPAL DE PLANEJAMENTO URBANO;34;51.22;35000.00
02;1911010201;2022;170;Outros Recursos Não Vinculados;5;PREFEITURA MUNICIPAL DE UBERLÂNDIA;Outras Multas e Juros de Mora - FMU;SECRETARIA MUNICIPAL DE PLANEJAMENTO URBANO;34;42.64;35000.00
02;1911010201;2022;170;Outros Recursos Não Vinculados;6;PREFEITURA MUNICIPAL DE UBERLÂNDIA;Outras Multas e Juros de Mora - FMU;SECRETARIA MUNICIPAL DE PLANEJAMENTO URBANO;34;54.92;35000.00
02;1911010201;2022;170;Outros Recursos Não Vinculados;7;PREFEITURA MUNICIPAL DE UBERLÂNDIA;Outras Multas e Juros de Mora - FMU;SECRETARIA MUNICIPAL DE PLANEJAMENTO URBANO;34;92.10;35000.00
02;1911010201;2022;170;Outros Recursos Não Vinculados;8;PREFEITURA MUNICIPAL DE UBERLÂNDIA;Outras Multas e Juros de Mora - FMU;SECRETARIA MUNICIPAL DE PLANEJAMENTO URBANO;34;266.78;35000.00
02;1911010201;2022;170;Outros Recursos Não Vinculados;9;PREFEITURA MUNICIPAL DE UBERLÂNDIA;Outras Multas e Juros de Mora - FMU;SECRETARIA MUNICIPAL DE PLANEJAMENTO URBANO;34;167.85;35000.00
02;1911010201;2022;170;Outros Recursos Não Vinculados;10;PREFEITURA MUNICIPAL DE UBERLÂNDIA;Outras Multas e Juros de Mora - FMU;SECRETARIA MUNICIPAL DE PLANEJAMENTO URBANO;34;264.20;35000.00
02;1911010201;2022;170;Outros Recursos Não Vinculados;11;PREFEITURA MUNICIPAL DE UBERLÂNDIA;Outras Multas e Juros de Mora - FMU;SECRETARIA MUNICIPAL DE PLANEJAMENTO URBANO;34;94.42;35000.00
02;1911010201;2022;170;Outros Recursos Não Vinculados;12;PREFEITURA MUNICIPAL DE UBERLÂNDIA;Outras Multas e Juros de Mora - FMU;SECRETARIA MUNICIPAL DE PLANEJAMENTO URBANO;34;363.21;35000.00
02;1911010202;2022;170;Outros Recursos Não Vinculados;1;PREFEITURA MUNICIPAL DE UBERLÂNDIA;Outras Multas e Juros de Mora - PMU;SECRETARIA MUNICIPAL DE FINANÇAS;06;1006.75;9447.58
02;1911010202;2022;170;Outros Recursos Não Vinculados;2;PREFEITURA MUNICIPAL DE UBERLÂNDIA;Outras Multas e Juros de Mora - PMU;SECRETARIA MUNICIPAL DE FINANÇAS;06;1590.21;9447.58
02;1911010202;2022;170;Outros Recursos Não Vinculados;3;PREFEITURA MUNICIPAL DE UBERLÂNDIA;Outras Multas e Juros de Mora - PMU;SECRETARIA MUNICIPAL DE FINANÇAS;06;6077.83;9447.58
02;1911010202;2022;170;Outros Recursos Não Vinculados;4;PREFEITURA MUNICIPAL DE UBERLÂNDIA;Outras Multas e Juros de Mora - PMU;SECRETARIA MUNICIPAL DE FINANÇAS;06;82901.92;9447.58
02;1911010202;2022;170;Outros Recursos Não Vinculados;5;PREFEITURA MUNICIPAL DE UBERLÂNDIA;Outras Multas e Juros de Mora - PMU;SECRETARIA MUNICIPAL DE FINANÇAS;06;6866.50;9447.58
02;1911010202;2022;170;Outros Recursos Não Vinculados;6;PREFEITURA MUNICIPAL DE UBERLÂNDIA;Outras Multas e Juros de Mora - PMU;SECRETARIA MUNICIPAL DE FINANÇAS;06;4242.74;9447.58
02;1911010202;2022;170;Outros Recursos Não Vinculados;7;PREFEITURA MUNICIPAL DE UBERLÂNDIA;Outras Multas e Juros de Mora - PMU;SECRETARIA MUNICIPAL DE FINANÇAS;06;59661.09;9447.58
02;1911010202;2022;170;Outros Recursos Não Vinculados;8;PREFEITURA MUNICIPAL DE UBERLÂNDIA;Outras Multas e Juros de Mora - PMU;SECRETARIA MUNICIPAL DE FINANÇAS;06;74232.47;9447.58
02;1911010202;2022;170;Outros Recursos Não Vinculados;9;PREFEITURA MUNICIPAL DE UBERLÂNDIA;Outras Multas e Juros de Mora - PMU;SECRETARIA MUNICIPAL DE FINANÇAS;06;19308.47;9447.58
02;1911010202;2022;170;Outros Recursos Não Vinculados;10;PREFEITURA MUNICIPAL DE UBERLÂNDIA;Outras Multas e Juros de Mora - PMU;SECRETARIA MUNICIPAL DE FINANÇAS;06;13269.35;9447.58
02;1911010202;2022;170;Outros Recursos Não Vinculados;11;PREFEITURA MUNICIPAL DE UBERLÂNDIA;Outras Multas e Juros de Mora - PMU;SECRETARIA MUNICIPAL DE FINANÇAS;06;22685.03;9447.58
02;1911010202;2022;170;Outros Recursos Não Vinculados;12;PREFEITURA MUNICIPAL DE UBERLÂNDIA;Outras Multas e Juros de Mora - PMU;SECRETARIA MUNICIPAL DE FINANÇAS;06;22715.69;9447.62
02;1911010203;2022;170;Outros Recursos Não Vinculados;1;PREFEITURA MUNICIPAL DE UBERLÂNDIA;Outras Multas e Juros de Mora - FMDA;SECRETARIA MUNICIPAL DE MEIO AMBIENTE;03;0.00;6666.67
02;1911010203;2022;170;Outros Recursos Não Vinculados;2;PREFEITURA MUNICIPAL DE UBERLÂNDIA;Outras Multas e Juros de Mora - FMDA;SECRETARIA MUNICIPAL DE MEIO AMBIENTE;03;1492.00;6666.67
02;1911010203;2022;170;Outros Recursos Não Vinculados;3;PREFEITURA MUNICIPAL DE UBERLÂNDIA;Outras Multas e Juros de Mora - FMDA;SECRETARIA MUNICIPAL DE MEIO AMBIENTE;03;7.20;6666.67
02;1911010203;2022;170;Outros Recursos Não Vinculados;4;PREFEITURA MUNICIPAL DE UBERLÂNDIA;Outras Multas e Juros de Mora - FMDA;SECRETARIA MUNICIPAL DE MEIO AMBIENTE;03;288.83;6666.67
02;1911010203;2022;170;Outros Recursos Não Vinculados;5;PREFEITURA MUNICIPAL DE UBERLÂNDIA;Outras Multas e Juros de Mora - FMDA;SECRETARIA MUNICIPAL DE MEIO AMBIENTE;03;69.21;6666.67
02;1911010203;2022;170;Outros Recursos Não Vinculados;6;PREFEITURA MUNICIPAL DE UBERLÂNDIA;Outras Multas e Juros de Mora - FMDA;SECRETARIA MUNICIPAL DE MEIO AMBIENTE;03;223.00;6666.67
02;1911010203;2022;170;Outros Recursos Não Vinculados;7;PREFEITURA MUNICIPAL DE UBERLÂNDIA;Outras Multas e Juros de Mora - FMDA;SECRETARIA MUNICIPAL DE MEIO AMBIENTE;03;4102.34;6666.67
02;1911010203;2022;170;Outros Recursos Não Vinculados;8;PREFEITURA MUNICIPAL DE UBERLÂNDIA;Outras Multas e Juros de Mora - FMDA;SECRETARIA MUNICIPAL DE MEIO AMBIENTE;03;2734.11;6666.67
02;1911010203;2022;170;Outros Recursos Não Vinculados;9;PREFEITURA MUNICIPAL DE UBERLÂNDIA;Outras Multas e Juros de Mora - FMDA;SECRETARIA MUNICIPAL DE MEIO AMBIENTE;03;134.98;6666.67
02;1911010203;2022;170;Outros Recursos Não Vinculados;10;PREFEITURA MUNICIPAL DE UBERLÂNDIA;Outras Multas e Juros de Mora - FMDA;SECRETARIA MUNICIPAL DE MEIO AMBIENTE;03;391.21;6666.67
02;1911010203;2022;170;Outros Recursos Não Vinculados;11;PREFEITURA MUNICIPAL DE UBERLÂNDIA;Outras Multas e Juros de Mora - FMDA;SECRETARIA MUNICIPAL DE MEIO AMBIENTE;03;142.62;6666.67
02;1911010203;2022;170;Outros Recursos Não Vinculados;12;PREFEITURA MUNICIPAL DE UBERLÂNDIA;Outras Multas e Juros de Mora - FMDA;SECRETARIA MUNICIPAL DE MEIO AMBIENTE;03;1398.54;6666.63
02;1911010204;2022;170;Outros Recursos Não Vinculados;1;PREFEITURA MUNICIPAL DE UBERLÂNDIA;Outras Multas e Juros de Mora - FMTT;SECRETARIA MUNICIPAL DE TRÂNSITO E TRANSPORTES;15;50.32;1666.67
02;1911010204;2022;170;Outros Recursos Não Vinculados;2;PREFEITURA MUNICIPAL DE UBERLÂNDIA;Outras Multas e Juros de Mora - FMTT;SECRETARIA MUNICIPAL DE TRÂNSITO E TRANSPORTES;15;33.60;1666.67
02;1911010204;2022;170;Outros Recursos Não Vinculados;3;PREFEITURA MUNICIPAL DE UBERLÂNDIA;Outras Multas e Juros de Mora - FMTT;SECRETARIA MUNICIPAL DE TRÂNSITO E TRANSPORTES;15;67.04;1666.67
02;1911010204;2022;170;Outros Recursos Não Vinculados;4;PREFEITURA MUNICIPAL DE UBERLÂNDIA;Outras Multas e Juros de Mora - FMTT;SECRETARIA MUNICIPAL DE TRÂNSITO E TRANSPORTES;15;50.29;1666.67
02;1911010204;2022;170;Outros Recursos Não Vinculados;5;PREFEITURA MUNICIPAL DE UBERLÂNDIA;Outras Multas e Juros de Mora - FMTT;SECRETARIA MUNICIPAL DE TRÂNSITO E TRANSPORTES;15;50.25;1666.67
02;1911010204;2022;170;Outros Recursos Não Vinculados;6;PREFEITURA MUNICIPAL DE UBERLÂNDIA;Outras Multas e Juros de Mora - FMTT;SECRETARIA MUNICIPAL DE TRÂNSITO E TRANSPORTES;15;50.26;1666.67
02;1911010204;2022;170;Outros Recursos Não Vinculados;7;PREFEITURA MUNICIPAL DE UBERLÂNDIA;Outras Multas e Juros de Mora - FMTT;SECRETARIA MUNICIPAL DE TRÂNSITO E TRANSPORTES;15;50.31;1666.67
02;1911010204;2022;170;Outros Recursos Não Vinculados;8;PREFEITURA MUNICIPAL DE UBERLÂNDIA;Outras Multas e Juros de Mora - FMTT;SECRETARIA MUNICIPAL DE TRÂNSITO E TRANSPORTES;15;106.21;1666.67
02;1911010204;2022;170;Outros Recursos Não Vinculados;9;PREFEITURA MUNICIPAL DE UBERLÂNDIA;Outras Multas e Juros de Mora - FMTT;SECRETARIA MUNICIPAL DE TRÂNSITO E TRANSPORTES;15;107.24;1666.67
02;1911010204;2022;170;Outros Recursos Não Vinculados;10;PREFEITURA MUNICIPAL DE UBERLÂNDIA;Outras Multas e Juros de Mora - FMTT;SECRETARIA MUNICIPAL DE TRÂNSITO E TRANSPORTES;15;427435.76;1666.67
02;1911010204;2022;170;Outros Recursos Não Vinculados;11;PREFEITURA MUNICIPAL DE UBERLÂNDIA;Outras Multas e Juros de Mora - FMTT;SECRETARIA MUNICIPAL DE TRÂNSITO E TRANSPORTES;15;97.74;1666.67
02;1911010204;2022;170;Outros Recursos Não Vinculados;12;PREFEITURA MUNICIPAL DE UBERLÂNDIA;Outras Multas e Juros de Mora - FMTT;SECRETARIA MUNICIPAL DE TRÂNSITO E TRANSPORTES;15;53.52;1666.63
02;1911010205;2022;170;Outros Recursos Não Vinculados;1;PREFEITURA MUNICIPAL DE UBERLÂNDIA;Outras Multas e Juros de Mora - PROCON;PROCURADORIA GERAL DO MUNICIPIO;04;0.00;833.33
02;1911010205;2022;170;Outros Recursos Não Vinculados;2;PREFEITURA MUNICIPAL DE UBERLÂNDIA;Outras Multas e Juros de Mora - PROCON;PROCURADORIA GERAL DO MUNICIPIO;04;0.00;833.33
02;1911010205;2022;170;Outros Recursos Não Vinculados;3;PREFEITURA MUNICIPAL DE UBERLÂNDIA;Outras Multas e Juros de Mora - PROCON;PROCURADORIA GERAL DO MUNICIPIO;04;0.00;833.33
02;1911010205;2022;170;Outros Recursos Não Vinculados;4;PREFEITURA MUNICIPAL DE UBERLÂNDIA;Outras Multas e Juros de Mora - PROCON;PROCURADORIA GERAL DO MUNICIPIO;04;0.00;833.33
02;1911010205;2022;170;Outros Recursos Não Vinculados;5;PREFEITURA MUNICIPAL DE UBERLÂNDIA;Outras Multas e Juros de Mora - PROCON;PROCURADORIA GERAL DO MUNICIPIO;04;0.00;833.33
02;1911010205;2022;170;Outros Recursos Não Vinculados;6;PREFEITURA MUNICIPAL DE UBERLÂNDIA;Outras Multas e Juros de Mora - PROCON;PROCURADORIA GERAL DO MUNICIPIO;04;0.00;833.33
02;1911010205;2022;170;Outros Recursos Não Vinculados;7;PREFEITURA MUNICIPAL DE UBERLÂNDIA;Outras Multas e Juros de Mora - PROCON;PROCURADORIA GERAL DO MUNICIPIO;04;0.00;833.33
02;1911010205;2022;170;Outros Recursos Não Vinculados;8;PREFEITURA MUNICIPAL DE UBERLÂNDIA;Outras Multas e Juros de Mora - PROCON;PROCURADORIA GERAL DO MUNICIPIO;04;0.00;833.33
02;1911010205;2022;170;Outros Recursos Não Vinculados;9;PREFEITURA MUNICIPAL DE UBERLÂNDIA;Outras Multas e Juros de Mora - PROCON;PROCURADORIA GERAL DO MUNICIPIO;04;0.00;833.33
02;1911010205;2022;170;Outros Recursos Não Vinculados;10;PREFEITURA MUNICIPAL DE UBERLÂNDIA;Outras Multas e Juros de Mora - PROCON;PROCURADORIA GERAL DO MUNICIPIO;04;0.00;833.33
02;1911010205;2022;170;Outros Recursos Não Vinculados;11;PREFEITURA MUNICIPAL DE UBERLÂNDIA;Outras Multas e Juros de Mora - PROCON;PROCURADORIA GERAL DO MUNICIPIO;04;0.00;833.33
02;1911010205;2022;170;Outros Recursos Não Vinculados;12;PREFEITURA MUNICIPAL DE UBERLÂNDIA;Outras Multas e Juros de Mora - PROCON;PROCURADORIA GERAL DO MUNICIPIO;04;0.00;833.37
02;1911010206;2022;170;Outros Recursos Não Vinculados;12;PREFEITURA MUNICIPAL DE UBERLÂNDIA;Multas Leis Especificas-Multas e Juros de Mora-FMC;SECRETARIA MUNICIPAL DE CULTURA;08;1.70;0.00
02;1911010301;2022;157;Multas de Trânsito;1;PREFEITURA MUNICIPAL DE UBERLÂNDIA;Multas de Trânsito - Dívida Ativa - FMTT;SECRETARIA MUNICIPAL DE TRÂNSITO E TRANSPORTES;15;0.00;0.00
02;1911010301;2022;157;Multas de Trânsito;2;PREFEITURA MUNICIPAL DE UBERLÂNDIA;Multas de Trânsito - Dívida Ativa - FMTT;SECRETARIA MUNICIPAL DE TRÂNSITO E TRANSPORTES;15;0.00;4369332.66
02;1911010301;2022;157;Multas de Trânsito;3;PREFEITURA MUNICIPAL DE UBERLÂNDIA;Multas de Trânsito - Dívida Ativa - FMTT;SECRETARIA MUNICIPAL DE TRÂNSITO E TRANSPORTES;15;0.00;630667.34
02;1911010301;2022;157;Multas de Trânsito;4;PREFEITURA MUNICIPAL DE UBERLÂNDIA;Multas de Trânsito - Dívida Ativa - FMTT;SECRETARIA MUNICIPAL DE TRÂNSITO E TRANSPORTES;15;0.00;0.00
02;1911010301;2022;157;Multas de Trânsito;5;PREFEITURA MUNICIPAL DE UBERLÂNDIA;Multas de Trânsito - Dívida Ativa - FMTT;SECRETARIA MUNICIPAL DE TRÂNSITO E TRANSPORTES;15;0.00;0.00
02;1911010301;2022;157;Multas de Trânsito;6;PREFEITURA MUNICIPAL DE UBERLÂNDIA;Multas de Trânsito - Dívida Ativa - FMTT;SECRETARIA MUNICIPAL DE TRÂNSITO E TRANSPORTES;15;0.00;0.00
02;1911010301;2022;157;Multas de Trânsito;7;PREFEITURA MUNICIPAL DE UBERLÂNDIA;Multas de Trânsito - Dívida Ativa - FMTT;SECRETARIA MUNICIPAL DE TRÂNSITO E TRANSPORTES;15;0.00;0.00
02;1911010301;2022;157;Multas de Trânsito;8;PREFEITURA MUNICIPAL DE UBERLÂNDIA;Multas de Trânsito - Dívida Ativa - FMTT;SECRETARIA MUNICIPAL DE TRÂNSITO E TRANSPORTES;15;0.00;0.00
02;1911010301;2022;157;Multas de Trânsito;9;PREFEITURA MUNICIPAL DE UBERLÂNDIA;Multas de Trânsito - Dívida Ativa - FMTT;SECRETARIA MUNICIPAL DE TRÂNSITO E TRANSPORTES;15;0.00;0.00
02;1911010301;2022;157;Multas de Trânsito;10;PREFEITURA MUNICIPAL DE UBERLÂNDIA;Multas de Trânsito - Dívida Ativa - FMTT;SECRETARIA MUNICIPAL DE TRÂNSITO E TRANSPORTES;15;0.00;0.00
02;1911010301;2022;157;Multas de Trânsito;11;PREFEITURA MUNICIPAL DE UBERLÂNDIA;Multas de Trânsito - Dívida Ativa - FMTT;SECRETARIA MUNICIPAL DE TRÂNSITO E TRANSPORTES;15;0.00;0.00
02;1911010301;2022;157;Multas de Trânsito;12;PREFEITURA MUNICIPAL DE UBERLÂNDIA;Multas de Trânsito - Dívida Ativa - FMTT;SECRETARIA MUNICIPAL DE TRÂNSITO E TRANSPORTES;15;0.00;0.00
02;1911010302;2022;170;Outros Recursos Não Vinculados;1;PREFEITURA MUNICIPAL DE UBERLÂNDIA;Multas Leis Especificas - Divida Ativa - PMU;SECRETARIA MUNICIPAL DE FINANÇAS;06;104830.15;162933.67
02;1911010302;2022;170;Outros Recursos Não Vinculados;2;PREFEITURA MUNICIPAL DE UBERLÂNDIA;Multas Leis Especificas - Divida Ativa - PMU;SECRETARIA MUNICIPAL DE FINANÇAS;06;205571.47;162933.67
02;1911010302;2022;170;Outros Recursos Não Vinculados;3;PREFEITURA MUNICIPAL DE UBERLÂNDIA;Multas Leis Especificas - Divida Ativa - PMU;SECRETARIA MUNICIPAL DE FINANÇAS;06;147546.17;162933.67
02;1911010302;2022;170;Outros Recursos Não Vinculados;4;PREFEITURA MUNICIPAL DE UBERLÂNDIA;Multas Leis Especificas - Divida Ativa - PMU;SECRETARIA MUNICIPAL DE FINANÇAS;06;114334.90;162933.67
02;1911010302;2022;170;Outros Recursos Não Vinculados;5;PREFEITURA MUNICIPAL DE UBERLÂNDIA;Multas Leis Especificas - Divida Ativa - PMU;SECRETARIA MUNICIPAL DE FINANÇAS;06;148617.44;162933.67
02;1911010302;2022;170;Outros Recursos Não Vinculados;6;PREFEITURA MUNICIPAL DE UBERLÂNDIA;Multas Leis Especificas - Divida Ativa - PMU;SECRETARIA MUNICIPAL DE FINANÇAS;06;167602.06;162933.67
02;1911010302;2022;170;Outros Recursos Não Vinculados;7;PREFEITURA MUNICIPAL DE UBERLÂNDIA;Multas Leis Especificas - Divida Ativa - PMU;SECRETARIA MUNICIPAL DE FINANÇAS;06;167784.39;162933.67
02;1911010302;2022;170;Outros Recursos Não Vinculados;8;PREFEITURA MUNICIPAL DE UBERLÂNDIA;Multas Leis Especificas - Divida Ativa - PMU;SECRETARIA MUNICIPAL DE FINANÇAS;06;123987.46;162933.67
02;1911010302;2022;170;Outros Recursos Não Vinculados;9;PREFEITURA MUNICIPAL DE UBERLÂNDIA;Multas Leis Especificas - Divida Ativa - PMU;SECRETARIA MUNICIPAL DE FINANÇAS;06;148618.24;162933.67
02;1911010302;2022;170;Outros Recursos Não Vinculados;10;PREFEITURA MUNICIPAL DE UBERLÂNDIA;Multas Leis Especificas - Divida Ativa - PMU;SECRETARIA MUNICIPAL DE FINANÇAS;06;135678.94;162933.67
02;1911010302;2022;170;Outros Recursos Não Vinculados;11;PREFEITURA MUNICIPAL DE UBERLÂNDIA;Multas Leis Especificas - Divida Ativa - PMU;SECRETARIA MUNICIPAL DE FINANÇAS;06;107700.25;162933.67
02;1911010302;2022;170;Outros Recursos Não Vinculados;12;PREFEITURA MUNICIPAL DE UBERLÂNDIA;Multas Leis Especificas - Divida Ativa - PMU;SECRETARIA MUNICIPAL DE FINANÇAS;06;325945.52;162933.63
02;1911010303;2022;170;Outros Recursos Não Vinculados;1;PREFEITURA MUNICIPAL DE UBERLÂNDIA;Multas Leis Especificas - Divida Ativa - FMDA;SECRETARIA MUNICIPAL DE MEIO AMBIENTE;03;200.00;10000.00
02;1911010303;2022;170;Outros Recursos Não Vinculados;2;PREFEITURA MUNICIPAL DE UBERLÂNDIA;Multas Leis Especificas - Divida Ativa - FMDA;SECRETARIA MUNICIPAL DE MEIO AMBIENTE;03;409.19;10000.00
02;1911010303;2022;170;Outros Recursos Não Vinculados;3;PREFEITURA MUNICIPAL DE UBERLÂNDIA;Multas Leis Especificas - Divida Ativa - FMDA;SECRETARIA MUNICIPAL DE MEIO AMBIENTE;03;52.52;10000.00
02;1911010303;2022;170;Outros Recursos Não Vinculados;4;PREFEITURA MUNICIPAL DE UBERLÂNDIA;Multas Leis Especificas - Divida Ativa - FMDA;SECRETARIA MUNICIPAL DE MEIO AMBIENTE;03;1719.78;10000.00
02;1911010303;2022;170;Outros Recursos Não Vinculados;5;PREFEITURA MUNICIPAL DE UBERLÂNDIA;Multas Leis Especificas - Divida Ativa - FMDA;SECRETARIA MUNICIPAL DE MEIO AMBIENTE;03;227.86;10000.00
02;1911010303;2022;170;Outros Recursos Não Vinculados;6;PREFEITURA MUNICIPAL DE UBERLÂNDIA;Multas Leis Especificas - Divida Ativa - FMDA;SECRETARIA MUNICIPAL DE MEIO AMBIENTE;03;158.95;10000.00
02;1911010303;2022;170;Outros Recursos Não Vinculados;7;PREFEITURA MUNICIPAL DE UBERLÂNDIA;Multas Leis Especificas - Divida Ativa - FMDA;SECRETARIA MUNICIPAL DE MEIO AMBIENTE;03;9086.93;10000.00
02;1911010303;2022;170;Outros Recursos Não Vinculados;8;PREFEITURA MUNICIPAL DE UBERLÂNDIA;Multas Leis Especificas - Divida Ativa - FMDA;SECRETARIA MUNICIPAL DE MEIO AMBIENTE;03;2994.66;10000.00
02;1911010303;2022;170;Outros Recursos Não Vinculados;9;PREFEITURA MUNICIPAL DE UBERLÂNDIA;Multas Leis Especificas - Divida Ativa - FMDA;SECRETARIA MUNICIPAL DE MEIO AMBIENTE;03;500.45;10000.00
02;1911010303;2022;170;Outros Recursos Não Vinculados;10;PREFEITURA MUNICIPAL DE UBERLÂNDIA;Multas Leis Especificas - Divida Ativa - FMDA;SECRETARIA MUNICIPAL DE MEIO AMBIENTE;03;5915.47;10000.00
02;1911010303;2022;170;Outros Recursos Não Vinculados;11;PREFEITURA MUNICIPAL DE UBERLÂNDIA;Multas Leis Especificas - Divida Ativa - FMDA;SECRETARIA MUNICIPAL DE MEIO AMBIENTE;03;2880.79;10000.00
02;1911010303;2022;170;Outros Recursos Não Vinculados;12;PREFEITURA MUNICIPAL DE UBERLÂNDIA;Multas Leis Especificas - Divida Ativa - FMDA;SECRETARIA MUNICIPAL DE MEIO AMBIENTE;03;11689.57;10000.00
02;1911010304;2022;170;Outros Recursos Não Vinculados;1;PREFEITURA MUNICIPAL DE UBERLÂNDIA;Multas Leis Especificas - Divida Ativa - FMTT;SECRETARIA MUNICIPAL DE TRÂNSITO E TRANSPORTES;15;1597.54;1666.67
02;1911010304;2022;170;Outros Recursos Não Vinculados;2;PREFEITURA MUNICIPAL DE UBERLÂNDIA;Multas Leis Especificas - Divida Ativa - FMTT;SECRETARIA MUNICIPAL DE TRÂNSITO E TRANSPORTES;15;656.64;1666.67
02;1911010304;2022;170;Outros Recursos Não Vinculados;3;PREFEITURA MUNICIPAL DE UBERLÂNDIA;Multas Leis Especificas - Divida Ativa - FMTT;SECRETARIA MUNICIPAL DE TRÂNSITO E TRANSPORTES;15;886.68;1666.67
02;1911010304;2022;170;Outros Recursos Não Vinculados;4;PREFEITURA MUNICIPAL DE UBERLÂNDIA;Multas Leis Especificas - Divida Ativa - FMTT;SECRETARIA MUNICIPAL DE TRÂNSITO E TRANSPORTES;15;769.00;1666.67
02;1911010304;2022;170;Outros Recursos Não Vinculados;5;PREFEITURA MUNICIPAL DE UBERLÂNDIA;Multas Leis Especificas - Divida Ativa - FMTT;SECRETARIA MUNICIPAL DE TRÂNSITO E TRANSPORTES;15;1032.23;1666.67
02;1911010304;2022;170;Outros Recursos Não Vinculados;6;PREFEITURA MUNICIPAL DE UBERLÂNDIA;Multas Leis Especificas - Divida Ativa - FMTT;SECRETARIA MUNICIPAL DE TRÂNSITO E TRANSPORTES;15;1531.45;1666.67
02;1911010304;2022;170;Outros Recursos Não Vinculados;7;PREFEITURA MUNICIPAL DE UBERLÂNDIA;Multas Leis Especificas - Divida Ativa - FMTT;SECRETARIA MUNICIPAL DE TRÂNSITO E TRANSPORTES;15;3154.13;1666.67
02;1911010304;2022;170;Outros Recursos Não Vinculados;8;PREFEITURA MUNICIPAL DE UBERLÂNDIA;Multas Leis Especificas - Divida Ativa - FMTT;SECRETARIA MUNICIPAL DE TRÂNSITO E TRANSPORTES;15;1188.03;1666.67
02;1911010304;2022;170;Outros Recursos Não Vinculados;9;PREFEITURA MUNICIPAL DE UBERLÂNDIA;Multas Leis Especificas - Divida Ativa - FMTT;SECRETARIA MUNICIPAL DE TRÂNSITO E TRANSPORTES;15;1418.42;1666.67
02;1911010304;2022;170;Outros Recursos Não Vinculados;10;PREFEITURA MUNICIPAL DE UBERLÂNDIA;Multas Leis Especificas - Divida Ativa - FMTT;SECRETARIA MUNICIPAL DE TRÂNSITO E TRANSPORTES;15;185800.43;1666.67
02;1911010304;2022;170;Outros Recursos Não Vinculados;11;PREFEITURA MUNICIPAL DE UBERLÂNDIA;Multas Leis Especificas - Divida Ativa - FMTT;SECRETARIA MUNICIPAL DE TRÂNSITO E TRANSPORTES;15;1669.32;1666.67
02;1911010304;2022;170;Outros Recursos Não Vinculados;12;PREFEITURA MUNICIPAL DE UBERLÂNDIA;Multas Leis Especificas - Divida Ativa - FMTT;SECRETARIA MUNICIPAL DE TRÂNSITO E TRANSPORTES;15;2574.75;1666.63
02;1911010305;2022;170;Outros Recursos Não Vinculados;1;PREFEITURA MUNICIPAL DE UBERLÂNDIA;Multas Leis Especificas - Divida Ativa - PROCON;PROCURADORIA GERAL DO MUNICIPIO;04;103518.07;1166.67
02;1911010305;2022;170;Outros Recursos Não Vinculados;2;PREFEITURA MUNICIPAL DE UBERLÂNDIA;Multas Leis Especificas - Divida Ativa - PROCON;PROCURADORIA GERAL DO MUNICIPIO;04;23156.61;1166.67
02;1911010305;2022;170;Outros Recursos Não Vinculados;3;PREFEITURA MUNICIPAL DE UBERLÂNDIA;Multas Leis Especificas - Divida Ativa - PROCON;PROCURADORIA GERAL DO MUNICIPIO;04;28567.67;1166.67
02;1911010305;2022;170;Outros Recursos Não Vinculados;4;PREFEITURA MUNICIPAL DE UBERLÂNDIA;Multas Leis Especificas - Divida Ativa - PROCON;PROCURADORIA GERAL DO MUNICIPIO;04;24180.32;1166.67
02;1911010305;2022;170;Outros Recursos Não Vinculados;5;PREFEITURA MUNICIPAL DE UBERLÂNDIA;Multas Leis Especificas - Divida Ativa - PROCON;PROCURADORIA GERAL DO MUNICIPIO;04;277621.11;1166.67
02;1911010305;2022;170;Outros Recursos Não Vinculados;6;PREFEITURA MUNICIPAL DE UBERLÂNDIA;Multas Leis Especificas - Divida Ativa - PROCON;PROCURADORIA GERAL DO MUNICIPIO;04;68236.13;1166.67
02;1911010305;2022;170;Outros Recursos Não Vinculados;7;PREFEITURA MUNICIPAL DE UBERLÂNDIA;Multas Leis Especificas - Divida Ativa - PROCON;PROCURADORIA GERAL DO MUNICIPIO;04;97532.12;1166.67
02;1911010305;2022;170;Outros Recursos Não Vinculados;8;PREFEITURA MUNICIPAL DE UBERLÂNDIA;Multas Leis Especificas - Divida Ativa - PROCON;PROCURADORIA GERAL DO MUNICIPIO;04;181472.32;1166.67
02;1911010305;2022;170;Outros Recursos Não Vinculados;9;PREFEITURA MUNICIPAL DE UBERLÂNDIA;Multas Leis Especificas - Divida Ativa - PROCON;PROCURADORIA GERAL DO MUNICIPIO;04;57809.22;1166.67
02;1911010305;2022;170;Outros Recursos Não Vinculados;10;PREFEITURA MUNICIPAL DE UBERLÂNDIA;Multas Leis Especificas - Divida Ativa - PROCON;PROCURADORIA GERAL DO MUNICIPIO;04;30960.99;1166.67
02;1911010305;2022;170;Outros Recursos Não Vinculados;11;PREFEITURA MUNICIPAL DE UBERLÂNDIA;Multas Leis Especificas - Divida Ativa - PROCON;PROCURADORIA GERAL DO MUNICIPIO;04;60803.39;1166.67
02;1911010305;2022;170;Outros Recursos Não Vinculados;12;PREFEITURA MUNICIPAL DE UBERLÂNDIA;Multas Leis Especificas - Divida Ativa - PROCON;PROCURADORIA GERAL DO MUNICIPIO;04;31503.36;1166.63
02;1911010306;2022;170;Outros Recursos Não Vinculados;1;PREFEITURA MUNICIPAL DE UBERLÂNDIA;Multas Leis Especificas - Divida Ativa - FMC;SECRETARIA MUNICIPAL DE CULTURA;08;0.00;83.33
02;1911010306;2022;170;Outros Recursos Não Vinculados;2;PREFEITURA MUNICIPAL DE UBERLÂNDIA;Multas Leis Especificas - Divida Ativa - FMC;SECRETARIA MUNICIPAL DE CULTURA;08;0.00;83.33
02;1911010306;2022;170;Outros Recursos Não Vinculados;3;PREFEITURA MUNICIPAL DE UBERLÂNDIA;Multas Leis Especificas - Divida Ativa - FMC;SECRETARIA MUNICIPAL DE CULTURA;08;0.00;83.33
02;1911010306;2022;170;Outros Recursos Não Vinculados;4;PREFEITURA MUNICIPAL DE UBERLÂNDIA;Multas Leis Especificas - Divida Ativa - FMC;SECRETARIA MUNICIPAL DE CULTURA;08;0.00;83.33
02;1911010306;2022;170;Outros Recursos Não Vinculados;5;PREFEITURA MUNICIPAL DE UBERLÂNDIA;Multas Leis Especificas - Divida Ativa - FMC;SECRETARIA MUNICIPAL DE CULTURA;08;0.00;83.33
02;1911010306;2022;170;Outros Recursos Não Vinculados;6;PREFEITURA MUNICIPAL DE UBERLÂNDIA;Multas Leis Especificas - Divida Ativa - FMC;SECRETARIA MUNICIPAL DE CULTURA;08;0.00;83.33
02;1911010306;2022;170;Outros Recursos Não Vinculados;7;PREFEITURA MUNICIPAL DE UBERLÂNDIA;Multas Leis Especificas - Divida Ativa - FMC;SECRETARIA MUNICIPAL DE CULTURA;08;0.00;83.33
02;1911010306;2022;170;Outros Recursos Não Vinculados;8;PREFEITURA MUNICIPAL DE UBERLÂNDIA;Multas Leis Especificas - Divida Ativa - FMC;SECRETARIA MUNICIPAL DE CULTURA;08;0.00;83.33
02;1911010306;2022;170;Outros Recursos Não Vinculados;9;PREFEITURA MUNICIPAL DE UBERLÂNDIA;Multas Leis Especificas - Divida Ativa - FMC;SECRETARIA MUNICIPAL DE CULTURA;08;0.00;83.33
02;1911010306;2022;170;Outros Recursos Não Vinculados;10;PREFEITURA MUNICIPAL DE UBERLÂNDIA;Multas Leis Especificas - Divida Ativa - FMC;SECRETARIA MUNICIPAL DE CULTURA;08;0.00;83.33
02;1911010306;2022;170;Outros Recursos Não Vinculados;11;PREFEITURA MUNICIPAL DE UBERLÂNDIA;Multas Leis Especificas - Divida Ativa - FMC;SECRETARIA MUNICIPAL DE CULTURA;08;0.00;83.33
02;1911010306;2022;170;Outros Recursos Não Vinculados;12;PREFEITURA MUNICIPAL DE UBERLÂNDIA;Multas Leis Especificas - Divida Ativa - FMC;SECRETARIA MUNICIPAL DE CULTURA;08;0.00;83.37
02;1911010307;2022;170;Outros Recursos Não Vinculados;1;PREFEITURA MUNICIPAL DE UBERLÂNDIA;Receita Dívida Ativa não tributária Outras Receita;SECRETARIA MUNICIPAL DE PLANEJAMENTO URBANO;34;12972.04;8750.00
02;1911010307;2022;170;Outros Recursos Não Vinculados;2;PREFEITURA MUNICIPAL DE UBERLÂNDIA;Receita Dívida Ativa não tributária Outras Receita;SECRETARIA MUNICIPAL DE PLANEJAMENTO URBANO;34;40542.19;8750.00
02;1911010307;2022;170;Outros Recursos Não Vinculados;3;PREFEITURA MUNICIPAL DE UBERLÂNDIA;Receita Dívida Ativa não tributária Outras Receita;SECRETARIA MUNICIPAL DE PLANEJAMENTO URBANO;34;27358.15;8750.00
02;1911010307;2022;170;Outros Recursos Não Vinculados;4;PREFEITURA MUNICIPAL DE UBERLÂNDIA;Receita Dívida Ativa não tributária Outras Receita;SECRETARIA MUNICIPAL DE PLANEJAMENTO URBANO;34;8800.69;8750.00
02;1911010307;2022;170;Outros Recursos Não Vinculados;5;PREFEITURA MUNICIPAL DE UBERLÂNDIA;Receita Dívida Ativa não tributária Outras Receita;SECRETARIA MUNICIPAL DE PLANEJAMENTO URBANO;34;7006.13;8750.00
02;1911010307;2022;170;Outros Recursos Não Vinculados;6;PREFEITURA MUNICIPAL DE UBERLÂNDIA;Receita Dívida Ativa não tributária Outras Receita;SECRETARIA MUNICIPAL DE PLANEJAMENTO URBANO;34;17244.15;8750.00
02;1911010307;2022;170;Outros Recursos Não Vinculados;7;PREFEITURA MUNICIPAL DE UBERLÂNDIA;Receita Dívida Ativa não tributária Outras Receita;SECRETARIA MUNICIPAL DE PLANEJAMENTO URBANO;34;3880.83;8750.00
02;1911010307;2022;170;Outros Recursos Não Vinculados;8;PREFEITURA MUNICIPAL DE UBERLÂNDIA;Receita Dívida Ativa não tributária Outras Receita;SECRETARIA MUNICIPAL DE PLANEJAMENTO URBANO;34;65287.03;8750.00
02;1911010307;2022;170;Outros Recursos Não Vinculados;9;PREFEITURA MUNICIPAL DE UBERLÂNDIA;Receita Dívida Ativa não tributária Outras Receita;SECRETARIA MUNICIPAL DE PLANEJAMENTO URBANO;34;15591.08;8750.00
02;1911010307;2022;170;Outros Recursos Não Vinculados;10;PREFEITURA MUNICIPAL DE UBERLÂNDIA;Receita Dívida Ativa não tributária Outras Receita;SECRETARIA MUNICIPAL DE PLANEJAMENTO URBANO;34;75538.17;8750.00
02;1911010307;2022;170;Outros Recursos Não Vinculados;11;PREFEITURA MUNICIPAL DE UBERLÂNDIA;Receita Dívida Ativa não tributária Outras Receita;SECRETARIA MUNICIPAL DE PLANEJAMENTO URBANO;34;28487.19;8750.00
02;1911010307;2022;170;Outros Recursos Não Vinculados;12;PREFEITURA MUNICIPAL DE UBERLÂNDIA;Receita Dívida Ativa não tributária Outras Receita;SECRETARIA MUNICIPAL DE PLANEJAMENTO URBANO;34;32579.70;8750.00
02;1911010401;2022;170;Outros Recursos Não Vinculados;1;PREFEITURA MUNICIPAL DE UBERLÂNDIA;Outras Multas e Juros de Mora da Dívida Ativa Outr;SECRETARIA MUNICIPAL DE PLANEJAMENTO URBANO;34;719.75;8750.00
02;1911010401;2022;170;Outros Recursos Não Vinculados;2;PREFEITURA MUNICIPAL DE UBERLÂNDIA;Outras Multas e Juros de Mora da Dívida Ativa Outr;SECRETARIA MUNICIPAL DE PLANEJAMENTO URBANO;34;3018.61;8750.00
02;1911010401;2022;170;Outros Recursos Não Vinculados;3;PREFEITURA MUNICIPAL DE UBERLÂNDIA;Outras Multas e Juros de Mora da Dívida Ativa Outr;SECRETARIA MUNICIPAL DE PLANEJAMENTO URBANO;34;1854.57;8750.00
02;1911010401;2022;170;Outros Recursos Não Vinculados;4;PREFEITURA MUNICIPAL DE UBERLÂNDIA;Outras Multas e Juros de Mora da Dívida Ativa Outr;SECRETARIA MUNICIPAL DE PLANEJAMENTO URBANO;34;674.22;8750.00
02;1911010401;2022;170;Outros Recursos Não Vinculados;5;PREFEITURA MUNICIPAL DE UBERLÂNDIA;Outras Multas e Juros de Mora da Dívida Ativa Outr;SECRETARIA MUNICIPAL DE PLANEJAMENTO URBANO;34;640.93;8750.00
02;1911010401;2022;170;Outros Recursos Não Vinculados;6;PREFEITURA MUNICIPAL DE UBERLÂNDIA;Outras Multas e Juros de Mora da Dívida Ativa Outr;SECRETARIA MUNICIPAL DE PLANEJAMENTO URBANO;34;1783.65;8750.00
02;1911010401;2022;170;Outros Recursos Não Vinculados;7;PREFEITURA MUNICIPAL DE UBERLÂNDIA;Outras Multas e Juros de Mora da Dívida Ativa Outr;SECRETARIA MUNICIPAL DE PLANEJAMENTO URBANO;34;342.28;8750.00
02;1911010401;2022;170;Outros Recursos Não Vinculados;8;PREFEITURA MUNICIPAL DE UBERLÂNDIA;Outras Multas e Juros de Mora da Dívida Ativa Outr;SECRETARIA MUNICIPAL DE PLANEJAMENTO URBANO;34;9232.43;8750.00
02;1911010401;2022;170;Outros Recursos Não Vinculados;9;PREFEITURA MUNICIPAL DE UBERLÂNDIA;Outras Multas e Juros de Mora da Dívida Ativa Outr;SECRETARIA MUNICIPAL DE PLANEJAMENTO URBANO;34;1958.13;8750.00
02;1911010401;2022;170;Outros Recursos Não Vinculados;10;PREFEITURA MUNICIPAL DE UBERLÂNDIA;Outras Multas e Juros de Mora da Dívida Ativa Outr;SECRETARIA MUNICIPAL DE PLANEJAMENTO URBANO;34;9617.36;8750.00
02;1911010401;2022;170;Outros Recursos Não Vinculados;11;PREFEITURA MUNICIPAL DE UBERLÂNDIA;Outras Multas e Juros de Mora da Dívida Ativa Outr;SECRETARIA MUNICIPAL DE PLANEJAMENTO URBANO;34;4489.55;8750.00
02;1911010401;2022;170;Outros Recursos Não Vinculados;12;PREFEITURA MUNICIPAL DE UBERLÂNDIA;Outras Multas e Juros de Mora da Dívida Ativa Outr;SECRETARIA MUNICIPAL DE PLANEJAMENTO URBANO;34;5576.61;8750.00
02;1911010402;2022;170;Outros Recursos Não Vinculados;1;PREFEITURA MUNICIPAL DE UBERLÂNDIA;Outras Multas e Juros de Mora  - Dívida Ativa- PMU;SECRETARIA MUNICIPAL DE FINANÇAS;06;45569.63;41139.75
02;1911010402;2022;170;Outros Recursos Não Vinculados;2;PREFEITURA MUNICIPAL DE UBERLÂNDIA;Outras Multas e Juros de Mora  - Dívida Ativa- PMU;SECRETARIA MUNICIPAL DE FINANÇAS;06;71684.82;41139.75
02;1911010402;2022;170;Outros Recursos Não Vinculados;3;PREFEITURA MUNICIPAL DE UBERLÂNDIA;Outras Multas e Juros de Mora  - Dívida Ativa- PMU;SECRETARIA MUNICIPAL DE FINANÇAS;06;54084.05;41139.75
02;1911010402;2022;170;Outros Recursos Não Vinculados;4;PREFEITURA MUNICIPAL DE UBERLÂNDIA;Outras Multas e Juros de Mora  - Dívida Ativa- PMU;SECRETARIA MUNICIPAL DE FINANÇAS;06;45820.54;41139.75
02;1911010402;2022;170;Outros Recursos Não Vinculados;5;PREFEITURA MUNICIPAL DE UBERLÂNDIA;Outras Multas e Juros de Mora  - Dívida Ativa- PMU;SECRETARIA MUNICIPAL DE FINANÇAS;06;50681.65;41139.75
02;1911010402;2022;170;Outros Recursos Não Vinculados;6;PREFEITURA MUNICIPAL DE UBERLÂNDIA;Outras Multas e Juros de Mora  - Dívida Ativa- PMU;SECRETARIA MUNICIPAL DE FINANÇAS;06;54148.31;41139.75
02;1911010402;2022;170;Outros Recursos Não Vinculados;7;PREFEITURA MUNICIPAL DE UBERLÂNDIA;Outras Multas e Juros de Mora  - Dívida Ativa- PMU;SECRETARIA MUNICIPAL DE FINANÇAS;06;48371.08;41139.75
02;1911010402;2022;170;Outros Recursos Não Vinculados;8;PREFEITURA MUNICIPAL DE UBERLÂNDIA;Outras Multas e Juros de Mora  - Dívida Ativa- PMU;SECRETARIA MUNICIPAL DE FINANÇAS;06;48112.96;41139.75
02;1911010402;2022;170;Outros Recursos Não Vinculados;9;PREFEITURA MUNICIPAL DE UBERLÂNDIA;Outras Multas e Juros de Mora  - Dívida Ativa- PMU;SECRETARIA MUNICIPAL DE FINANÇAS;06;65540.76;41139.75
02;1911010402;2022;170;Outros Recursos Não Vinculados;10;PREFEITURA MUNICIPAL DE UBERLÂNDIA;Outras Multas e Juros de Mora  - Dívida Ativa- PMU;SECRETARIA MUNICIPAL DE FINANÇAS;06;72548.20;41139.75
02;1911010402;2022;170;Outros Recursos Não Vinculados;11;PREFEITURA MUNICIPAL DE UBERLÂNDIA;Outras Multas e Juros de Mora  - Dívida Ativa- PMU;SECRETARIA MUNICIPAL DE FINANÇAS;06;43150.43;41139.75
02;1911010402;2022;170;Outros Recursos Não Vinculados;12;PREFEITURA MUNICIPAL DE UBERLÂNDIA;Outras Multas e Juros de Mora  - Dívida Ativa- PMU;SECRETARIA MUNICIPAL DE FINANÇAS;06;77319.35;41139.75
02;1911010403;2022;170;Outros Recursos Não Vinculados;1;PREFEITURA MUNICIPAL DE UBERLÂNDIA;Outras Multas e Juros de Mora  - Dívida Ativa-FMDA;SECRETARIA MUNICIPAL DE MEIO AMBIENTE;03;117.64;8333.33
02;1911010403;2022;170;Outros Recursos Não Vinculados;2;PREFEITURA MUNICIPAL DE UBERLÂNDIA;Outras Multas e Juros de Mora  - Dívida Ativa-FMDA;SECRETARIA MUNICIPAL DE MEIO AMBIENTE;03;449.66;8333.33
02;1911010403;2022;170;Outros Recursos Não Vinculados;3;PREFEITURA MUNICIPAL DE UBERLÂNDIA;Outras Multas e Juros de Mora  - Dívida Ativa-FMDA;SECRETARIA MUNICIPAL DE MEIO AMBIENTE;03;13.06;8333.33
02;1911010403;2022;170;Outros Recursos Não Vinculados;4;PREFEITURA MUNICIPAL DE UBERLÂNDIA;Outras Multas e Juros de Mora  - Dívida Ativa-FMDA;SECRETARIA MUNICIPAL DE MEIO AMBIENTE;03;690.89;8333.33
02;1911010403;2022;170;Outros Recursos Não Vinculados;5;PREFEITURA MUNICIPAL DE UBERLÂNDIA;Outras Multas e Juros de Mora  - Dívida Ativa-FMDA;SECRETARIA MUNICIPAL DE MEIO AMBIENTE;03;114.67;8333.33
02;1911010403;2022;170;Outros Recursos Não Vinculados;6;PREFEITURA MUNICIPAL DE UBERLÂNDIA;Outras Multas e Juros de Mora  - Dívida Ativa-FMDA;SECRETARIA MUNICIPAL DE MEIO AMBIENTE;03;40.25;8333.33
02;1911010403;2022;170;Outros Recursos Não Vinculados;7;PREFEITURA MUNICIPAL DE UBERLÂNDIA;Outras Multas e Juros de Mora  - Dívida Ativa-FMDA;SECRETARIA MUNICIPAL DE MEIO AMBIENTE;03;4084.72;8333.33
02;1911010403;2022;170;Outros Recursos Não Vinculados;8;PREFEITURA MUNICIPAL DE UBERLÂNDIA;Outras Multas e Juros de Mora  - Dívida Ativa-FMDA;SECRETARIA MUNICIPAL DE MEIO AMBIENTE;03;593.76;8333.33
02;1911010403;2022;170;Outros Recursos Não Vinculados;9;PREFEITURA MUNICIPAL DE UBERLÂNDIA;Outras Multas e Juros de Mora  - Dívida Ativa-FMDA;SECRETARIA MUNICIPAL DE MEIO AMBIENTE;03;140.69;8333.33
02;1911010403;2022;170;Outros Recursos Não Vinculados;10;PREFEITURA MUNICIPAL DE UBERLÂNDIA;Outras Multas e Juros de Mora  - Dívida Ativa-FMDA;SECRETARIA MUNICIPAL DE MEIO AMBIENTE;03;4157.89;8333.33
02;1911010403;2022;170;Outros Recursos Não Vinculados;11;PREFEITURA MUNICIPAL DE UBERLÂNDIA;Outras Multas e Juros de Mora  - Dívida Ativa-FMDA;SECRETARIA MUNICIPAL DE MEIO AMBIENTE;03;624.51;8333.33
02;1911010403;2022;170;Outros Recursos Não Vinculados;12;PREFEITURA MUNICIPAL DE UBERLÂNDIA;Outras Multas e Juros de Mora  - Dívida Ativa-FMDA;SECRETARIA MUNICIPAL DE MEIO AMBIENTE;03;659.69;8333.37
02;1911010404;2022;170;Outros Recursos Não Vinculados;1;PREFEITURA MUNICIPAL DE UBERLÂNDIA;Outras Multas e Juros de Mora  - Dívida Ativa-FMTT;SECRETARIA MUNICIPAL DE TRÂNSITO E TRANSPORTES;15;266.01;833.33
02;1911010404;2022;170;Outros Recursos Não Vinculados;2;PREFEITURA MUNICIPAL DE UBERLÂNDIA;Outras Multas e Juros de Mora  - Dívida Ativa-FMTT;SECRETARIA MUNICIPAL DE TRÂNSITO E TRANSPORTES;15;207.20;833.33
02;1911010404;2022;170;Outros Recursos Não Vinculados;3;PREFEITURA MUNICIPAL DE UBERLÂNDIA;Outras Multas e Juros de Mora  - Dívida Ativa-FMTT;SECRETARIA MUNICIPAL DE TRÂNSITO E TRANSPORTES;15;369.01;833.33
02;1911010404;2022;170;Outros Recursos Não Vinculados;4;PREFEITURA MUNICIPAL DE UBERLÂNDIA;Outras Multas e Juros de Mora  - Dívida Ativa-FMTT;SECRETARIA MUNICIPAL DE TRÂNSITO E TRANSPORTES;15;361.89;833.33
02;1911010404;2022;170;Outros Recursos Não Vinculados;5;PREFEITURA MUNICIPAL DE UBERLÂNDIA;Outras Multas e Juros de Mora  - Dívida Ativa-FMTT;SECRETARIA MUNICIPAL DE TRÂNSITO E TRANSPORTES;15;348.03;833.33
02;1911010404;2022;170;Outros Recursos Não Vinculados;6;PREFEITURA MUNICIPAL DE UBERLÂNDIA;Outras Multas e Juros de Mora  - Dívida Ativa-FMTT;SECRETARIA MUNICIPAL DE TRÂNSITO E TRANSPORTES;15;1106.45;833.33
02;1911010404;2022;170;Outros Recursos Não Vinculados;7;PREFEITURA MUNICIPAL DE UBERLÂNDIA;Outras Multas e Juros de Mora  - Dívida Ativa-FMTT;SECRETARIA MUNICIPAL DE TRÂNSITO E TRANSPORTES;15;3241.51;833.33
02;1911010404;2022;170;Outros Recursos Não Vinculados;8;PREFEITURA MUNICIPAL DE UBERLÂNDIA;Outras Multas e Juros de Mora  - Dívida Ativa-FMTT;SECRETARIA MUNICIPAL DE TRÂNSITO E TRANSPORTES;15;886.20;833.33
02;1911010404;2022;170;Outros Recursos Não Vinculados;9;PREFEITURA MUNICIPAL DE UBERLÂNDIA;Outras Multas e Juros de Mora  - Dívida Ativa-FMTT;SECRETARIA MUNICIPAL DE TRÂNSITO E TRANSPORTES;15;1002.68;833.33
02;1911010404;2022;170;Outros Recursos Não Vinculados;10;PREFEITURA MUNICIPAL DE UBERLÂNDIA;Outras Multas e Juros de Mora  - Dívida Ativa-FMTT;SECRETARIA MUNICIPAL DE TRÂNSITO E TRANSPORTES;15;196209.03;833.33
02;1911010404;2022;170;Outros Recursos Não Vinculados;11;PREFEITURA MUNICIPAL DE UBERLÂNDIA;Outras Multas e Juros de Mora  - Dívida Ativa-FMTT;SECRETARIA MUNICIPAL DE TRÂNSITO E TRANSPORTES;15;1501.24;833.33
02;1911010404;2022;170;Outros Recursos Não Vinculados;12;PREFEITURA MUNICIPAL DE UBERLÂNDIA;Outras Multas e Juros de Mora  - Dívida Ativa-FMTT;SECRETARIA MUNICIPAL DE TRÂNSITO E TRANSPORTES;15;1296.13;833.37
02;1911010405;2022;170;Outros Recursos Não Vinculados;1;PREFEITURA MUNICIPAL DE UBERLÂNDIA;Outras Multas e Juros de Mora -Dívida Ativa-PROCON;PROCURADORIA GERAL DO MUNICIPIO;04;55009.00;1666.67
02;1911010405;2022;170;Outros Recursos Não Vinculados;2;PREFEITURA MUNICIPAL DE UBERLÂNDIA;Outras Multas e Juros de Mora -Dívida Ativa-PROCON;PROCURADORIA GERAL DO MUNICIPIO;04;17331.76;1666.67
02;1911010405;2022;170;Outros Recursos Não Vinculados;3;PREFEITURA MUNICIPAL DE UBERLÂNDIA;Outras Multas e Juros de Mora -Dívida Ativa-PROCON;PROCURADORIA GERAL DO MUNICIPIO;04;12041.53;1666.67
02;1911010405;2022;170;Outros Recursos Não Vinculados;4;PREFEITURA MUNICIPAL DE UBERLÂNDIA;Outras Multas e Juros de Mora -Dívida Ativa-PROCON;PROCURADORIA GERAL DO MUNICIPIO;04;18092.14;1666.67
02;1911010405;2022;170;Outros Recursos Não Vinculados;5;PREFEITURA MUNICIPAL DE UBERLÂNDIA;Outras Multas e Juros de Mora -Dívida Ativa-PROCON;PROCURADORIA GERAL DO MUNICIPIO;04;652255.80;1666.67
02;1911010405;2022;170;Outros Recursos Não Vinculados;6;PREFEITURA MUNICIPAL DE UBERLÂNDIA;Outras Multas e Juros de Mora -Dívida Ativa-PROCON;PROCURADORIA GERAL DO MUNICIPIO;04;90024.79;1666.67
02;1911010405;2022;170;Outros Recursos Não Vinculados;7;PREFEITURA MUNICIPAL DE UBERLÂNDIA;Outras Multas e Juros de Mora -Dívida Ativa-PROCON;PROCURADORIA GERAL DO MUNICIPIO;04;173340.90;1666.67
02;1911010405;2022;170;Outros Recursos Não Vinculados;8;PREFEITURA MUNICIPAL DE UBERLÂNDIA;Outras Multas e Juros de Mora -Dívida Ativa-PROCON;PROCURADORIA GERAL DO MUNICIPIO;04;219758.62;1666.67
02;1911010405;2022;170;Outros Recursos Não Vinculados;9;PREFEITURA MUNICIPAL DE UBERLÂNDIA;Outras Multas e Juros de Mora -Dívida Ativa-PROCON;PROCURADORIA GERAL DO MUNICIPIO;04;61055.72;1666.67
02;1911010405;2022;170;Outros Recursos Não Vinculados;10;PREFEITURA MUNICIPAL DE UBERLÂNDIA;Outras Multas e Juros de Mora -Dívida Ativa-PROCON;PROCURADORIA GERAL DO MUNICIPIO;04;9830.28;1666.67
02;1911010405;2022;170;Outros Recursos Não Vinculados;11;PREFEITURA MUNICIPAL DE UBERLÂNDIA;Outras Multas e Juros de Mora -Dívida Ativa-PROCON;PROCURADORIA GERAL DO MUNICIPIO;04;25733.62;1666.67
02;1911010405;2022;170;Outros Recursos Não Vinculados;12;PREFEITURA MUNICIPAL DE UBERLÂNDIA;Outras Multas e Juros de Mora -Dívida Ativa-PROCON;PROCURADORIA GERAL DO MUNICIPIO;04;57506.11;1666.63
02;1911010406;2022;170;Outros Recursos Não Vinculados;1;PREFEITURA MUNICIPAL DE UBERLÂNDIA;Outras Multas e Juros de Mora -Dívida Ativa-FMC;SECRETARIA MUNICIPAL DE CULTURA;08;0.00;83.33
02;1911010406;2022;170;Outros Recursos Não Vinculados;2;PREFEITURA MUNICIPAL DE UBERLÂNDIA;Outras Multas e Juros de Mora -Dívida Ativa-FMC;SECRETARIA MUNICIPAL DE CULTURA;08;0.00;83.33
02;1911010406;2022;170;Outros Recursos Não Vinculados;3;PREFEITURA MUNICIPAL DE UBERLÂNDIA;Outras Multas e Juros de Mora -Dívida Ativa-FMC;SECRETARIA MUNICIPAL DE CULTURA;08;0.00;83.33
02;1911010406;2022;170;Outros Recursos Não Vinculados;4;PREFEITURA MUNICIPAL DE UBERLÂNDIA;Outras Multas e Juros de Mora -Dívida Ativa-FMC;SECRETARIA MUNICIPAL DE CULTURA;08;0.00;83.33
02;1911010406;2022;170;Outros Recursos Não Vinculados;5;PREFEITURA MUNICIPAL DE UBERLÂNDIA;Outras Multas e Juros de Mora -Dívida Ativa-FMC;SECRETARIA MUNICIPAL DE CULTURA;08;0.00;83.33
02;1911010406;2022;170;Outros Recursos Não Vinculados;6;PREFEITURA MUNICIPAL DE UBERLÂNDIA;Outras Multas e Juros de Mora -Dívida Ativa-FMC;SECRETARIA MUNICIPAL DE CULTURA;08;0.00;83.33
02;1911010406;2022;170;Outros Recursos Não Vinculados;7;PREFEITURA MUNICIPAL DE UBERLÂNDIA;Outras Multas e Juros de Mora -Dívida Ativa-FMC;SECRETARIA MUNICIPAL DE CULTURA;08;0.00;83.33
02;1911010406;2022;170;Outros Recursos Não Vinculados;8;PREFEITURA MUNICIPAL DE UBERLÂNDIA;Outras Multas e Juros de Mora -Dívida Ativa-FMC;SECRETARIA MUNICIPAL DE CULTURA;08;0.00;83.33
02;1911010406;2022;170;Outros Recursos Não Vinculados;9;PREFEITURA MUNICIPAL DE UBERLÂNDIA;Outras Multas e Juros de Mora -Dívida Ativa-FMC;SECRETARIA MUNICIPAL DE CULTURA;08;0.00;83.33
02;1911010406;2022;170;Outros Recursos Não Vinculados;10;PREFEITURA MUNICIPAL DE UBERLÂNDIA;Outras Multas e Juros de Mora -Dívida Ativa-FMC;SECRETARIA MUNICIPAL DE CULTURA;08;0.00;83.33
02;1911010406;2022;170;Outros Recursos Não Vinculados;11;PREFEITURA MUNICIPAL DE UBERLÂNDIA;Outras Multas e Juros de Mora -Dívida Ativa-FMC;SECRETARIA MUNICIPAL DE CULTURA;08;0.00;83.33
02;1911010406;2022;170;Outros Recursos Não Vinculados;12;PREFEITURA MUNICIPAL DE UBERLÂNDIA;Outras Multas e Juros de Mora -Dívida Ativa-FMC;SECRETARIA MUNICIPAL DE CULTURA;08;0.00;83.37
02;1911080101;2022;170;Outros Recursos Não Vinculados;8;PREFEITURA MUNICIPAL DE UBERLÂNDIA;Multas por litigância de má-fé - Art. 81 do CPC;SECRETARIA MUNICIPAL DE FINANÇAS;06;158.38;0.00
02;1911090101;2022;170;Outros Recursos Não Vinculados;1;PREFEITURA MUNICIPAL DE UBERLÂNDIA;Multas e Juros Previstos em Contratos;SECRETARIA MUNICIPAL DE FINANÇAS;06;5397.80;36513.95
02;1911090101;2022;170;Outros Recursos Não Vinculados;2;PREFEITURA MUNICIPAL DE UBERLÂNDIA;Multas e Juros Previstos em Contratos;SECRETARIA MUNICIPAL DE FINANÇAS;06;7885.86;5690.52
02;1911090101;2022;170;Outros Recursos Não Vinculados;3;PREFEITURA MUNICIPAL DE UBERLÂNDIA;Multas e Juros Previstos em Contratos;SECRETARIA MUNICIPAL DE FINANÇAS;06;218882.45;31577.64
02;1911090101;2022;170;Outros Recursos Não Vinculados;4;PREFEITURA MUNICIPAL DE UBERLÂNDIA;Multas e Juros Previstos em Contratos;SECRETARIA MUNICIPAL DE FINANÇAS;06;234.85;1694.74
02;1911090101;2022;170;Outros Recursos Não Vinculados;5;PREFEITURA MUNICIPAL DE UBERLÂNDIA;Multas e Juros Previstos em Contratos;SECRETARIA MUNICIPAL DE FINANÇAS;06;642.21;13276.17
02;1911090101;2022;170;Outros Recursos Não Vinculados;6;PREFEITURA MUNICIPAL DE UBERLÂNDIA;Multas e Juros Previstos em Contratos;SECRETARIA MUNICIPAL DE FINANÇAS;06;0.00;80422.23
02;1911090101;2022;170;Outros Recursos Não Vinculados;7;PREFEITURA MUNICIPAL DE UBERLÂNDIA;Multas e Juros Previstos em Contratos;SECRETARIA MUNICIPAL DE FINANÇAS;06;20383.25;698.10
02;1911090101;2022;170;Outros Recursos Não Vinculados;8;PREFEITURA MUNICIPAL DE UBERLÂNDIA;Multas e Juros Previstos em Contratos;SECRETARIA MUNICIPAL DE FINANÇAS;06;245.54;322.64
02;1911090101;2022;170;Outros Recursos Não Vinculados;9;PREFEITURA MUNICIPAL DE UBERLÂNDIA;Multas e Juros Previstos em Contratos;SECRETARIA MUNICIPAL DE FINANÇAS;06;245.55;399.72
02;1911090101;2022;170;Outros Recursos Não Vinculados;10;PREFEITURA MUNICIPAL DE UBERLÂNDIA;Multas e Juros Previstos em Contratos;SECRETARIA MUNICIPAL DE FINANÇAS;06;248.22;5205.32
02;1911090101;2022;170;Outros Recursos Não Vinculados;11;PREFEITURA MUNICIPAL DE UBERLÂNDIA;Multas e Juros Previstos em Contratos;SECRETARIA MUNICIPAL DE FINANÇAS;06;248.22;46310.72
02;1911090101;2022;170;Outros Recursos Não Vinculados;12;PREFEITURA MUNICIPAL DE UBERLÂNDIA;Multas e Juros Previstos em Contratos;SECRETARIA MUNICIPAL DE FINANÇAS;06;3497.61;961.25
02;1911090102;2022;170;Outros Recursos Não Vinculados;1;PREFEITURA MUNICIPAL DE UBERLÂNDIA;Multas e Juros Previstos em Contratos - FMTT;SECRETARIA MUNICIPAL DE TRÂNSITO E TRANSPORTES;15;0.00;833.33
02;1911090102;2022;170;Outros Recursos Não Vinculados;2;PREFEITURA MUNICIPAL DE UBERLÂNDIA;Multas e Juros Previstos em Contratos - FMTT;SECRETARIA MUNICIPAL DE TRÂNSITO E TRANSPORTES;15;0.00;833.33
02;1911090102;2022;170;Outros Recursos Não Vinculados;3;PREFEITURA MUNICIPAL DE UBERLÂNDIA;Multas e Juros Previstos em Contratos - FMTT;SECRETARIA MUNICIPAL DE TRÂNSITO E TRANSPORTES;15;0.00;833.33
02;1911090102;2022;170;Outros Recursos Não Vinculados;4;PREFEITURA MUNICIPAL DE UBERLÂNDIA;Multas e Juros Previstos em Contratos - FMTT;SECRETARIA MUNICIPAL DE TRÂNSITO E TRANSPORTES;15;0.00;833.33
02;1911090102;2022;170;Outros Recursos Não Vinculados;5;PREFEITURA MUNICIPAL DE UBERLÂNDIA;Multas e Juros Previstos em Contratos - FMTT;SECRETARIA MUNICIPAL DE TRÂNSITO E TRANSPORTES;15;0.00;833.33
02;1911090102;2022;170;Outros Recursos Não Vinculados;6;PREFEITURA MUNICIPAL DE UBERLÂNDIA;Multas e Juros Previstos em Contratos - FMTT;SECRETARIA MUNICIPAL DE TRÂNSITO E TRANSPORTES;15;0.00;833.33
02;1911090102;2022;170;Outros Recursos Não Vinculados;7;PREFEITURA MUNICIPAL DE UBERLÂNDIA;Multas e Juros Previstos em Contratos - FMTT;SECRETARIA MUNICIPAL DE TRÂNSITO E TRANSPORTES;15;0.00;833.33
02;1911090102;2022;170;Outros Recursos Não Vinculados;8;PREFEITURA MUNICIPAL DE UBERLÂNDIA;Multas e Juros Previstos em Contratos - FMTT;SECRETARIA MUNICIPAL DE TRÂNSITO E TRANSPORTES;15;0.00;833.33
02;1911090102;2022;170;Outros Recursos Não Vinculados;9;PREFEITURA MUNICIPAL DE UBERLÂNDIA;Multas e Juros Previstos em Contratos - FMTT;SECRETARIA MUNICIPAL DE TRÂNSITO E TRANSPORTES;15;0.00;833.33
02;1911090102;2022;170;Outros Recursos Não Vinculados;10;PREFEITURA MUNICIPAL DE UBERLÂNDIA;Multas e Juros Previstos em Contratos - FMTT;SECRETARIA MUNICIPAL DE TRÂNSITO E TRANSPORTES;15;0.00;833.33
02;1911090102;2022;170;Outros Recursos Não Vinculados;11;PREFEITURA MUNICIPAL DE UBERLÂNDIA;Multas e Juros Previstos em Contratos - FMTT;SECRETARIA MUNICIPAL DE TRÂNSITO E TRANSPORTES;15;0.00;833.33
02;1911090102;2022;170;Outros Recursos Não Vinculados;12;PREFEITURA MUNICIPAL DE UBERLÂNDIA;Multas e Juros Previstos em Contratos - FMTT;SECRETARIA MUNICIPAL DE TRÂNSITO E TRANSPORTES;15;0.00;833.37
03;1911090103;2022;170;Outros Recursos Não Vinculados;9;Departamento Municipal de Agua e Esgoto;Multas e Juros Previstos em Contratos - DMAE;DEPARTAMENTO MUNICIPAL DE AGUA E ESGOTO - DMAE;17;1239.07;0.00
02;1911090201;2022;170;Outros Recursos Não Vinculados;1;PREFEITURA MUNICIPAL DE UBERLÂNDIA;Mult e Jur Prev em Contratos - Multas e Juros-PMU;SECRETARIA MUNICIPAL DE FINANÇAS;06;254.68;220.83
02;1911090201;2022;170;Outros Recursos Não Vinculados;2;PREFEITURA MUNICIPAL DE UBERLÂNDIA;Mult e Jur Prev em Contratos - Multas e Juros-PMU;SECRETARIA MUNICIPAL DE FINANÇAS;06;430.62;220.83
02;1911090201;2022;170;Outros Recursos Não Vinculados;3;PREFEITURA MUNICIPAL DE UBERLÂNDIA;Mult e Jur Prev em Contratos - Multas e Juros-PMU;SECRETARIA MUNICIPAL DE FINANÇAS;06;11.43;220.83
02;1911090201;2022;170;Outros Recursos Não Vinculados;4;PREFEITURA MUNICIPAL DE UBERLÂNDIA;Mult e Jur Prev em Contratos - Multas e Juros-PMU;SECRETARIA MUNICIPAL DE FINANÇAS;06;3.27;220.83
02;1911090201;2022;170;Outros Recursos Não Vinculados;5;PREFEITURA MUNICIPAL DE UBERLÂNDIA;Mult e Jur Prev em Contratos - Multas e Juros-PMU;SECRETARIA MUNICIPAL DE FINANÇAS;06;20.28;220.83
02;1911090201;2022;170;Outros Recursos Não Vinculados;6;PREFEITURA MUNICIPAL DE UBERLÂNDIA;Mult e Jur Prev em Contratos - Multas e Juros-PMU;SECRETARIA MUNICIPAL DE FINANÇAS;06;0.00;220.83
02;1911090201;2022;170;Outros Recursos Não Vinculados;7;PREFEITURA MUNICIPAL DE UBERLÂNDIA;Mult e Jur Prev em Contratos - Multas e Juros-PMU;SECRETARIA MUNICIPAL DE FINANÇAS;06;3.27;220.83
02;1911090201;2022;170;Outros Recursos Não Vinculados;8;PREFEITURA MUNICIPAL DE UBERLÂNDIA;Mult e Jur Prev em Contratos - Multas e Juros-PMU;SECRETARIA MUNICIPAL DE FINANÇAS;06;9.85;220.83
02;1911090201;2022;170;Outros Recursos Não Vinculados;9;PREFEITURA MUNICIPAL DE UBERLÂNDIA;Mult e Jur Prev em Contratos - Multas e Juros-PMU;SECRETARIA MUNICIPAL DE FINANÇAS;06;12.75;220.83
02;1911090201;2022;170;Outros Recursos Não Vinculados;10;PREFEITURA MUNICIPAL DE UBERLÂNDIA;Mult e Jur Prev em Contratos - Multas e Juros-PMU;SECRETARIA MUNICIPAL DE FINANÇAS;06;9.86;220.83
02;1911090201;2022;170;Outros Recursos Não Vinculados;11;PREFEITURA MUNICIPAL DE UBERLÂNDIA;Mult e Jur Prev em Contratos - Multas e Juros-PMU;SECRETARIA MUNICIPAL DE FINANÇAS;06;12.43;220.83
02;1911090201;2022;170;Outros Recursos Não Vinculados;12;PREFEITURA MUNICIPAL DE UBERLÂNDIA;Mult e Jur Prev em Contratos - Multas e Juros-PMU;SECRETARIA MUNICIPAL DE FINANÇAS;06;15.70;220.87
02;1911090202;2022;170;Outros Recursos Não Vinculados;1;PREFEITURA MUNICIPAL DE UBERLÂNDIA;Mult e Jur Prev em Contratos - Multas e Juros-FMTT;SECRETARIA MUNICIPAL DE TRÂNSITO E TRANSPORTES;15;0.00;833.33
02;1911090202;2022;170;Outros Recursos Não Vinculados;2;PREFEITURA MUNICIPAL DE UBERLÂNDIA;Mult e Jur Prev em Contratos - Multas e Juros-FMTT;SECRETARIA MUNICIPAL DE TRÂNSITO E TRANSPORTES;15;0.00;833.33
02;1911090202;2022;170;Outros Recursos Não Vinculados;3;PREFEITURA MUNICIPAL DE UBERLÂNDIA;Mult e Jur Prev em Contratos - Multas e Juros-FMTT;SECRETARIA MUNICIPAL DE TRÂNSITO E TRANSPORTES;15;0.00;833.33
02;1911090202;2022;170;Outros Recursos Não Vinculados;4;PREFEITURA MUNICIPAL DE UBERLÂNDIA;Mult e Jur Prev em Contratos - Multas e Juros-FMTT;SECRETARIA MUNICIPAL DE TRÂNSITO E TRANSPORTES;15;0.00;833.33
02;1911090202;2022;170;Outros Recursos Não Vinculados;5;PREFEITURA MUNICIPAL DE UBERLÂNDIA;Mult e Jur Prev em Contratos - Multas e Juros-FMTT;SECRETARIA MUNICIPAL DE TRÂNSITO E TRANSPORTES;15;0.00;833.33
02;1911090202;2022;170;Outros Recursos Não Vinculados;6;PREFEITURA MUNICIPAL DE UBERLÂNDIA;Mult e Jur Prev em Contratos - Multas e Juros-FMTT;SECRETARIA MUNICIPAL DE TRÂNSITO E TRANSPORTES;15;0.00;833.33
02;1911090202;2022;170;Outros Recursos Não Vinculados;7;PREFEITURA MUNICIPAL DE UBERLÂNDIA;Mult e Jur Prev em Contratos - Multas e Juros-FMTT;SECRETARIA MUNICIPAL DE TRÂNSITO E TRANSPORTES;15;0.00;833.33
02;1911090202;2022;170;Outros Recursos Não Vinculados;8;PREFEITURA MUNICIPAL DE UBERLÂNDIA;Mult e Jur Prev em Contratos - Multas e Juros-FMTT;SECRETARIA MUNICIPAL DE TRÂNSITO E TRANSPORTES;15;0.00;833.33
02;1911090202;2022;170;Outros Recursos Não Vinculados;9;PREFEITURA MUNICIPAL DE UBERLÂNDIA;Mult e Jur Prev em Contratos - Multas e Juros-FMTT;SECRETARIA MUNICIPAL DE TRÂNSITO E TRANSPORTES;15;0.00;833.33
02;1911090202;2022;170;Outros Recursos Não Vinculados;10;PREFEITURA MUNICIPAL DE UBERLÂNDIA;Mult e Jur Prev em Contratos - Multas e Juros-FMTT;SECRETARIA MUNICIPAL DE TRÂNSITO E TRANSPORTES;15;0.00;833.33
02;1911090202;2022;170;Outros Recursos Não Vinculados;11;PREFEITURA MUNICIPAL DE UBERLÂNDIA;Mult e Jur Prev em Contratos - Multas e Juros-FMTT;SECRETARIA MUNICIPAL DE TRÂNSITO E TRANSPORTES;15;0.00;833.33
02;1911090202;2022;170;Outros Recursos Não Vinculados;12;PREFEITURA MUNICIPAL DE UBERLÂNDIA;Mult e Jur Prev em Contratos - Multas e Juros-FMTT;SECRETARIA MUNICIPAL DE TRÂNSITO E TRANSPORTES;15;0.00;833.37
02;1911090301;2022;170;Outros Recursos Não Vinculados;1;PREFEITURA MUNICIPAL DE UBERLÂNDIA;Mult e Jur Prev em Contratos - DA-PMU;SECRETARIA MUNICIPAL DE FINANÇAS;06;0.00;410.25
02;1911090301;2022;170;Outros Recursos Não Vinculados;2;PREFEITURA MUNICIPAL DE UBERLÂNDIA;Mult e Jur Prev em Contratos - DA-PMU;SECRETARIA MUNICIPAL DE FINANÇAS;06;0.00;410.25
02;1911090301;2022;170;Outros Recursos Não Vinculados;3;PREFEITURA MUNICIPAL DE UBERLÂNDIA;Mult e Jur Prev em Contratos - DA-PMU;SECRETARIA MUNICIPAL DE FINANÇAS;06;0.00;410.25
02;1911090301;2022;170;Outros Recursos Não Vinculados;4;PREFEITURA MUNICIPAL DE UBERLÂNDIA;Mult e Jur Prev em Contratos - DA-PMU;SECRETARIA MUNICIPAL DE FINANÇAS;06;0.00;410.25
02;1911090301;2022;170;Outros Recursos Não Vinculados;5;PREFEITURA MUNICIPAL DE UBERLÂNDIA;Mult e Jur Prev em Contratos - DA-PMU;SECRETARIA MUNICIPAL DE FINANÇAS;06;0.00;410.25
02;1911090301;2022;170;Outros Recursos Não Vinculados;6;PREFEITURA MUNICIPAL DE UBERLÂNDIA;Mult e Jur Prev em Contratos - DA-PMU;SECRETARIA MUNICIPAL DE FINANÇAS;06;24680.92;410.25
02;1911090301;2022;170;Outros Recursos Não Vinculados;7;PREFEITURA MUNICIPAL DE UBERLÂNDIA;Mult e Jur Prev em Contratos - DA-PMU;SECRETARIA MUNICIPAL DE FINANÇAS;06;711.05;410.25
02;1911090301;2022;170;Outros Recursos Não Vinculados;8;PREFEITURA MUNICIPAL DE UBERLÂNDIA;Mult e Jur Prev em Contratos - DA-PMU;SECRETARIA MUNICIPAL DE FINANÇAS;06;0.00;410.25
02;1911090301;2022;170;Outros Recursos Não Vinculados;9;PREFEITURA MUNICIPAL DE UBERLÂNDIA;Mult e Jur Prev em Contratos - DA-PMU;SECRETARIA MUNICIPAL DE FINANÇAS;06;0.00;410.25
02;1911090301;2022;170;Outros Recursos Não Vinculados;10;PREFEITURA MUNICIPAL DE UBERLÂNDIA;Mult e Jur Prev em Contratos - DA-PMU;SECRETARIA MUNICIPAL DE FINANÇAS;06;0.00;410.25
02;1911090301;2022;170;Outros Recursos Não Vinculados;11;PREFEITURA MUNICIPAL DE UBERLÂNDIA;Mult e Jur Prev em Contratos - DA-PMU;SECRETARIA MUNICIPAL DE FINANÇAS;06;0.00;410.25
02;1911090301;2022;170;Outros Recursos Não Vinculados;12;PREFEITURA MUNICIPAL DE UBERLÂNDIA;Mult e Jur Prev em Contratos - DA-PMU;SECRETARIA MUNICIPAL DE FINANÇAS;06;0.00;410.25
02;1911090302;2022;170;Outros Recursos Não Vinculados;1;PREFEITURA MUNICIPAL DE UBERLÂNDIA;Mult e Jur Prev em Contratos - DA - FMTT;SECRETARIA MUNICIPAL DE TRÂNSITO E TRANSPORTES;15;0.00;833.33
02;1911090302;2022;170;Outros Recursos Não Vinculados;2;PREFEITURA MUNICIPAL DE UBERLÂNDIA;Mult e Jur Prev em Contratos - DA - FMTT;SECRETARIA MUNICIPAL DE TRÂNSITO E TRANSPORTES;15;0.00;833.33
02;1911090302;2022;170;Outros Recursos Não Vinculados;3;PREFEITURA MUNICIPAL DE UBERLÂNDIA;Mult e Jur Prev em Contratos - DA - FMTT;SECRETARIA MUNICIPAL DE TRÂNSITO E TRANSPORTES;15;0.00;833.33
02;1911090302;2022;170;Outros Recursos Não Vinculados;4;PREFEITURA MUNICIPAL DE UBERLÂNDIA;Mult e Jur Prev em Contratos - DA - FMTT;SECRETARIA MUNICIPAL DE TRÂNSITO E TRANSPORTES;15;0.00;833.33
02;1911090302;2022;170;Outros Recursos Não Vinculados;5;PREFEITURA MUNICIPAL DE UBERLÂNDIA;Mult e Jur Prev em Contratos - DA - FMTT;SECRETARIA MUNICIPAL DE TRÂNSITO E TRANSPORTES;15;0.00;833.33
02;1911090302;2022;170;Outros Recursos Não Vinculados;6;PREFEITURA MUNICIPAL DE UBERLÂNDIA;Mult e Jur Prev em Contratos - DA - FMTT;SECRETARIA MUNICIPAL DE TRÂNSITO E TRANSPORTES;15;0.00;833.33
02;1911090302;2022;170;Outros Recursos Não Vinculados;7;PREFEITURA MUNICIPAL DE UBERLÂNDIA;Mult e Jur Prev em Contratos - DA - FMTT;SECRETARIA MUNICIPAL DE TRÂNSITO E TRANSPORTES;15;0.00;833.33
02;1911090302;2022;170;Outros Recursos Não Vinculados;8;PREFEITURA MUNICIPAL DE UBERLÂNDIA;Mult e Jur Prev em Contratos - DA - FMTT;SECRETARIA MUNICIPAL DE TRÂNSITO E TRANSPORTES;15;0.00;833.33
02;1911090302;2022;170;Outros Recursos Não Vinculados;9;PREFEITURA MUNICIPAL DE UBERLÂNDIA;Mult e Jur Prev em Contratos - DA - FMTT;SECRETARIA MUNICIPAL DE TRÂNSITO E TRANSPORTES;15;0.00;833.33
02;1911090302;2022;170;Outros Recursos Não Vinculados;10;PREFEITURA MUNICIPAL DE UBERLÂNDIA;Mult e Jur Prev em Contratos - DA - FMTT;SECRETARIA MUNICIPAL DE TRÂNSITO E TRANSPORTES;15;0.00;833.33
02;1911090302;2022;170;Outros Recursos Não Vinculados;11;PREFEITURA MUNICIPAL DE UBERLÂNDIA;Mult e Jur Prev em Contratos - DA - FMTT;SECRETARIA MUNICIPAL DE TRÂNSITO E TRANSPORTES;15;0.00;833.33
02;1911090302;2022;170;Outros Recursos Não Vinculados;12;PREFEITURA MUNICIPAL DE UBERLÂNDIA;Mult e Jur Prev em Contratos - DA - FMTT;SECRETARIA MUNICIPAL DE TRÂNSITO E TRANSPORTES;15;0.00;833.37
02;1911090401;2022;170;Outros Recursos Não Vinculados;1;PREFEITURA MUNICIPAL DE UBERLÂNDIA;Mult e Jur Prev em Contratos - mul e jur DA-PMU;SECRETARIA MUNICIPAL DE FINANÇAS;06;0.00;83.33
02;1911090401;2022;170;Outros Recursos Não Vinculados;2;PREFEITURA MUNICIPAL DE UBERLÂNDIA;Mult e Jur Prev em Contratos - mul e jur DA-PMU;SECRETARIA MUNICIPAL DE FINANÇAS;06;0.00;83.33
02;1911090401;2022;170;Outros Recursos Não Vinculados;3;PREFEITURA MUNICIPAL DE UBERLÂNDIA;Mult e Jur Prev em Contratos - mul e jur DA-PMU;SECRETARIA MUNICIPAL DE FINANÇAS;06;0.00;83.33
02;1911090401;2022;170;Outros Recursos Não Vinculados;4;PREFEITURA MUNICIPAL DE UBERLÂNDIA;Mult e Jur Prev em Contratos - mul e jur DA-PMU;SECRETARIA MUNICIPAL DE FINANÇAS;06;0.00;83.33
02;1911090401;2022;170;Outros Recursos Não Vinculados;5;PREFEITURA MUNICIPAL DE UBERLÂNDIA;Mult e Jur Prev em Contratos - mul e jur DA-PMU;SECRETARIA MUNICIPAL DE FINANÇAS;06;0.00;83.33
02;1911090401;2022;170;Outros Recursos Não Vinculados;6;PREFEITURA MUNICIPAL DE UBERLÂNDIA;Mult e Jur Prev em Contratos - mul e jur DA-PMU;SECRETARIA MUNICIPAL DE FINANÇAS;06;2278.95;83.33
02;1911090401;2022;170;Outros Recursos Não Vinculados;7;PREFEITURA MUNICIPAL DE UBERLÂNDIA;Mult e Jur Prev em Contratos - mul e jur DA-PMU;SECRETARIA MUNICIPAL DE FINANÇAS;06;724.80;83.33
02;1911090401;2022;170;Outros Recursos Não Vinculados;8;PREFEITURA MUNICIPAL DE UBERLÂNDIA;Mult e Jur Prev em Contratos - mul e jur DA-PMU;SECRETARIA MUNICIPAL DE FINANÇAS;06;0.00;83.33
02;1911090401;2022;170;Outros Recursos Não Vinculados;9;PREFEITURA MUNICIPAL DE UBERLÂNDIA;Mult e Jur Prev em Contratos - mul e jur DA-PMU;SECRETARIA MUNICIPAL DE FINANÇAS;06;0.00;83.33
02;1911090401;2022;170;Outros Recursos Não Vinculados;10;PREFEITURA MUNICIPAL DE UBERLÂNDIA;Mult e Jur Prev em Contratos - mul e jur DA-PMU;SECRETARIA MUNICIPAL DE FINANÇAS;06;0.00;83.33
02;1911090401;2022;170;Outros Recursos Não Vinculados;11;PREFEITURA MUNICIPAL DE UBERLÂNDIA;Mult e Jur Prev em Contratos - mul e jur DA-PMU;SECRETARIA MUNICIPAL DE FINANÇAS;06;0.00;83.33
02;1911090401;2022;170;Outros Recursos Não Vinculados;12;PREFEITURA MUNICIPAL DE UBERLÂNDIA;Mult e Jur Prev em Contratos - mul e jur DA-PMU;SECRETARIA MUNICIPAL DE FINANÇAS;06;0.00;83.37
02;1911090402;2022;170;Outros Recursos Não Vinculados;1;PREFEITURA MUNICIPAL DE UBERLÂNDIA;Mult e Jur Prev em Contratos - mul e jur DA-FMTT;SECRETARIA MUNICIPAL DE TRÂNSITO E TRANSPORTES;15;0.00;833.33
02;1911090402;2022;170;Outros Recursos Não Vinculados;2;PREFEITURA MUNICIPAL DE UBERLÂNDIA;Mult e Jur Prev em Contratos - mul e jur DA-FMTT;SECRETARIA MUNICIPAL DE TRÂNSITO E TRANSPORTES;15;0.00;833.33
02;1911090402;2022;170;Outros Recursos Não Vinculados;3;PREFEITURA MUNICIPAL DE UBERLÂNDIA;Mult e Jur Prev em Contratos - mul e jur DA-FMTT;SECRETARIA MUNICIPAL DE TRÂNSITO E TRANSPORTES;15;0.00;833.33
02;1911090402;2022;170;Outros Recursos Não Vinculados;4;PREFEITURA MUNICIPAL DE UBERLÂNDIA;Mult e Jur Prev em Contratos - mul e jur DA-FMTT;SECRETARIA MUNICIPAL DE TRÂNSITO E TRANSPORTES;15;0.00;833.33
02;1911090402;2022;170;Outros Recursos Não Vinculados;5;PREFEITURA MUNICIPAL DE UBERLÂNDIA;Mult e Jur Prev em Contratos - mul e jur DA-FMTT;SECRETARIA MUNICIPAL DE TRÂNSITO E TRANSPORTES;15;0.00;833.33
02;1911090402;2022;170;Outros Recursos Não Vinculados;6;PREFEITURA MUNICIPAL DE UBERLÂNDIA;Mult e Jur Prev em Contratos - mul e jur DA-FMTT;SECRETARIA MUNICIPAL DE TRÂNSITO E TRANSPORTES;15;0.00;833.33
02;1911090402;2022;170;Outros Recursos Não Vinculados;7;PREFEITURA MUNICIPAL DE UBERLÂNDIA;Mult e Jur Prev em Contratos - mul e jur DA-FMTT;SECRETARIA MUNICIPAL DE TRÂNSITO E TRANSPORTES;15;0.00;833.33
02;1911090402;2022;170;Outros Recursos Não Vinculados;8;PREFEITURA MUNICIPAL DE UBERLÂNDIA;Mult e Jur Prev em Contratos - mul e jur DA-FMTT;SECRETARIA MUNICIPAL DE TRÂNSITO E TRANSPORTES;15;0.00;833.33
02;1911090402;2022;170;Outros Recursos Não Vinculados;9;PREFEITURA MUNICIPAL DE UBERLÂNDIA;Mult e Jur Prev em Contratos - mul e jur DA-FMTT;SECRETARIA MUNICIPAL DE TRÂNSITO E TRANSPORTES;15;0.00;833.33
02;1911090402;2022;170;Outros Recursos Não Vinculados;10;PREFEITURA MUNICIPAL DE UBERLÂNDIA;Mult e Jur Prev em Contratos - mul e jur DA-FMTT;SECRETARIA MUNICIPAL DE TRÂNSITO E TRANSPORTES;15;0.00;833.33
02;1911090402;2022;170;Outros Recursos Não Vinculados;11;PREFEITURA MUNICIPAL DE UBERLÂNDIA;Mult e Jur Prev em Contratos - mul e jur DA-FMTT;SECRETARIA MUNICIPAL DE TRÂNSITO E TRANSPORTES;15;0.00;833.33
02;1911090402;2022;170;Outros Recursos Não Vinculados;12;PREFEITURA MUNICIPAL DE UBERLÂNDIA;Mult e Jur Prev em Contratos - mul e jur DA-FMTT;SECRETARIA MUNICIPAL DE TRÂNSITO E TRANSPORTES;15;0.00;833.37
02;1921990101;2022;170;Outros Recursos Não Vinculados;1;PREFEITURA MUNICIPAL DE UBERLÂNDIA;Indenizações - PMU;SECRETARIA MUNICIPAL DE FINANÇAS;06;522.07;369.96
02;1921990101;2022;170;Outros Recursos Não Vinculados;2;PREFEITURA MUNICIPAL DE UBERLÂNDIA;Indenizações - PMU;SECRETARIA MUNICIPAL DE FINANÇAS;06;433.15;313.67
02;1921990101;2022;170;Outros Recursos Não Vinculados;3;PREFEITURA MUNICIPAL DE UBERLÂNDIA;Indenizações - PMU;SECRETARIA MUNICIPAL DE FINANÇAS;06;489.65;413.62
02;1921990101;2022;170;Outros Recursos Não Vinculados;4;PREFEITURA MUNICIPAL DE UBERLÂNDIA;Indenizações - PMU;SECRETARIA MUNICIPAL DE FINANÇAS;06;576.42;337.81
02;1921990101;2022;170;Outros Recursos Não Vinculados;5;PREFEITURA MUNICIPAL DE UBERLÂNDIA;Indenizações - PMU;SECRETARIA MUNICIPAL DE FINANÇAS;06;883.25;481.30
02;1921990101;2022;170;Outros Recursos Não Vinculados;6;PREFEITURA MUNICIPAL DE UBERLÂNDIA;Indenizações - PMU;SECRETARIA MUNICIPAL DE FINANÇAS;06;276.99;392.11
02;1921990101;2022;170;Outros Recursos Não Vinculados;7;PREFEITURA MUNICIPAL DE UBERLÂNDIA;Indenizações - PMU;SECRETARIA MUNICIPAL DE FINANÇAS;06;124.63;366.26
02;1921990101;2022;170;Outros Recursos Não Vinculados;8;PREFEITURA MUNICIPAL DE UBERLÂNDIA;Indenizações - PMU;SECRETARIA MUNICIPAL DE FINANÇAS;06;98.60;361.45
02;1921990101;2022;170;Outros Recursos Não Vinculados;9;PREFEITURA MUNICIPAL DE UBERLÂNDIA;Indenizações - PMU;SECRETARIA MUNICIPAL DE FINANÇAS;06;391.97;238.33
02;1921990101;2022;170;Outros Recursos Não Vinculados;10;PREFEITURA MUNICIPAL DE UBERLÂNDIA;Indenizações - PMU;SECRETARIA MUNICIPAL DE FINANÇAS;06;559.04;271.97
02;1921990101;2022;170;Outros Recursos Não Vinculados;11;PREFEITURA MUNICIPAL DE UBERLÂNDIA;Indenizações - PMU;SECRETARIA MUNICIPAL DE FINANÇAS;06;559.04;158.49
02;1921990101;2022;170;Outros Recursos Não Vinculados;12;PREFEITURA MUNICIPAL DE UBERLÂNDIA;Indenizações - PMU;SECRETARIA MUNICIPAL DE FINANÇAS;06;310.49;186.03
03;1921990102;2022;170;Outros Recursos Não Vinculados;1;Departamento Municipal de Agua e Esgoto;Indenizações - DMAE;DEPARTAMENTO MUNICIPAL DE AGUA E ESGOTO - DMAE;17;21094.18;9000.00
03;1921990102;2022;170;Outros Recursos Não Vinculados;2;Departamento Municipal de Agua e Esgoto;Indenizações - DMAE;DEPARTAMENTO MUNICIPAL DE AGUA E ESGOTO - DMAE;17;27276.58;8000.00
03;1921990102;2022;170;Outros Recursos Não Vinculados;3;Departamento Municipal de Agua e Esgoto;Indenizações - DMAE;DEPARTAMENTO MUNICIPAL DE AGUA E ESGOTO - DMAE;17;28473.10;9000.00
03;1921990102;2022;170;Outros Recursos Não Vinculados;4;Departamento Municipal de Agua e Esgoto;Indenizações - DMAE;DEPARTAMENTO MUNICIPAL DE AGUA E ESGOTO - DMAE;17;23817.57;8000.00
03;1921990102;2022;170;Outros Recursos Não Vinculados;5;Departamento Municipal de Agua e Esgoto;Indenizações - DMAE;DEPARTAMENTO MUNICIPAL DE AGUA E ESGOTO - DMAE;17;34622.79;10000.00
03;1921990102;2022;170;Outros Recursos Não Vinculados;6;Departamento Municipal de Agua e Esgoto;Indenizações - DMAE;DEPARTAMENTO MUNICIPAL DE AGUA E ESGOTO - DMAE;17;32747.83;10000.00
03;1921990102;2022;170;Outros Recursos Não Vinculados;7;Departamento Municipal de Agua e Esgoto;Indenizações - DMAE;DEPARTAMENTO MUNICIPAL DE AGUA E ESGOTO - DMAE;17;35916.43;8000.00
03;1921990102;2022;170;Outros Recursos Não Vinculados;8;Departamento Municipal de Agua e Esgoto;Indenizações - DMAE;DEPARTAMENTO MUNICIPAL DE AGUA E ESGOTO - DMAE;17;32354.71;318000.00
03;1921990102;2022;170;Outros Recursos Não Vinculados;9;Departamento Municipal de Agua e Esgoto;Indenizações - DMAE;DEPARTAMENTO MUNICIPAL DE AGUA E ESGOTO - DMAE;17;24563.59;616000.00
03;1921990102;2022;170;Outros Recursos Não Vinculados;10;Departamento Municipal de Agua e Esgoto;Indenizações - DMAE;DEPARTAMENTO MUNICIPAL DE AGUA E ESGOTO - DMAE;17;23783.24;8000.00
03;1921990102;2022;170;Outros Recursos Não Vinculados;11;Departamento Municipal de Agua e Esgoto;Indenizações - DMAE;DEPARTAMENTO MUNICIPAL DE AGUA E ESGOTO - DMAE;17;25846.62;310000.00
03;1921990102;2022;170;Outros Recursos Não Vinculados;12;Departamento Municipal de Agua e Esgoto;Indenizações - DMAE;DEPARTAMENTO MUNICIPAL DE AGUA E ESGOTO - DMAE;17;23021.83;381000.00
04;1921990103;2022;170;Outros Recursos Não Vinculados;1;Fundação Uberlandense Turismo Esporte Lazer;Indenizações - FUTEL;FUNDAÇÃO UBERLANDENSE DE TURISMO, ESPORTE E LAZER-;19;0.00;4833.33
04;1921990103;2022;170;Outros Recursos Não Vinculados;2;Fundação Uberlandense Turismo Esporte Lazer;Indenizações - FUTEL;FUNDAÇÃO UBERLANDENSE DE TURISMO, ESPORTE E LAZER-;19;0.00;4833.33
04;1921990103;2022;170;Outros Recursos Não Vinculados;3;Fundação Uberlandense Turismo Esporte Lazer;Indenizações - FUTEL;FUNDAÇÃO UBERLANDENSE DE TURISMO, ESPORTE E LAZER-;19;0.00;4833.33
04;1921990103;2022;170;Outros Recursos Não Vinculados;4;Fundação Uberlandense Turismo Esporte Lazer;Indenizações - FUTEL;FUNDAÇÃO UBERLANDENSE DE TURISMO, ESPORTE E LAZER-;19;0.00;4833.33
04;1921990103;2022;170;Outros Recursos Não Vinculados;5;Fundação Uberlandense Turismo Esporte Lazer;Indenizações - FUTEL;FUNDAÇÃO UBERLANDENSE DE TURISMO, ESPORTE E LAZER-;19;0.00;4833.33
04;1921990103;2022;170;Outros Recursos Não Vinculados;6;Fundação Uberlandense Turismo Esporte Lazer;Indenizações - FUTEL;FUNDAÇÃO UBERLANDENSE DE TURISMO, ESPORTE E LAZER-;19;0.00;4833.33
04;1921990103;2022;170;Outros Recursos Não Vinculados;7;Fundação Uberlandense Turismo Esporte Lazer;Indenizações - FUTEL;FUNDAÇÃO UBERLANDENSE DE TURISMO, ESPORTE E LAZER-;19;0.00;4833.33
04;1921990103;2022;170;Outros Recursos Não Vinculados;8;Fundação Uberlandense Turismo Esporte Lazer;Indenizações - FUTEL;FUNDAÇÃO UBERLANDENSE DE TURISMO, ESPORTE E LAZER-;19;0.00;4833.33
04;1921990103;2022;170;Outros Recursos Não Vinculados;9;Fundação Uberlandense Turismo Esporte Lazer;Indenizações - FUTEL;FUNDAÇÃO UBERLANDENSE DE TURISMO, ESPORTE E LAZER-;19;0.00;4833.33
04;1921990103;2022;170;Outros Recursos Não Vinculados;10;Fundação Uberlandense Turismo Esporte Lazer;Indenizações - FUTEL;FUNDAÇÃO UBERLANDENSE DE TURISMO, ESPORTE E LAZER-;19;0.00;4833.33
04;1921990103;2022;170;Outros Recursos Não Vinculados;11;Fundação Uberlandense Turismo Esporte Lazer;Indenizações - FUTEL;FUNDAÇÃO UBERLANDENSE DE TURISMO, ESPORTE E LAZER-;19;0.00;4833.33
04;1921990103;2022;170;Outros Recursos Não Vinculados;12;Fundação Uberlandense Turismo Esporte Lazer;Indenizações - FUTEL;FUNDAÇÃO UBERLANDENSE DE TURISMO, ESPORTE E LAZER-;19;0.00;4833.37
02;1921990104;2022;170;Outros Recursos Não Vinculados;12;PREFEITURA MUNICIPAL DE UBERLÂNDIA;Indenizações - FMDA;SECRETARIA MUNICIPAL DE MEIO AMBIENTE;03;401142.67;0.00
02;1921990301;2022;170;Outros Recursos Não Vinculados;1;PREFEITURA MUNICIPAL DE UBERLÂNDIA;Indenizações - Divida Ativa - PMU;SECRETARIA MUNICIPAL DE FINANÇAS;06;973.58;748.01
02;1921990301;2022;170;Outros Recursos Não Vinculados;2;PREFEITURA MUNICIPAL DE UBERLÂNDIA;Indenizações - Divida Ativa - PMU;SECRETARIA MUNICIPAL DE FINANÇAS;06;1187.65;677.45
02;1921990301;2022;170;Outros Recursos Não Vinculados;3;PREFEITURA MUNICIPAL DE UBERLÂNDIA;Indenizações - Divida Ativa - PMU;SECRETARIA MUNICIPAL DE FINANÇAS;06;502.58;740.51
02;1921990301;2022;170;Outros Recursos Não Vinculados;4;PREFEITURA MUNICIPAL DE UBERLÂNDIA;Indenizações - Divida Ativa - PMU;SECRETARIA MUNICIPAL DE FINANÇAS;06;1051.99;211.22
02;1921990301;2022;170;Outros Recursos Não Vinculados;5;PREFEITURA MUNICIPAL DE UBERLÂNDIA;Indenizações - Divida Ativa - PMU;SECRETARIA MUNICIPAL DE FINANÇAS;06;456.54;568.33
02;1921990301;2022;170;Outros Recursos Não Vinculados;6;PREFEITURA MUNICIPAL DE UBERLÂNDIA;Indenizações - Divida Ativa - PMU;SECRETARIA MUNICIPAL DE FINANÇAS;06;644.52;543.70
02;1921990301;2022;170;Outros Recursos Não Vinculados;7;PREFEITURA MUNICIPAL DE UBERLÂNDIA;Indenizações - Divida Ativa - PMU;SECRETARIA MUNICIPAL DE FINANÇAS;06;446.33;142.70
02;1921990301;2022;170;Outros Recursos Não Vinculados;8;PREFEITURA MUNICIPAL DE UBERLÂNDIA;Indenizações - Divida Ativa - PMU;SECRETARIA MUNICIPAL DE FINANÇAS;06;4697.13;197.61
02;1921990301;2022;170;Outros Recursos Não Vinculados;9;PREFEITURA MUNICIPAL DE UBERLÂNDIA;Indenizações - Divida Ativa - PMU;SECRETARIA MUNICIPAL DE FINANÇAS;06;765.45;216.53
02;1921990301;2022;170;Outros Recursos Não Vinculados;10;PREFEITURA MUNICIPAL DE UBERLÂNDIA;Indenizações - Divida Ativa - PMU;SECRETARIA MUNICIPAL DE FINANÇAS;06;199.81;242.11
02;1921990301;2022;170;Outros Recursos Não Vinculados;11;PREFEITURA MUNICIPAL DE UBERLÂNDIA;Indenizações - Divida Ativa - PMU;SECRETARIA MUNICIPAL DE FINANÇAS;06;712.26;187.59
02;1921990301;2022;170;Outros Recursos Não Vinculados;12;PREFEITURA MUNICIPAL DE UBERLÂNDIA;Indenizações - Divida Ativa - PMU;SECRETARIA MUNICIPAL DE FINANÇAS;06;586.96;1104.24
02;1921990401;2022;170;Outros Recursos Não Vinculados;1;PREFEITURA MUNICIPAL DE UBERLÂNDIA;Indenizações - Divida Ativa - Multas e Juros- PMU;SECRETARIA MUNICIPAL DE FINANÇAS;06;329.24;414.80
02;1921990401;2022;170;Outros Recursos Não Vinculados;2;PREFEITURA MUNICIPAL DE UBERLÂNDIA;Indenizações - Divida Ativa - Multas e Juros- PMU;SECRETARIA MUNICIPAL DE FINANÇAS;06;466.27;562.10
02;1921990401;2022;170;Outros Recursos Não Vinculados;3;PREFEITURA MUNICIPAL DE UBERLÂNDIA;Indenizações - Divida Ativa - Multas e Juros- PMU;SECRETARIA MUNICIPAL DE FINANÇAS;06;461.43;564.49
02;1921990401;2022;170;Outros Recursos Não Vinculados;4;PREFEITURA MUNICIPAL DE UBERLÂNDIA;Indenizações - Divida Ativa - Multas e Juros- PMU;SECRETARIA MUNICIPAL DE FINANÇAS;06;360.99;121.03
02;1921990401;2022;170;Outros Recursos Não Vinculados;5;PREFEITURA MUNICIPAL DE UBERLÂNDIA;Indenizações - Divida Ativa - Multas e Juros- PMU;SECRETARIA MUNICIPAL DE FINANÇAS;06;432.49;526.94
02;1921990401;2022;170;Outros Recursos Não Vinculados;6;PREFEITURA MUNICIPAL DE UBERLÂNDIA;Indenizações - Divida Ativa - Multas e Juros- PMU;SECRETARIA MUNICIPAL DE FINANÇAS;06;538.16;332.92
02;1921990401;2022;170;Outros Recursos Não Vinculados;7;PREFEITURA MUNICIPAL DE UBERLÂNDIA;Indenizações - Divida Ativa - Multas e Juros- PMU;SECRETARIA MUNICIPAL DE FINANÇAS;06;216.52;91.35
02;1921990401;2022;170;Outros Recursos Não Vinculados;8;PREFEITURA MUNICIPAL DE UBERLÂNDIA;Indenizações - Divida Ativa - Multas e Juros- PMU;SECRETARIA MUNICIPAL DE FINANÇAS;06;219.31;155.69
02;1921990401;2022;170;Outros Recursos Não Vinculados;9;PREFEITURA MUNICIPAL DE UBERLÂNDIA;Indenizações - Divida Ativa - Multas e Juros- PMU;SECRETARIA MUNICIPAL DE FINANÇAS;06;529.52;91.94
02;1921990401;2022;170;Outros Recursos Não Vinculados;10;PREFEITURA MUNICIPAL DE UBERLÂNDIA;Indenizações - Divida Ativa - Multas e Juros- PMU;SECRETARIA MUNICIPAL DE FINANÇAS;06;212.96;82.81
02;1921990401;2022;170;Outros Recursos Não Vinculados;11;PREFEITURA MUNICIPAL DE UBERLÂNDIA;Indenizações - Divida Ativa - Multas e Juros- PMU;SECRETARIA MUNICIPAL DE FINANÇAS;06;287.38;136.12
02;1921990401;2022;170;Outros Recursos Não Vinculados;12;PREFEITURA MUNICIPAL DE UBERLÂNDIA;Indenizações - Divida Ativa - Multas e Juros- PMU;SECRETARIA MUNICIPAL DE FINANÇAS;06;103.10;405.81
05;1922030101;2022;103;Contribuição para o Regime Próprio de Previdência Social (RPPS): Patronal, dos Servidores, Compensação Financeira/ Recursos Vinculados ao RPPS - Fundo em Capitalização (Plano Previdenciário);1;Instituto Prev. Serv. Pub. Mun. Uberlândia;Outras Restituições - IPREMU;INST. DE PREV. DOS SERVID. PÚB. DO MUN. DE UBERLÂN;18;15466.36;20191.67
05;1922030101;2022;105;Taxa de Administração do RPPS;1;Instituto Prev. Serv. Pub. Mun. Uberlândia;Outras Restituições - IPREMU;INST. DE PREV. DOS SERVID. PÚB. DO MUN. DE UBERLÂN;18;510.07;641.67
05;1922030101;2022;103;Contribuição para o Regime Próprio de Previdência Social (RPPS): Patronal, dos Servidores, Compensação Financeira/ Recursos Vinculados ao RPPS - Fundo em Capitalização (Plano Previdenciário);2;Instituto Prev. Serv. Pub. Mun. Uberlândia;Outras Restituições - IPREMU;INST. DE PREV. DOS SERVID. PÚB. DO MUN. DE UBERLÂN;18;0.00;20191.67
05;1922030101;2022;105;Taxa de Administração do RPPS;2;Instituto Prev. Serv. Pub. Mun. Uberlândia;Outras Restituições - IPREMU;INST. DE PREV. DOS SERVID. PÚB. DO MUN. DE UBERLÂN;18;0.00;641.67
05;1922030101;2022;103;Contribuição para o Regime Próprio de Previdência Social (RPPS): Patronal, dos Servidores, Compensação Financeira/ Recursos Vinculados ao RPPS - Fundo em Capitalização (Plano Previdenciário);3;Instituto Prev. Serv. Pub. Mun. Uberlândia;Outras Restituições - IPREMU;INST. DE PREV. DOS SERVID. PÚB. DO MUN. DE UBERLÂN;18;92028.27;20191.67
05;1922030101;2022;105;Taxa de Administração do RPPS;3;Instituto Prev. Serv. Pub. Mun. Uberlândia;Outras Restituições - IPREMU;INST. DE PREV. DOS SERVID. PÚB. DO MUN. DE UBERLÂN;18;1131.93;641.67
05;1922030101;2022;103;Contribuição para o Regime Próprio de Previdência Social (RPPS): Patronal, dos Servidores, Compensação Financeira/ Recursos Vinculados ao RPPS - Fundo em Capitalização (Plano Previdenciário);4;Instituto Prev. Serv. Pub. Mun. Uberlândia;Outras Restituições - IPREMU;INST. DE PREV. DOS SERVID. PÚB. DO MUN. DE UBERLÂN;18;79023.21;20191.67
05;1922030101;2022;105;Taxa de Administração do RPPS;4;Instituto Prev. Serv. Pub. Mun. Uberlândia;Outras Restituições - IPREMU;INST. DE PREV. DOS SERVID. PÚB. DO MUN. DE UBERLÂN;18;860.66;641.67
05;1922030101;2022;103;Contribuição para o Regime Próprio de Previdência Social (RPPS): Patronal, dos Servidores, Compensação Financeira/ Recursos Vinculados ao RPPS - Fundo em Capitalização (Plano Previdenciário);5;Instituto Prev. Serv. Pub. Mun. Uberlândia;Outras Restituições - IPREMU;INST. DE PREV. DOS SERVID. PÚB. DO MUN. DE UBERLÂN;18;0.00;20191.67
05;1922030101;2022;105;Taxa de Administração do RPPS;5;Instituto Prev. Serv. Pub. Mun. Uberlândia;Outras Restituições - IPREMU;INST. DE PREV. DOS SERVID. PÚB. DO MUN. DE UBERLÂN;18;993.70;641.67
05;1922030101;2022;103;Contribuição para o Regime Próprio de Previdência Social (RPPS): Patronal, dos Servidores, Compensação Financeira/ Recursos Vinculados ao RPPS - Fundo em Capitalização (Plano Previdenciário);6;Instituto Prev. Serv. Pub. Mun. Uberlândia;Outras Restituições - IPREMU;INST. DE PREV. DOS SERVID. PÚB. DO MUN. DE UBERLÂN;18;0.00;20191.67
05;1922030101;2022;105;Taxa de Administração do RPPS;6;Instituto Prev. Serv. Pub. Mun. Uberlândia;Outras Restituições - IPREMU;INST. DE PREV. DOS SERVID. PÚB. DO MUN. DE UBERLÂN;18;1192.86;641.67
05;1922030101;2022;103;Contribuição para o Regime Próprio de Previdência Social (RPPS): Patronal, dos Servidores, Compensação Financeira/ Recursos Vinculados ao RPPS - Fundo em Capitalização (Plano Previdenciário);7;Instituto Prev. Serv. Pub. Mun. Uberlândia;Outras Restituições - IPREMU;INST. DE PREV. DOS SERVID. PÚB. DO MUN. DE UBERLÂN;18;25051.39;20191.67
05;1922030101;2022;105;Taxa de Administração do RPPS;7;Instituto Prev. Serv. Pub. Mun. Uberlândia;Outras Restituições - IPREMU;INST. DE PREV. DOS SERVID. PÚB. DO MUN. DE UBERLÂN;18;1405.18;641.67
05;1922030101;2022;103;Contribuição para o Regime Próprio de Previdência Social (RPPS): Patronal, dos Servidores, Compensação Financeira/ Recursos Vinculados ao RPPS - Fundo em Capitalização (Plano Previdenciário);8;Instituto Prev. Serv. Pub. Mun. Uberlândia;Outras Restituições - IPREMU;INST. DE PREV. DOS SERVID. PÚB. DO MUN. DE UBERLÂN;18;0.00;20191.67
05;1922030101;2022;105;Taxa de Administração do RPPS;8;Instituto Prev. Serv. Pub. Mun. Uberlândia;Outras Restituições - IPREMU;INST. DE PREV. DOS SERVID. PÚB. DO MUN. DE UBERLÂN;18;1513.37;641.67
05;1922030101;2022;103;Contribuição para o Regime Próprio de Previdência Social (RPPS): Patronal, dos Servidores, Compensação Financeira/ Recursos Vinculados ao RPPS - Fundo em Capitalização (Plano Previdenciário);9;Instituto Prev. Serv. Pub. Mun. Uberlândia;Outras Restituições - IPREMU;INST. DE PREV. DOS SERVID. PÚB. DO MUN. DE UBERLÂN;18;0.00;20191.67
05;1922030101;2022;105;Taxa de Administração do RPPS;9;Instituto Prev. Serv. Pub. Mun. Uberlândia;Outras Restituições - IPREMU;INST. DE PREV. DOS SERVID. PÚB. DO MUN. DE UBERLÂN;18;1595.65;641.67
05;1922030101;2022;103;Contribuição para o Regime Próprio de Previdência Social (RPPS): Patronal, dos Servidores, Compensação Financeira/ Recursos Vinculados ao RPPS - Fundo em Capitalização (Plano Previdenciário);10;Instituto Prev. Serv. Pub. Mun. Uberlândia;Outras Restituições - IPREMU;INST. DE PREV. DOS SERVID. PÚB. DO MUN. DE UBERLÂN;18;0.00;20191.67
05;1922030101;2022;105;Taxa de Administração do RPPS;10;Instituto Prev. Serv. Pub. Mun. Uberlândia;Outras Restituições - IPREMU;INST. DE PREV. DOS SERVID. PÚB. DO MUN. DE UBERLÂN;18;1429.31;641.67
05;1922030101;2022;103;Contribuição para o Regime Próprio de Previdência Social (RPPS): Patronal, dos Servidores, Compensação Financeira/ Recursos Vinculados ao RPPS - Fundo em Capitalização (Plano Previdenciário);11;Instituto Prev. Serv. Pub. Mun. Uberlândia;Outras Restituições - IPREMU;INST. DE PREV. DOS SERVID. PÚB. DO MUN. DE UBERLÂN;18;102926.11;20191.67
05;1922030101;2022;105;Taxa de Administração do RPPS;11;Instituto Prev. Serv. Pub. Mun. Uberlândia;Outras Restituições - IPREMU;INST. DE PREV. DOS SERVID. PÚB. DO MUN. DE UBERLÂN;18;1519.25;641.67
05;1922030101;2022;103;Contribuição para o Regime Próprio de Previdência Social (RPPS): Patronal, dos Servidores, Compensação Financeira/ Recursos Vinculados ao RPPS - Fundo em Capitalização (Plano Previdenciário);12;Instituto Prev. Serv. Pub. Mun. Uberlândia;Outras Restituições - IPREMU;INST. DE PREV. DOS SERVID. PÚB. DO MUN. DE UBERLÂN;18;620.03;20191.63
05;1922030101;2022;105;Taxa de Administração do RPPS;12;Instituto Prev. Serv. Pub. Mun. Uberlândia;Outras Restituições - IPREMU;INST. DE PREV. DOS SERVID. PÚB. DO MUN. DE UBERLÂN;18;2992.56;641.63
02;1922990101;2022;170;Outros Recursos Não Vinculados;1;PREFEITURA MUNICIPAL DE UBERLÂNDIA;Outras Restituições - PMU;SECRETARIA MUNICIPAL DE FINANÇAS;06;70049.44;3690081.70
02;1922990101;2022;170;Outros Recursos Não Vinculados;2;PREFEITURA MUNICIPAL DE UBERLÂNDIA;Outras Restituições - PMU;SECRETARIA MUNICIPAL DE FINANÇAS;06;297215.63;1309660.04
02;1922990101;2022;170;Outros Recursos Não Vinculados;3;PREFEITURA MUNICIPAL DE UBERLÂNDIA;Outras Restituições - PMU;SECRETARIA MUNICIPAL DE FINANÇAS;06;76059.80;257102.46
02;1922990101;2022;170;Outros Recursos Não Vinculados;4;PREFEITURA MUNICIPAL DE UBERLÂNDIA;Outras Restituições - PMU;SECRETARIA MUNICIPAL DE FINANÇAS;06;100326.11;233029.99
02;1922990101;2022;170;Outros Recursos Não Vinculados;5;PREFEITURA MUNICIPAL DE UBERLÂNDIA;Outras Restituições - PMU;SECRETARIA MUNICIPAL DE FINANÇAS;06;317586.19;548366.71
02;1922990101;2022;170;Outros Recursos Não Vinculados;6;PREFEITURA MUNICIPAL DE UBERLÂNDIA;Outras Restituições - PMU;SECRETARIA MUNICIPAL DE FINANÇAS;06;241797.24;403584.81
02;1922990101;2022;170;Outros Recursos Não Vinculados;7;PREFEITURA MUNICIPAL DE UBERLÂNDIA;Outras Restituições - PMU;SECRETARIA MUNICIPAL DE FINANÇAS;06;911708.03;893658.95
02;1922990101;2022;170;Outros Recursos Não Vinculados;8;PREFEITURA MUNICIPAL DE UBERLÂNDIA;Outras Restituições - PMU;SECRETARIA MUNICIPAL DE FINANÇAS;06;105923.22;252792.77
02;1922990101;2022;170;Outros Recursos Não Vinculados;9;PREFEITURA MUNICIPAL DE UBERLÂNDIA;Outras Restituições - PMU;SECRETARIA MUNICIPAL DE FINANÇAS;06;177170.93;287792.28
02;1922990101;2022;170;Outros Recursos Não Vinculados;10;PREFEITURA MUNICIPAL DE UBERLÂNDIA;Outras Restituições - PMU;SECRETARIA MUNICIPAL DE FINANÇAS;06;105177.87;332891.24
02;1922990101;2022;170;Outros Recursos Não Vinculados;11;PREFEITURA MUNICIPAL DE UBERLÂNDIA;Outras Restituições - PMU;SECRETARIA MUNICIPAL DE FINANÇAS;06;605283.04;170031.09
02;1922990101;2022;170;Outros Recursos Não Vinculados;12;PREFEITURA MUNICIPAL DE UBERLÂNDIA;Outras Restituições - PMU;SECRETARIA MUNICIPAL DE FINANÇAS;06;286837.36;258579.96
06;1922990102;2022;170;Outros Recursos Não Vinculados;1;Fundação de Excelência Rural de Uberlândia;Outras Restituições - FERUB;FUNDAÇÃO EXCELÊNCIA RURAL DE UBERLÂNDIA-FERUB;20;120.50;166.67
06;1922990102;2022;170;Outros Recursos Não Vinculados;2;Fundação de Excelência Rural de Uberlândia;Outras Restituições - FERUB;FUNDAÇÃO EXCELÊNCIA RURAL DE UBERLÂNDIA-FERUB;20;120.50;166.67
06;1922990102;2022;170;Outros Recursos Não Vinculados;3;Fundação de Excelência Rural de Uberlândia;Outras Restituições - FERUB;FUNDAÇÃO EXCELÊNCIA RURAL DE UBERLÂNDIA-FERUB;20;135.76;166.67
06;1922990102;2022;170;Outros Recursos Não Vinculados;4;Fundação de Excelência Rural de Uberlândia;Outras Restituições - FERUB;FUNDAÇÃO EXCELÊNCIA RURAL DE UBERLÂNDIA-FERUB;20;135.76;166.67
06;1922990102;2022;170;Outros Recursos Não Vinculados;5;Fundação de Excelência Rural de Uberlândia;Outras Restituições - FERUB;FUNDAÇÃO EXCELÊNCIA RURAL DE UBERLÂNDIA-FERUB;20;135.76;166.67
06;1922990102;2022;170;Outros Recursos Não Vinculados;6;Fundação de Excelência Rural de Uberlândia;Outras Restituições - FERUB;FUNDAÇÃO EXCELÊNCIA RURAL DE UBERLÂNDIA-FERUB;20;135.76;166.67
06;1922990102;2022;170;Outros Recursos Não Vinculados;7;Fundação de Excelência Rural de Uberlândia;Outras Restituições - FERUB;FUNDAÇÃO EXCELÊNCIA RURAL DE UBERLÂNDIA-FERUB;20;135.76;166.67
06;1922990102;2022;170;Outros Recursos Não Vinculados;8;Fundação de Excelência Rural de Uberlândia;Outras Restituições - FERUB;FUNDAÇÃO EXCELÊNCIA RURAL DE UBERLÂNDIA-FERUB;20;0.00;166.67
06;1922990102;2022;170;Outros Recursos Não Vinculados;9;Fundação de Excelência Rural de Uberlândia;Outras Restituições - FERUB;FUNDAÇÃO EXCELÊNCIA RURAL DE UBERLÂNDIA-FERUB;20;0.00;166.67
06;1922990102;2022;170;Outros Recursos Não Vinculados;10;Fundação de Excelência Rural de Uberlândia;Outras Restituições - FERUB;FUNDAÇÃO EXCELÊNCIA RURAL DE UBERLÂNDIA-FERUB;20;0.00;166.67
06;1922990102;2022;170;Outros Recursos Não Vinculados;11;Fundação de Excelência Rural de Uberlândia;Outras Restituições - FERUB;FUNDAÇÃO EXCELÊNCIA RURAL DE UBERLÂNDIA-FERUB;20;0.00;166.67
06;1922990102;2022;170;Outros Recursos Não Vinculados;12;Fundação de Excelência Rural de Uberlândia;Outras Restituições - FERUB;FUNDAÇÃO EXCELÊNCIA RURAL DE UBERLÂNDIA-FERUB;20;0.00;166.63
03;1922990103;2022;170;Outros Recursos Não Vinculados;1;Departamento Municipal de Agua e Esgoto;Outras Restituições - DMAE;DEPARTAMENTO MUNICIPAL DE AGUA E ESGOTO - DMAE;17;899.35;304000.00
03;1922990103;2022;170;Outros Recursos Não Vinculados;2;Departamento Municipal de Agua e Esgoto;Outras Restituições - DMAE;DEPARTAMENTO MUNICIPAL DE AGUA E ESGOTO - DMAE;17;0.00;304000.00
03;1922990103;2022;170;Outros Recursos Não Vinculados;3;Departamento Municipal de Agua e Esgoto;Outras Restituições - DMAE;DEPARTAMENTO MUNICIPAL DE AGUA E ESGOTO - DMAE;17;236.43;902000.00
03;1922990103;2022;170;Outros Recursos Não Vinculados;4;Departamento Municipal de Agua e Esgoto;Outras Restituições - DMAE;DEPARTAMENTO MUNICIPAL DE AGUA E ESGOTO - DMAE;17;63.65;390000.00
03;1922990103;2022;170;Outros Recursos Não Vinculados;5;Departamento Municipal de Agua e Esgoto;Outras Restituições - DMAE;DEPARTAMENTO MUNICIPAL DE AGUA E ESGOTO - DMAE;17;509.57;303000.00
03;1922990103;2022;170;Outros Recursos Não Vinculados;6;Departamento Municipal de Agua e Esgoto;Outras Restituições - DMAE;DEPARTAMENTO MUNICIPAL DE AGUA E ESGOTO - DMAE;17;45.96;305000.00
03;1922990103;2022;170;Outros Recursos Não Vinculados;7;Departamento Municipal de Agua e Esgoto;Outras Restituições - DMAE;DEPARTAMENTO MUNICIPAL DE AGUA E ESGOTO - DMAE;17;568.19;0.00
03;1922990103;2022;170;Outros Recursos Não Vinculados;8;Departamento Municipal de Agua e Esgoto;Outras Restituições - DMAE;DEPARTAMENTO MUNICIPAL DE AGUA E ESGOTO - DMAE;17;640.74;7000.00
03;1922990103;2022;170;Outros Recursos Não Vinculados;9;Departamento Municipal de Agua e Esgoto;Outras Restituições - DMAE;DEPARTAMENTO MUNICIPAL DE AGUA E ESGOTO - DMAE;17;3354.38;0.00
03;1922990103;2022;170;Outros Recursos Não Vinculados;10;Departamento Municipal de Agua e Esgoto;Outras Restituições - DMAE;DEPARTAMENTO MUNICIPAL DE AGUA E ESGOTO - DMAE;17;6971.23;0.00
03;1922990103;2022;170;Outros Recursos Não Vinculados;11;Departamento Municipal de Agua e Esgoto;Outras Restituições - DMAE;DEPARTAMENTO MUNICIPAL DE AGUA E ESGOTO - DMAE;17;9479.62;126000.00
03;1922990103;2022;170;Outros Recursos Não Vinculados;12;Departamento Municipal de Agua e Esgoto;Outras Restituições - DMAE;DEPARTAMENTO MUNICIPAL DE AGUA E ESGOTO - DMAE;17;4527.58;8000.00
08;1922990104;2022;170;Outros Recursos Não Vinculados;1;EMPRESA MUNICIPAL DE APOIO E MANUTENÇÃO;Outras Restituições - EMAM;EMPRESA MUNICIPAL DE APOIO E MANUTENÇÃO-EMAM;21;3327.42;3166.67
08;1922990104;2022;170;Outros Recursos Não Vinculados;2;EMPRESA MUNICIPAL DE APOIO E MANUTENÇÃO;Outras Restituições - EMAM;EMPRESA MUNICIPAL DE APOIO E MANUTENÇÃO-EMAM;21;740.01;3166.67
08;1922990104;2022;170;Outros Recursos Não Vinculados;3;EMPRESA MUNICIPAL DE APOIO E MANUTENÇÃO;Outras Restituições - EMAM;EMPRESA MUNICIPAL DE APOIO E MANUTENÇÃO-EMAM;21;324.43;3166.67
08;1922990104;2022;170;Outros Recursos Não Vinculados;4;EMPRESA MUNICIPAL DE APOIO E MANUTENÇÃO;Outras Restituições - EMAM;EMPRESA MUNICIPAL DE APOIO E MANUTENÇÃO-EMAM;21;479.38;3166.67
08;1922990104;2022;170;Outros Recursos Não Vinculados;5;EMPRESA MUNICIPAL DE APOIO E MANUTENÇÃO;Outras Restituições - EMAM;EMPRESA MUNICIPAL DE APOIO E MANUTENÇÃO-EMAM;21;449.27;3166.67
08;1922990104;2022;170;Outros Recursos Não Vinculados;6;EMPRESA MUNICIPAL DE APOIO E MANUTENÇÃO;Outras Restituições - EMAM;EMPRESA MUNICIPAL DE APOIO E MANUTENÇÃO-EMAM;21;2508.08;3166.67
08;1922990104;2022;170;Outros Recursos Não Vinculados;7;EMPRESA MUNICIPAL DE APOIO E MANUTENÇÃO;Outras Restituições - EMAM;EMPRESA MUNICIPAL DE APOIO E MANUTENÇÃO-EMAM;21;2499.67;3166.67
08;1922990104;2022;170;Outros Recursos Não Vinculados;8;EMPRESA MUNICIPAL DE APOIO E MANUTENÇÃO;Outras Restituições - EMAM;EMPRESA MUNICIPAL DE APOIO E MANUTENÇÃO-EMAM;21;2482.22;3166.67
08;1922990104;2022;170;Outros Recursos Não Vinculados;9;EMPRESA MUNICIPAL DE APOIO E MANUTENÇÃO;Outras Restituições - EMAM;EMPRESA MUNICIPAL DE APOIO E MANUTENÇÃO-EMAM;21;2629.75;3166.67
08;1922990104;2022;170;Outros Recursos Não Vinculados;10;EMPRESA MUNICIPAL DE APOIO E MANUTENÇÃO;Outras Restituições - EMAM;EMPRESA MUNICIPAL DE APOIO E MANUTENÇÃO-EMAM;21;539.92;3166.67
08;1922990104;2022;170;Outros Recursos Não Vinculados;11;EMPRESA MUNICIPAL DE APOIO E MANUTENÇÃO;Outras Restituições - EMAM;EMPRESA MUNICIPAL DE APOIO E MANUTENÇÃO-EMAM;21;364.85;3166.67
08;1922990104;2022;170;Outros Recursos Não Vinculados;12;EMPRESA MUNICIPAL DE APOIO E MANUTENÇÃO;Outras Restituições - EMAM;EMPRESA MUNICIPAL DE APOIO E MANUTENÇÃO-EMAM;21;339.15;3166.63
02;1922990105;2022;170;Outros Recursos Não Vinculados;1;PREFEITURA MUNICIPAL DE UBERLÂNDIA;Outras Restituições - FMC;SECRETARIA MUNICIPAL DE CULTURA;08;0.00;2614.01
02;1922990105;2022;170;Outros Recursos Não Vinculados;2;PREFEITURA MUNICIPAL DE UBERLÂNDIA;Outras Restituições - FMC;SECRETARIA MUNICIPAL DE CULTURA;08;0.00;536.77
02;1922990105;2022;170;Outros Recursos Não Vinculados;3;PREFEITURA MUNICIPAL DE UBERLÂNDIA;Outras Restituições - FMC;SECRETARIA MUNICIPAL DE CULTURA;08;0.00;380.13
02;1922990105;2022;170;Outros Recursos Não Vinculados;4;PREFEITURA MUNICIPAL DE UBERLÂNDIA;Outras Restituições - FMC;SECRETARIA MUNICIPAL DE CULTURA;08;0.00;825.27
02;1922990105;2022;170;Outros Recursos Não Vinculados;5;PREFEITURA MUNICIPAL DE UBERLÂNDIA;Outras Restituições - FMC;SECRETARIA MUNICIPAL DE CULTURA;08;0.00;3266.03
02;1922990105;2022;170;Outros Recursos Não Vinculados;6;PREFEITURA MUNICIPAL DE UBERLÂNDIA;Outras Restituições - FMC;SECRETARIA MUNICIPAL DE CULTURA;08;0.00;3271.75
02;1922990105;2022;170;Outros Recursos Não Vinculados;7;PREFEITURA MUNICIPAL DE UBERLÂNDIA;Outras Restituições - FMC;SECRETARIA MUNICIPAL DE CULTURA;08;0.00;1029.83
02;1922990105;2022;170;Outros Recursos Não Vinculados;8;PREFEITURA MUNICIPAL DE UBERLÂNDIA;Outras Restituições - FMC;SECRETARIA MUNICIPAL DE CULTURA;08;0.00;1184.55
02;1922990105;2022;170;Outros Recursos Não Vinculados;9;PREFEITURA MUNICIPAL DE UBERLÂNDIA;Outras Restituições - FMC;SECRETARIA MUNICIPAL DE CULTURA;08;0.00;2022.76
02;1922990105;2022;170;Outros Recursos Não Vinculados;10;PREFEITURA MUNICIPAL DE UBERLÂNDIA;Outras Restituições - FMC;SECRETARIA MUNICIPAL DE CULTURA;08;0.00;1952.90
02;1922990105;2022;170;Outros Recursos Não Vinculados;11;PREFEITURA MUNICIPAL DE UBERLÂNDIA;Outras Restituições - FMC;SECRETARIA MUNICIPAL DE CULTURA;08;0.00;1068.63
02;1922990105;2022;170;Outros Recursos Não Vinculados;12;PREFEITURA MUNICIPAL DE UBERLÂNDIA;Outras Restituições - FMC;SECRETARIA MUNICIPAL DE CULTURA;08;0.00;1847.37
02;1922990106;2022;129;Transferências de Recursos do Fundo Nacional de Assistência Social (FNAS);1;PREFEITURA MUNICIPAL DE UBERLÂNDIA;Outras Restituições - FMAS;SECRETARIA MUNICIPAL DE DESENVOLVIMENTO SOCIAL E T;10;0.00;6804.73
02;1922990106;2022;129;Transferências de Recursos do Fundo Nacional de Assistência Social (FNAS);2;PREFEITURA MUNICIPAL DE UBERLÂNDIA;Outras Restituições - FMAS;SECRETARIA MUNICIPAL DE DESENVOLVIMENTO SOCIAL E T;10;5035.15;915.68
02;1922990106;2022;129;Transferências de Recursos do Fundo Nacional de Assistência Social (FNAS);3;PREFEITURA MUNICIPAL DE UBERLÂNDIA;Outras Restituições - FMAS;SECRETARIA MUNICIPAL DE DESENVOLVIMENTO SOCIAL E T;10;4432.60;21427.14
02;1922990106;2022;129;Transferências de Recursos do Fundo Nacional de Assistência Social (FNAS);4;PREFEITURA MUNICIPAL DE UBERLÂNDIA;Outras Restituições - FMAS;SECRETARIA MUNICIPAL DE DESENVOLVIMENTO SOCIAL E T;10;264.30;712.60
02;1922990106;2022;129;Transferências de Recursos do Fundo Nacional de Assistência Social (FNAS);5;PREFEITURA MUNICIPAL DE UBERLÂNDIA;Outras Restituições - FMAS;SECRETARIA MUNICIPAL DE DESENVOLVIMENTO SOCIAL E T;10;2462.85;0.00
02;1922990106;2022;129;Transferências de Recursos do Fundo Nacional de Assistência Social (FNAS);6;PREFEITURA MUNICIPAL DE UBERLÂNDIA;Outras Restituições - FMAS;SECRETARIA MUNICIPAL DE DESENVOLVIMENTO SOCIAL E T;10;0.00;0.00
02;1922990106;2022;129;Transferências de Recursos do Fundo Nacional de Assistência Social (FNAS);7;PREFEITURA MUNICIPAL DE UBERLÂNDIA;Outras Restituições - FMAS;SECRETARIA MUNICIPAL DE DESENVOLVIMENTO SOCIAL E T;10;0.00;0.00
02;1922990106;2022;129;Transferências de Recursos do Fundo Nacional de Assistência Social (FNAS);8;PREFEITURA MUNICIPAL DE UBERLÂNDIA;Outras Restituições - FMAS;SECRETARIA MUNICIPAL DE DESENVOLVIMENTO SOCIAL E T;10;1998.09;0.00
02;1922990106;2022;129;Transferências de Recursos do Fundo Nacional de Assistência Social (FNAS);9;PREFEITURA MUNICIPAL DE UBERLÂNDIA;Outras Restituições - FMAS;SECRETARIA MUNICIPAL DE DESENVOLVIMENTO SOCIAL E T;10;0.00;0.00
02;1922990106;2022;129;Transferências de Recursos do Fundo Nacional de Assistência Social (FNAS);10;PREFEITURA MUNICIPAL DE UBERLÂNDIA;Outras Restituições - FMAS;SECRETARIA MUNICIPAL DE DESENVOLVIMENTO SOCIAL E T;10;0.00;139.78
02;1922990106;2022;129;Transferências de Recursos do Fundo Nacional de Assistência Social (FNAS);11;PREFEITURA MUNICIPAL DE UBERLÂNDIA;Outras Restituições - FMAS;SECRETARIA MUNICIPAL DE DESENVOLVIMENTO SOCIAL E T;10;0.00;0.07
02;1922990106;2022;129;Transferências de Recursos do Fundo Nacional de Assistência Social (FNAS);12;PREFEITURA MUNICIPAL DE UBERLÂNDIA;Outras Restituições - FMAS;SECRETARIA MUNICIPAL DE DESENVOLVIMENTO SOCIAL E T;10;0.00;0.00
02;1922990107;2022;100;Recursos Não Vinculados de Impostos/ Recursos Ordinários;2;PREFEITURA MUNICIPAL DE UBERLÂNDIA;Outras Restituições Folha de Pagamento - PMU;SECRETARIA MUNICIPAL DE FINANÇAS;06;805616.47;0.00
02;1922990107;2022;100;Recursos Não Vinculados de Impostos/ Recursos Ordinários;3;PREFEITURA MUNICIPAL DE UBERLÂNDIA;Outras Restituições Folha de Pagamento - PMU;SECRETARIA MUNICIPAL DE FINANÇAS;06;912166.30;0.00
02;1922990107;2022;100;Recursos Não Vinculados de Impostos/ Recursos Ordinários;4;PREFEITURA MUNICIPAL DE UBERLÂNDIA;Outras Restituições Folha de Pagamento - PMU;SECRETARIA MUNICIPAL DE FINANÇAS;06;877536.43;0.00
02;1922990107;2022;100;Recursos Não Vinculados de Impostos/ Recursos Ordinários;5;PREFEITURA MUNICIPAL DE UBERLÂNDIA;Outras Restituições Folha de Pagamento - PMU;SECRETARIA MUNICIPAL DE FINANÇAS;06;922060.13;0.00
02;1922990107;2022;100;Recursos Não Vinculados de Impostos/ Recursos Ordinários;6;PREFEITURA MUNICIPAL DE UBERLÂNDIA;Outras Restituições Folha de Pagamento - PMU;SECRETARIA MUNICIPAL DE FINANÇAS;06;901335.11;0.00
02;1922990107;2022;100;Recursos Não Vinculados de Impostos/ Recursos Ordinários;7;PREFEITURA MUNICIPAL DE UBERLÂNDIA;Outras Restituições Folha de Pagamento - PMU;SECRETARIA MUNICIPAL DE FINANÇAS;06;909610.64;0.00
02;1922990107;2022;100;Recursos Não Vinculados de Impostos/ Recursos Ordinários;8;PREFEITURA MUNICIPAL DE UBERLÂNDIA;Outras Restituições Folha de Pagamento - PMU;SECRETARIA MUNICIPAL DE FINANÇAS;06;910632.73;0.00
02;1922990107;2022;100;Recursos Não Vinculados de Impostos/ Recursos Ordinários;9;PREFEITURA MUNICIPAL DE UBERLÂNDIA;Outras Restituições Folha de Pagamento - PMU;SECRETARIA MUNICIPAL DE FINANÇAS;06;875848.36;0.00
02;1922990107;2022;100;Recursos Não Vinculados de Impostos/ Recursos Ordinários;10;PREFEITURA MUNICIPAL DE UBERLÂNDIA;Outras Restituições Folha de Pagamento - PMU;SECRETARIA MUNICIPAL DE FINANÇAS;06;922560.58;0.00
02;1922990107;2022;100;Recursos Não Vinculados de Impostos/ Recursos Ordinários;11;PREFEITURA MUNICIPAL DE UBERLÂNDIA;Outras Restituições Folha de Pagamento - PMU;SECRETARIA MUNICIPAL DE FINANÇAS;06;880013.62;0.00
02;1922990107;2022;100;Recursos Não Vinculados de Impostos/ Recursos Ordinários;12;PREFEITURA MUNICIPAL DE UBERLÂNDIA;Outras Restituições Folha de Pagamento - PMU;SECRETARIA MUNICIPAL DE FINANÇAS;06;915117.56;0.00
02;1922990107;2022;102;Receitas de Impostos e de Transferências de Impostos Vinculados à Saúde;5;PREFEITURA MUNICIPAL DE UBERLÂNDIA;Outras Restituições Folha de Pagamento - PMU;SECRETARIA MUNICIPAL DE SAÚDE;09;123.38;0.00
02;1922990108;2022;170;Outros Recursos Não Vinculados;1;PREFEITURA MUNICIPAL DE UBERLÂNDIA;Outras Restituições - FMS (TC Divida HCU-UFU);SECRETARIA MUNICIPAL DE SAÚDE;09;26335.92;0.00
02;1922990108;2022;170;Outros Recursos Não Vinculados;2;PREFEITURA MUNICIPAL DE UBERLÂNDIA;Outras Restituições - FMS (TC Divida HCU-UFU);SECRETARIA MUNICIPAL DE SAÚDE;09;26335.68;0.00
02;1922990108;2022;170;Outros Recursos Não Vinculados;3;PREFEITURA MUNICIPAL DE UBERLÂNDIA;Outras Restituições - FMS (TC Divida HCU-UFU);SECRETARIA MUNICIPAL DE SAÚDE;09;27080.30;0.00
02;1922990108;2022;170;Outros Recursos Não Vinculados;4;PREFEITURA MUNICIPAL DE UBERLÂNDIA;Outras Restituições - FMS (TC Divida HCU-UFU);SECRETARIA MUNICIPAL DE SAÚDE;09;27266.44;0.00
02;1922990108;2022;170;Outros Recursos Não Vinculados;5;PREFEITURA MUNICIPAL DE UBERLÂNDIA;Outras Restituições - FMS (TC Divida HCU-UFU);SECRETARIA MUNICIPAL DE SAÚDE;09;27266.66;0.00
02;1922990108;2022;170;Outros Recursos Não Vinculados;6;PREFEITURA MUNICIPAL DE UBERLÂNDIA;Outras Restituições - FMS (TC Divida HCU-UFU);SECRETARIA MUNICIPAL DE SAÚDE;09;28327.77;0.00
02;1922990108;2022;170;Outros Recursos Não Vinculados;7;PREFEITURA MUNICIPAL DE UBERLÂNDIA;Outras Restituições - FMS (TC Divida HCU-UFU);SECRETARIA MUNICIPAL DE SAÚDE;09;28327.83;0.00
02;1922990108;2022;170;Outros Recursos Não Vinculados;8;PREFEITURA MUNICIPAL DE UBERLÂNDIA;Outras Restituições - FMS (TC Divida HCU-UFU);SECRETARIA MUNICIPAL DE SAÚDE;09;28328.01;0.00
02;1922990108;2022;170;Outros Recursos Não Vinculados;9;PREFEITURA MUNICIPAL DE UBERLÂNDIA;Outras Restituições - FMS (TC Divida HCU-UFU);SECRETARIA MUNICIPAL DE SAÚDE;09;28639.31;0.00
02;1922990108;2022;170;Outros Recursos Não Vinculados;10;PREFEITURA MUNICIPAL DE UBERLÂNDIA;Outras Restituições - FMS (TC Divida HCU-UFU);SECRETARIA MUNICIPAL DE SAÚDE;09;28639.39;0.00
02;1922990108;2022;170;Outros Recursos Não Vinculados;11;PREFEITURA MUNICIPAL DE UBERLÂNDIA;Outras Restituições - FMS (TC Divida HCU-UFU);SECRETARIA MUNICIPAL DE SAÚDE;09;28639.42;0.00
02;1922990108;2022;170;Outros Recursos Não Vinculados;12;PREFEITURA MUNICIPAL DE UBERLÂNDIA;Outras Restituições - FMS (TC Divida HCU-UFU);SECRETARIA MUNICIPAL DE SAÚDE;09;28777.28;0.00
02;1922990109;2022;102;Receitas de Impostos e de Transferências de Impostos Vinculados à Saúde;2;PREFEITURA MUNICIPAL DE UBERLÂNDIA;Outras Restituições - Saúde;SECRETARIA MUNICIPAL DE SAÚDE;09;25943.00;0.00
02;1922990109;2022;102;Receitas de Impostos e de Transferências de Impostos Vinculados à Saúde;4;PREFEITURA MUNICIPAL DE UBERLÂNDIA;Outras Restituições - Saúde;SECRETARIA MUNICIPAL DE SAÚDE;09;64396.22;0.00
02;1922990109;2022;102;Receitas de Impostos e de Transferências de Impostos Vinculados à Saúde;5;PREFEITURA MUNICIPAL DE UBERLÂNDIA;Outras Restituições - Saúde;SECRETARIA MUNICIPAL DE SAÚDE;09;9669.58;0.00
02;1922990109;2022;102;Receitas de Impostos e de Transferências de Impostos Vinculados à Saúde;6;PREFEITURA MUNICIPAL DE UBERLÂNDIA;Outras Restituições - Saúde;SECRETARIA MUNICIPAL DE SAÚDE;09;60642.03;0.00
02;1922990109;2022;102;Receitas de Impostos e de Transferências de Impostos Vinculados à Saúde;7;PREFEITURA MUNICIPAL DE UBERLÂNDIA;Outras Restituições - Saúde;SECRETARIA MUNICIPAL DE SAÚDE;09;32062.01;0.00
02;1922990109;2022;102;Receitas de Impostos e de Transferências de Impostos Vinculados à Saúde;8;PREFEITURA MUNICIPAL DE UBERLÂNDIA;Outras Restituições - Saúde;SECRETARIA MUNICIPAL DE SAÚDE;09;208.56;0.00
02;1922990109;2022;102;Receitas de Impostos e de Transferências de Impostos Vinculados à Saúde;9;PREFEITURA MUNICIPAL DE UBERLÂNDIA;Outras Restituições - Saúde;SECRETARIA MUNICIPAL DE SAÚDE;09;118743.69;0.00
02;1922990109;2022;102;Receitas de Impostos e de Transferências de Impostos Vinculados à Saúde;10;PREFEITURA MUNICIPAL DE UBERLÂNDIA;Outras Restituições - Saúde;SECRETARIA MUNICIPAL DE SAÚDE;09;425.09;0.00
02;1922990109;2022;102;Receitas de Impostos e de Transferências de Impostos Vinculados à Saúde;11;PREFEITURA MUNICIPAL DE UBERLÂNDIA;Outras Restituições - Saúde;SECRETARIA MUNICIPAL DE SAÚDE;09;3242.05;0.00
02;1922990109;2022;102;Receitas de Impostos e de Transferências de Impostos Vinculados à Saúde;12;PREFEITURA MUNICIPAL DE UBERLÂNDIA;Outras Restituições - Saúde;SECRETARIA MUNICIPAL DE SAÚDE;09;4501.26;0.00
02;1922990110;2022;155;Transferências de Recursos do Fundo Estadual de Saúde;5;PREFEITURA MUNICIPAL DE UBERLÂNDIA;Outras Restituições - Res 5952/17 - Saúde;SECRETARIA MUNICIPAL DE SAÚDE;09;10641.91;0.00
02;1922990201;2022;170;Outros Recursos Não Vinculados;1;PREFEITURA MUNICIPAL DE UBERLÂNDIA;Multa e Juros - Outras Restituições - FMC;SECRETARIA MUNICIPAL DE CULTURA;08;0.00;0.00
02;1922990201;2022;170;Outros Recursos Não Vinculados;2;PREFEITURA MUNICIPAL DE UBERLÂNDIA;Multa e Juros - Outras Restituições - FMC;SECRETARIA MUNICIPAL DE CULTURA;08;0.00;77.14
02;1922990201;2022;170;Outros Recursos Não Vinculados;3;PREFEITURA MUNICIPAL DE UBERLÂNDIA;Multa e Juros - Outras Restituições - FMC;SECRETARIA MUNICIPAL DE CULTURA;08;0.00;57.75
02;1922990201;2022;170;Outros Recursos Não Vinculados;4;PREFEITURA MUNICIPAL DE UBERLÂNDIA;Multa e Juros - Outras Restituições - FMC;SECRETARIA MUNICIPAL DE CULTURA;08;0.00;43.16
02;1922990201;2022;170;Outros Recursos Não Vinculados;5;PREFEITURA MUNICIPAL DE UBERLÂNDIA;Multa e Juros - Outras Restituições - FMC;SECRETARIA MUNICIPAL DE CULTURA;08;0.00;204.89
02;1922990201;2022;170;Outros Recursos Não Vinculados;6;PREFEITURA MUNICIPAL DE UBERLÂNDIA;Multa e Juros - Outras Restituições - FMC;SECRETARIA MUNICIPAL DE CULTURA;08;0.00;34.61
02;1922990201;2022;170;Outros Recursos Não Vinculados;7;PREFEITURA MUNICIPAL DE UBERLÂNDIA;Multa e Juros - Outras Restituições - FMC;SECRETARIA MUNICIPAL DE CULTURA;08;0.00;126.47
02;1922990201;2022;170;Outros Recursos Não Vinculados;8;PREFEITURA MUNICIPAL DE UBERLÂNDIA;Multa e Juros - Outras Restituições - FMC;SECRETARIA MUNICIPAL DE CULTURA;08;0.00;144.20
02;1922990201;2022;170;Outros Recursos Não Vinculados;9;PREFEITURA MUNICIPAL DE UBERLÂNDIA;Multa e Juros - Outras Restituições - FMC;SECRETARIA MUNICIPAL DE CULTURA;08;0.00;73.11
02;1922990201;2022;170;Outros Recursos Não Vinculados;10;PREFEITURA MUNICIPAL DE UBERLÂNDIA;Multa e Juros - Outras Restituições - FMC;SECRETARIA MUNICIPAL DE CULTURA;08;0.00;103.92
02;1922990201;2022;170;Outros Recursos Não Vinculados;11;PREFEITURA MUNICIPAL DE UBERLÂNDIA;Multa e Juros - Outras Restituições - FMC;SECRETARIA MUNICIPAL DE CULTURA;08;0.00;79.37
02;1922990201;2022;170;Outros Recursos Não Vinculados;12;PREFEITURA MUNICIPAL DE UBERLÂNDIA;Multa e Juros - Outras Restituições - FMC;SECRETARIA MUNICIPAL DE CULTURA;08;0.00;55.38
02;1922990202;2022;170;Outros Recursos Não Vinculados;1;PREFEITURA MUNICIPAL DE UBERLÂNDIA;Multa e Juros - Outras Restituições - PMU;SECRETARIA MUNICIPAL DE FINANÇAS;06;15.11;52.08
02;1922990202;2022;170;Outros Recursos Não Vinculados;2;PREFEITURA MUNICIPAL DE UBERLÂNDIA;Multa e Juros - Outras Restituições - PMU;SECRETARIA MUNICIPAL DE FINANÇAS;06;15.14;23.19
02;1922990202;2022;170;Outros Recursos Não Vinculados;3;PREFEITURA MUNICIPAL DE UBERLÂNDIA;Multa e Juros - Outras Restituições - PMU;SECRETARIA MUNICIPAL DE FINANÇAS;06;16.05;32.46
02;1922990202;2022;170;Outros Recursos Não Vinculados;4;PREFEITURA MUNICIPAL DE UBERLÂNDIA;Multa e Juros - Outras Restituições - PMU;SECRETARIA MUNICIPAL DE FINANÇAS;06;66.32;61.29
02;1922990202;2022;170;Outros Recursos Não Vinculados;5;PREFEITURA MUNICIPAL DE UBERLÂNDIA;Multa e Juros - Outras Restituições - PMU;SECRETARIA MUNICIPAL DE FINANÇAS;06;15.12;23.19
02;1922990202;2022;170;Outros Recursos Não Vinculados;6;PREFEITURA MUNICIPAL DE UBERLÂNDIA;Multa e Juros - Outras Restituições - PMU;SECRETARIA MUNICIPAL DE FINANÇAS;06;15.82;23.19
02;1922990202;2022;170;Outros Recursos Não Vinculados;7;PREFEITURA MUNICIPAL DE UBERLÂNDIA;Multa e Juros - Outras Restituições - PMU;SECRETARIA MUNICIPAL DE FINANÇAS;06;15.13;0.03
02;1922990202;2022;170;Outros Recursos Não Vinculados;8;PREFEITURA MUNICIPAL DE UBERLÂNDIA;Multa e Juros - Outras Restituições - PMU;SECRETARIA MUNICIPAL DE FINANÇAS;06;15.09;88.16
02;1922990202;2022;170;Outros Recursos Não Vinculados;9;PREFEITURA MUNICIPAL DE UBERLÂNDIA;Multa e Juros - Outras Restituições - PMU;SECRETARIA MUNICIPAL DE FINANÇAS;06;31.91;285.62
02;1922990202;2022;170;Outros Recursos Não Vinculados;10;PREFEITURA MUNICIPAL DE UBERLÂNDIA;Multa e Juros - Outras Restituições - PMU;SECRETARIA MUNICIPAL DE FINANÇAS;06;0.00;104.16
02;1922990202;2022;170;Outros Recursos Não Vinculados;11;PREFEITURA MUNICIPAL DE UBERLÂNDIA;Multa e Juros - Outras Restituições - PMU;SECRETARIA MUNICIPAL DE FINANÇAS;06;68.99;35.84
02;1922990202;2022;170;Outros Recursos Não Vinculados;12;PREFEITURA MUNICIPAL DE UBERLÂNDIA;Multa e Juros - Outras Restituições - PMU;SECRETARIA MUNICIPAL DE FINANÇAS;06;15.09;270.79
02;1922990203;2022;170;Outros Recursos Não Vinculados;1;PREFEITURA MUNICIPAL DE UBERLÂNDIA;Multa e Juros - FMS (TC Divida HCU-UFU);SECRETARIA MUNICIPAL DE SAÚDE;09;696.78;0.00
02;1922990203;2022;170;Outros Recursos Não Vinculados;2;PREFEITURA MUNICIPAL DE UBERLÂNDIA;Multa e Juros - FMS (TC Divida HCU-UFU);SECRETARIA MUNICIPAL DE SAÚDE;09;697.03;0.00
02;1922990203;2022;170;Outros Recursos Não Vinculados;3;PREFEITURA MUNICIPAL DE UBERLÂNDIA;Multa e Juros - FMS (TC Divida HCU-UFU);SECRETARIA MUNICIPAL DE SAÚDE;09;697.00;0.00
02;1922990203;2022;170;Outros Recursos Não Vinculados;4;PREFEITURA MUNICIPAL DE UBERLÂNDIA;Multa e Juros - FMS (TC Divida HCU-UFU);SECRETARIA MUNICIPAL DE SAÚDE;09;696.96;0.00
02;1922990203;2022;170;Outros Recursos Não Vinculados;5;PREFEITURA MUNICIPAL DE UBERLÂNDIA;Multa e Juros - FMS (TC Divida HCU-UFU);SECRETARIA MUNICIPAL DE SAÚDE;09;696.74;0.00
02;1922990203;2022;170;Outros Recursos Não Vinculados;6;PREFEITURA MUNICIPAL DE UBERLÂNDIA;Multa e Juros - FMS (TC Divida HCU-UFU);SECRETARIA MUNICIPAL DE SAÚDE;09;696.97;0.00
02;1922990203;2022;170;Outros Recursos Não Vinculados;7;PREFEITURA MUNICIPAL DE UBERLÂNDIA;Multa e Juros - FMS (TC Divida HCU-UFU);SECRETARIA MUNICIPAL DE SAÚDE;09;696.91;0.00
02;1922990203;2022;170;Outros Recursos Não Vinculados;8;PREFEITURA MUNICIPAL DE UBERLÂNDIA;Multa e Juros - FMS (TC Divida HCU-UFU);SECRETARIA MUNICIPAL DE SAÚDE;09;696.73;0.00
02;1922990203;2022;170;Outros Recursos Não Vinculados;9;PREFEITURA MUNICIPAL DE UBERLÂNDIA;Multa e Juros - FMS (TC Divida HCU-UFU);SECRETARIA MUNICIPAL DE SAÚDE;09;696.80;0.00
02;1922990203;2022;170;Outros Recursos Não Vinculados;10;PREFEITURA MUNICIPAL DE UBERLÂNDIA;Multa e Juros - FMS (TC Divida HCU-UFU);SECRETARIA MUNICIPAL DE SAÚDE;09;696.72;0.00
02;1922990203;2022;170;Outros Recursos Não Vinculados;11;PREFEITURA MUNICIPAL DE UBERLÂNDIA;Multa e Juros - FMS (TC Divida HCU-UFU);SECRETARIA MUNICIPAL DE SAÚDE;09;696.69;0.00
02;1922990203;2022;170;Outros Recursos Não Vinculados;12;PREFEITURA MUNICIPAL DE UBERLÂNDIA;Multa e Juros - FMS (TC Divida HCU-UFU);SECRETARIA MUNICIPAL DE SAÚDE;09;696.71;0.00
02;1922990301;2022;170;Outros Recursos Não Vinculados;1;PREFEITURA MUNICIPAL DE UBERLÂNDIA;Rec Divida Ativa  Outras Restituições - FMC;SECRETARIA MUNICIPAL DE CULTURA;08;0.00;500.05
02;1922990301;2022;170;Outros Recursos Não Vinculados;2;PREFEITURA MUNICIPAL DE UBERLÂNDIA;Rec Divida Ativa  Outras Restituições - FMC;SECRETARIA MUNICIPAL DE CULTURA;08;0.00;499.95
02;1922990301;2022;170;Outros Recursos Não Vinculados;3;PREFEITURA MUNICIPAL DE UBERLÂNDIA;Rec Divida Ativa  Outras Restituições - FMC;SECRETARIA MUNICIPAL DE CULTURA;08;0.00;0.00
02;1922990301;2022;170;Outros Recursos Não Vinculados;4;PREFEITURA MUNICIPAL DE UBERLÂNDIA;Rec Divida Ativa  Outras Restituições - FMC;SECRETARIA MUNICIPAL DE CULTURA;08;0.00;0.00
02;1922990301;2022;170;Outros Recursos Não Vinculados;5;PREFEITURA MUNICIPAL DE UBERLÂNDIA;Rec Divida Ativa  Outras Restituições - FMC;SECRETARIA MUNICIPAL DE CULTURA;08;0.00;0.00
02;1922990301;2022;170;Outros Recursos Não Vinculados;6;PREFEITURA MUNICIPAL DE UBERLÂNDIA;Rec Divida Ativa  Outras Restituições - FMC;SECRETARIA MUNICIPAL DE CULTURA;08;0.00;0.00
02;1922990301;2022;170;Outros Recursos Não Vinculados;7;PREFEITURA MUNICIPAL DE UBERLÂNDIA;Rec Divida Ativa  Outras Restituições - FMC;SECRETARIA MUNICIPAL DE CULTURA;08;0.00;0.00
02;1922990301;2022;170;Outros Recursos Não Vinculados;8;PREFEITURA MUNICIPAL DE UBERLÂNDIA;Rec Divida Ativa  Outras Restituições - FMC;SECRETARIA MUNICIPAL DE CULTURA;08;0.00;0.00
02;1922990301;2022;170;Outros Recursos Não Vinculados;9;PREFEITURA MUNICIPAL DE UBERLÂNDIA;Rec Divida Ativa  Outras Restituições - FMC;SECRETARIA MUNICIPAL DE CULTURA;08;0.00;0.00
02;1922990301;2022;170;Outros Recursos Não Vinculados;10;PREFEITURA MUNICIPAL DE UBERLÂNDIA;Rec Divida Ativa  Outras Restituições - FMC;SECRETARIA MUNICIPAL DE CULTURA;08;0.00;0.00
02;1922990301;2022;170;Outros Recursos Não Vinculados;11;PREFEITURA MUNICIPAL DE UBERLÂNDIA;Rec Divida Ativa  Outras Restituições - FMC;SECRETARIA MUNICIPAL DE CULTURA;08;0.00;0.00
02;1922990301;2022;170;Outros Recursos Não Vinculados;12;PREFEITURA MUNICIPAL DE UBERLÂNDIA;Rec Divida Ativa  Outras Restituições - FMC;SECRETARIA MUNICIPAL DE CULTURA;08;0.00;0.00
02;1922990302;2022;170;Outros Recursos Não Vinculados;1;PREFEITURA MUNICIPAL DE UBERLÂNDIA;Rec Divida Ativa  Outras Restituições - PMU;SECRETARIA MUNICIPAL DE FINANÇAS;06;407.89;268.25
02;1922990302;2022;170;Outros Recursos Não Vinculados;2;PREFEITURA MUNICIPAL DE UBERLÂNDIA;Rec Divida Ativa  Outras Restituições - PMU;SECRETARIA MUNICIPAL DE FINANÇAS;06;413.75;514.40
02;1922990302;2022;170;Outros Recursos Não Vinculados;3;PREFEITURA MUNICIPAL DE UBERLÂNDIA;Rec Divida Ativa  Outras Restituições - PMU;SECRETARIA MUNICIPAL DE FINANÇAS;06;668.07;512.83
02;1922990302;2022;170;Outros Recursos Não Vinculados;4;PREFEITURA MUNICIPAL DE UBERLÂNDIA;Rec Divida Ativa  Outras Restituições - PMU;SECRETARIA MUNICIPAL DE FINANÇAS;06;179.48;701.79
02;1922990302;2022;170;Outros Recursos Não Vinculados;5;PREFEITURA MUNICIPAL DE UBERLÂNDIA;Rec Divida Ativa  Outras Restituições - PMU;SECRETARIA MUNICIPAL DE FINANÇAS;06;492.41;350.13
02;1922990302;2022;170;Outros Recursos Não Vinculados;6;PREFEITURA MUNICIPAL DE UBERLÂNDIA;Rec Divida Ativa  Outras Restituições - PMU;SECRETARIA MUNICIPAL DE FINANÇAS;06;250.30;350.13
02;1922990302;2022;170;Outros Recursos Não Vinculados;7;PREFEITURA MUNICIPAL DE UBERLÂNDIA;Rec Divida Ativa  Outras Restituições - PMU;SECRETARIA MUNICIPAL DE FINANÇAS;06;441.01;340.47
02;1922990302;2022;170;Outros Recursos Não Vinculados;8;PREFEITURA MUNICIPAL DE UBERLÂNDIA;Rec Divida Ativa  Outras Restituições - PMU;SECRETARIA MUNICIPAL DE FINANÇAS;06;441.01;0.00
02;1922990302;2022;170;Outros Recursos Não Vinculados;9;PREFEITURA MUNICIPAL DE UBERLÂNDIA;Rec Divida Ativa  Outras Restituições - PMU;SECRETARIA MUNICIPAL DE FINANÇAS;06;631.09;170.39
02;1922990302;2022;170;Outros Recursos Não Vinculados;10;PREFEITURA MUNICIPAL DE UBERLÂNDIA;Rec Divida Ativa  Outras Restituições - PMU;SECRETARIA MUNICIPAL DE FINANÇAS;06;8591.85;170.39
02;1922990302;2022;170;Outros Recursos Não Vinculados;11;PREFEITURA MUNICIPAL DE UBERLÂNDIA;Rec Divida Ativa  Outras Restituições - PMU;SECRETARIA MUNICIPAL DE FINANÇAS;06;259.07;171.66
02;1922990302;2022;170;Outros Recursos Não Vinculados;12;PREFEITURA MUNICIPAL DE UBERLÂNDIA;Rec Divida Ativa  Outras Restituições - PMU;SECRETARIA MUNICIPAL DE FINANÇAS;06;519.83;504.56
02;1922990401;2022;170;Outros Recursos Não Vinculados;1;PREFEITURA MUNICIPAL DE UBERLÂNDIA;Multas e Juros- Div Ativa- Out. Restituições-FMC;SECRETARIA MUNICIPAL DE CULTURA;08;0.00;0.00
02;1922990401;2022;170;Outros Recursos Não Vinculados;2;PREFEITURA MUNICIPAL DE UBERLÂNDIA;Multas e Juros- Div Ativa- Out. Restituições-FMC;SECRETARIA MUNICIPAL DE CULTURA;08;0.00;1000.00
02;1922990401;2022;170;Outros Recursos Não Vinculados;3;PREFEITURA MUNICIPAL DE UBERLÂNDIA;Multas e Juros- Div Ativa- Out. Restituições-FMC;SECRETARIA MUNICIPAL DE CULTURA;08;0.00;0.00
02;1922990401;2022;170;Outros Recursos Não Vinculados;4;PREFEITURA MUNICIPAL DE UBERLÂNDIA;Multas e Juros- Div Ativa- Out. Restituições-FMC;SECRETARIA MUNICIPAL DE CULTURA;08;0.00;0.00
02;1922990401;2022;170;Outros Recursos Não Vinculados;5;PREFEITURA MUNICIPAL DE UBERLÂNDIA;Multas e Juros- Div Ativa- Out. Restituições-FMC;SECRETARIA MUNICIPAL DE CULTURA;08;0.00;0.00
02;1922990401;2022;170;Outros Recursos Não Vinculados;6;PREFEITURA MUNICIPAL DE UBERLÂNDIA;Multas e Juros- Div Ativa- Out. Restituições-FMC;SECRETARIA MUNICIPAL DE CULTURA;08;0.00;0.00
02;1922990401;2022;170;Outros Recursos Não Vinculados;7;PREFEITURA MUNICIPAL DE UBERLÂNDIA;Multas e Juros- Div Ativa- Out. Restituições-FMC;SECRETARIA MUNICIPAL DE CULTURA;08;0.00;0.00
02;1922990401;2022;170;Outros Recursos Não Vinculados;8;PREFEITURA MUNICIPAL DE UBERLÂNDIA;Multas e Juros- Div Ativa- Out. Restituições-FMC;SECRETARIA MUNICIPAL DE CULTURA;08;0.00;0.00
02;1922990401;2022;170;Outros Recursos Não Vinculados;9;PREFEITURA MUNICIPAL DE UBERLÂNDIA;Multas e Juros- Div Ativa- Out. Restituições-FMC;SECRETARIA MUNICIPAL DE CULTURA;08;0.00;0.00
02;1922990401;2022;170;Outros Recursos Não Vinculados;10;PREFEITURA MUNICIPAL DE UBERLÂNDIA;Multas e Juros- Div Ativa- Out. Restituições-FMC;SECRETARIA MUNICIPAL DE CULTURA;08;0.00;0.00
02;1922990401;2022;170;Outros Recursos Não Vinculados;11;PREFEITURA MUNICIPAL DE UBERLÂNDIA;Multas e Juros- Div Ativa- Out. Restituições-FMC;SECRETARIA MUNICIPAL DE CULTURA;08;0.00;0.00
02;1922990401;2022;170;Outros Recursos Não Vinculados;12;PREFEITURA MUNICIPAL DE UBERLÂNDIA;Multas e Juros- Div Ativa- Out. Restituições-FMC;SECRETARIA MUNICIPAL DE CULTURA;08;0.00;0.00
02;1922990402;2022;170;Outros Recursos Não Vinculados;1;PREFEITURA MUNICIPAL DE UBERLÂNDIA;Multas e Juros- Div Ativa- Out. Restituições-PMU;SECRETARIA MUNICIPAL DE FINANÇAS;06;22.55;0.00
02;1922990402;2022;170;Outros Recursos Não Vinculados;2;PREFEITURA MUNICIPAL DE UBERLÂNDIA;Multas e Juros- Div Ativa- Out. Restituições-PMU;SECRETARIA MUNICIPAL DE FINANÇAS;06;31.00;136.80
02;1922990402;2022;170;Outros Recursos Não Vinculados;3;PREFEITURA MUNICIPAL DE UBERLÂNDIA;Multas e Juros- Div Ativa- Out. Restituições-PMU;SECRETARIA MUNICIPAL DE FINANÇAS;06;36.58;93.29
02;1922990402;2022;170;Outros Recursos Não Vinculados;4;PREFEITURA MUNICIPAL DE UBERLÂNDIA;Multas e Juros- Div Ativa- Out. Restituições-PMU;SECRETARIA MUNICIPAL DE FINANÇAS;06;17.60;348.05
02;1922990402;2022;170;Outros Recursos Não Vinculados;5;PREFEITURA MUNICIPAL DE UBERLÂNDIA;Multas e Juros- Div Ativa- Out. Restituições-PMU;SECRETARIA MUNICIPAL DE FINANÇAS;06;35.00;47.66
02;1922990402;2022;170;Outros Recursos Não Vinculados;6;PREFEITURA MUNICIPAL DE UBERLÂNDIA;Multas e Juros- Div Ativa- Out. Restituições-PMU;SECRETARIA MUNICIPAL DE FINANÇAS;06;14.81;95.51
02;1922990402;2022;170;Outros Recursos Não Vinculados;7;PREFEITURA MUNICIPAL DE UBERLÂNDIA;Multas e Juros- Div Ativa- Out. Restituições-PMU;SECRETARIA MUNICIPAL DE FINANÇAS;06;30.39;46.55
02;1922990402;2022;170;Outros Recursos Não Vinculados;8;PREFEITURA MUNICIPAL DE UBERLÂNDIA;Multas e Juros- Div Ativa- Out. Restituições-PMU;SECRETARIA MUNICIPAL DE FINANÇAS;06;39.98;0.00
02;1922990402;2022;170;Outros Recursos Não Vinculados;9;PREFEITURA MUNICIPAL DE UBERLÂNDIA;Multas e Juros- Div Ativa- Out. Restituições-PMU;SECRETARIA MUNICIPAL DE FINANÇAS;06;48.95;45.82
02;1922990402;2022;170;Outros Recursos Não Vinculados;10;PREFEITURA MUNICIPAL DE UBERLÂNDIA;Multas e Juros- Div Ativa- Out. Restituições-PMU;SECRETARIA MUNICIPAL DE FINANÇAS;06;504.13;45.82
02;1922990402;2022;170;Outros Recursos Não Vinculados;11;PREFEITURA MUNICIPAL DE UBERLÂNDIA;Multas e Juros- Div Ativa- Out. Restituições-PMU;SECRETARIA MUNICIPAL DE FINANÇAS;06;12.43;46.00
02;1922990402;2022;170;Outros Recursos Não Vinculados;12;PREFEITURA MUNICIPAL DE UBERLÂNDIA;Multas e Juros- Div Ativa- Out. Restituições-PMU;SECRETARIA MUNICIPAL DE FINANÇAS;06;22.72;94.50
02;1923990101;2022;170;Outros Recursos Não Vinculados;1;PREFEITURA MUNICIPAL DE UBERLÂNDIA;Ressarcimento FMC;SECRETARIA MUNICIPAL DE CULTURA;08;81469.89;833.33
02;1923990101;2022;170;Outros Recursos Não Vinculados;2;PREFEITURA MUNICIPAL DE UBERLÂNDIA;Ressarcimento FMC;SECRETARIA MUNICIPAL DE CULTURA;08;114481.80;833.33
02;1923990101;2022;170;Outros Recursos Não Vinculados;3;PREFEITURA MUNICIPAL DE UBERLÂNDIA;Ressarcimento FMC;SECRETARIA MUNICIPAL DE CULTURA;08;8422.96;833.33
02;1923990101;2022;170;Outros Recursos Não Vinculados;4;PREFEITURA MUNICIPAL DE UBERLÂNDIA;Ressarcimento FMC;SECRETARIA MUNICIPAL DE CULTURA;08;853.09;833.33
02;1923990101;2022;170;Outros Recursos Não Vinculados;5;PREFEITURA MUNICIPAL DE UBERLÂNDIA;Ressarcimento FMC;SECRETARIA MUNICIPAL DE CULTURA;08;30346.99;833.33
02;1923990101;2022;170;Outros Recursos Não Vinculados;6;PREFEITURA MUNICIPAL DE UBERLÂNDIA;Ressarcimento FMC;SECRETARIA MUNICIPAL DE CULTURA;08;11175.72;833.33
02;1923990101;2022;170;Outros Recursos Não Vinculados;7;PREFEITURA MUNICIPAL DE UBERLÂNDIA;Ressarcimento FMC;SECRETARIA MUNICIPAL DE CULTURA;08;7204.09;833.33
02;1923990101;2022;170;Outros Recursos Não Vinculados;8;PREFEITURA MUNICIPAL DE UBERLÂNDIA;Ressarcimento FMC;SECRETARIA MUNICIPAL DE CULTURA;08;32223.02;833.33
02;1923990101;2022;170;Outros Recursos Não Vinculados;9;PREFEITURA MUNICIPAL DE UBERLÂNDIA;Ressarcimento FMC;SECRETARIA MUNICIPAL DE CULTURA;08;10940.67;833.33
02;1923990101;2022;170;Outros Recursos Não Vinculados;10;PREFEITURA MUNICIPAL DE UBERLÂNDIA;Ressarcimento FMC;SECRETARIA MUNICIPAL DE CULTURA;08;3539.48;833.33
02;1923990101;2022;170;Outros Recursos Não Vinculados;11;PREFEITURA MUNICIPAL DE UBERLÂNDIA;Ressarcimento FMC;SECRETARIA MUNICIPAL DE CULTURA;08;28790.72;833.33
02;1923990101;2022;170;Outros Recursos Não Vinculados;12;PREFEITURA MUNICIPAL DE UBERLÂNDIA;Ressarcimento FMC;SECRETARIA MUNICIPAL DE CULTURA;08;17625.21;833.37
02;1923990201;2022;170;Outros Recursos Não Vinculados;1;PREFEITURA MUNICIPAL DE UBERLÂNDIA;Rec Mul e Jur - Ressarcimento ao Erário - FMC;SECRETARIA MUNICIPAL DE CULTURA;08;110.69;416.67
02;1923990201;2022;170;Outros Recursos Não Vinculados;2;PREFEITURA MUNICIPAL DE UBERLÂNDIA;Rec Mul e Jur - Ressarcimento ao Erário - FMC;SECRETARIA MUNICIPAL DE CULTURA;08;104.61;416.67
02;1923990201;2022;170;Outros Recursos Não Vinculados;3;PREFEITURA MUNICIPAL DE UBERLÂNDIA;Rec Mul e Jur - Ressarcimento ao Erário - FMC;SECRETARIA MUNICIPAL DE CULTURA;08;364.04;416.67
02;1923990201;2022;170;Outros Recursos Não Vinculados;4;PREFEITURA MUNICIPAL DE UBERLÂNDIA;Rec Mul e Jur - Ressarcimento ao Erário - FMC;SECRETARIA MUNICIPAL DE CULTURA;08;0.14;416.67
02;1923990201;2022;170;Outros Recursos Não Vinculados;5;PREFEITURA MUNICIPAL DE UBERLÂNDIA;Rec Mul e Jur - Ressarcimento ao Erário - FMC;SECRETARIA MUNICIPAL DE CULTURA;08;74.75;416.67
02;1923990201;2022;170;Outros Recursos Não Vinculados;6;PREFEITURA MUNICIPAL DE UBERLÂNDIA;Rec Mul e Jur - Ressarcimento ao Erário - FMC;SECRETARIA MUNICIPAL DE CULTURA;08;88.92;416.67
02;1923990201;2022;170;Outros Recursos Não Vinculados;7;PREFEITURA MUNICIPAL DE UBERLÂNDIA;Rec Mul e Jur - Ressarcimento ao Erário - FMC;SECRETARIA MUNICIPAL DE CULTURA;08;90.89;416.67
02;1923990201;2022;170;Outros Recursos Não Vinculados;8;PREFEITURA MUNICIPAL DE UBERLÂNDIA;Rec Mul e Jur - Ressarcimento ao Erário - FMC;SECRETARIA MUNICIPAL DE CULTURA;08;209.13;416.67
02;1923990201;2022;170;Outros Recursos Não Vinculados;9;PREFEITURA MUNICIPAL DE UBERLÂNDIA;Rec Mul e Jur - Ressarcimento ao Erário - FMC;SECRETARIA MUNICIPAL DE CULTURA;08;89.89;416.67
02;1923990201;2022;170;Outros Recursos Não Vinculados;10;PREFEITURA MUNICIPAL DE UBERLÂNDIA;Rec Mul e Jur - Ressarcimento ao Erário - FMC;SECRETARIA MUNICIPAL DE CULTURA;08;333.77;416.67
02;1923990201;2022;170;Outros Recursos Não Vinculados;11;PREFEITURA MUNICIPAL DE UBERLÂNDIA;Rec Mul e Jur - Ressarcimento ao Erário - FMC;SECRETARIA MUNICIPAL DE CULTURA;08;167.78;416.67
02;1923990201;2022;170;Outros Recursos Não Vinculados;12;PREFEITURA MUNICIPAL DE UBERLÂNDIA;Rec Mul e Jur - Ressarcimento ao Erário - FMC;SECRETARIA MUNICIPAL DE CULTURA;08;757.17;416.63
02;1923990301;2022;170;Outros Recursos Não Vinculados;1;PREFEITURA MUNICIPAL DE UBERLÂNDIA;Rec Div At Ressarcimento ao Erário - FMC;SECRETARIA MUNICIPAL DE CULTURA;08;214.66;166.67
02;1923990301;2022;170;Outros Recursos Não Vinculados;2;PREFEITURA MUNICIPAL DE UBERLÂNDIA;Rec Div At Ressarcimento ao Erário - FMC;SECRETARIA MUNICIPAL DE CULTURA;08;7661.39;166.67
02;1923990301;2022;170;Outros Recursos Não Vinculados;3;PREFEITURA MUNICIPAL DE UBERLÂNDIA;Rec Div At Ressarcimento ao Erário - FMC;SECRETARIA MUNICIPAL DE CULTURA;08;332.64;166.67
02;1923990301;2022;170;Outros Recursos Não Vinculados;4;PREFEITURA MUNICIPAL DE UBERLÂNDIA;Rec Div At Ressarcimento ao Erário - FMC;SECRETARIA MUNICIPAL DE CULTURA;08;0.00;166.67
02;1923990301;2022;170;Outros Recursos Não Vinculados;5;PREFEITURA MUNICIPAL DE UBERLÂNDIA;Rec Div At Ressarcimento ao Erário - FMC;SECRETARIA MUNICIPAL DE CULTURA;08;335.28;166.67
02;1923990301;2022;170;Outros Recursos Não Vinculados;6;PREFEITURA MUNICIPAL DE UBERLÂNDIA;Rec Div At Ressarcimento ao Erário - FMC;SECRETARIA MUNICIPAL DE CULTURA;08;3269.71;166.67
02;1923990301;2022;170;Outros Recursos Não Vinculados;7;PREFEITURA MUNICIPAL DE UBERLÂNDIA;Rec Div At Ressarcimento ao Erário - FMC;SECRETARIA MUNICIPAL DE CULTURA;08;1915.06;166.67
02;1923990301;2022;170;Outros Recursos Não Vinculados;8;PREFEITURA MUNICIPAL DE UBERLÂNDIA;Rec Div At Ressarcimento ao Erário - FMC;SECRETARIA MUNICIPAL DE CULTURA;08;589.28;166.67
02;1923990301;2022;170;Outros Recursos Não Vinculados;9;PREFEITURA MUNICIPAL DE UBERLÂNDIA;Rec Div At Ressarcimento ao Erário - FMC;SECRETARIA MUNICIPAL DE CULTURA;08;550.33;166.67
02;1923990301;2022;170;Outros Recursos Não Vinculados;10;PREFEITURA MUNICIPAL DE UBERLÂNDIA;Rec Div At Ressarcimento ao Erário - FMC;SECRETARIA MUNICIPAL DE CULTURA;08;2074.78;166.67
02;1923990301;2022;170;Outros Recursos Não Vinculados;11;PREFEITURA MUNICIPAL DE UBERLÂNDIA;Rec Div At Ressarcimento ao Erário - FMC;SECRETARIA MUNICIPAL DE CULTURA;08;578.78;166.67
02;1923990301;2022;170;Outros Recursos Não Vinculados;12;PREFEITURA MUNICIPAL DE UBERLÂNDIA;Rec Div At Ressarcimento ao Erário - FMC;SECRETARIA MUNICIPAL DE CULTURA;08;2384.63;166.63
02;1923990401;2022;170;Outros Recursos Não Vinculados;1;PREFEITURA MUNICIPAL DE UBERLÂNDIA;Div At Mult e Juros Ressarcimento - FMC;SECRETARIA MUNICIPAL DE CULTURA;08;43.58;83.33
02;1923990401;2022;170;Outros Recursos Não Vinculados;2;PREFEITURA MUNICIPAL DE UBERLÂNDIA;Div At Mult e Juros Ressarcimento - FMC;SECRETARIA MUNICIPAL DE CULTURA;08;3761.74;83.33
02;1923990401;2022;170;Outros Recursos Não Vinculados;3;PREFEITURA MUNICIPAL DE UBERLÂNDIA;Div At Mult e Juros Ressarcimento - FMC;SECRETARIA MUNICIPAL DE CULTURA;08;65.37;83.33
02;1923990401;2022;170;Outros Recursos Não Vinculados;4;PREFEITURA MUNICIPAL DE UBERLÂNDIA;Div At Mult e Juros Ressarcimento - FMC;SECRETARIA MUNICIPAL DE CULTURA;08;0.00;83.33
02;1923990401;2022;170;Outros Recursos Não Vinculados;5;PREFEITURA MUNICIPAL DE UBERLÂNDIA;Div At Mult e Juros Ressarcimento - FMC;SECRETARIA MUNICIPAL DE CULTURA;08;65.37;83.33
02;1923990401;2022;170;Outros Recursos Não Vinculados;6;PREFEITURA MUNICIPAL DE UBERLÂNDIA;Div At Mult e Juros Ressarcimento - FMC;SECRETARIA MUNICIPAL DE CULTURA;08;1809.15;83.33
02;1923990401;2022;170;Outros Recursos Não Vinculados;7;PREFEITURA MUNICIPAL DE UBERLÂNDIA;Div At Mult e Juros Ressarcimento - FMC;SECRETARIA MUNICIPAL DE CULTURA;08;1012.32;83.33
02;1923990401;2022;170;Outros Recursos Não Vinculados;8;PREFEITURA MUNICIPAL DE UBERLÂNDIA;Div At Mult e Juros Ressarcimento - FMC;SECRETARIA MUNICIPAL DE CULTURA;08;285.18;83.33
02;1923990401;2022;170;Outros Recursos Não Vinculados;9;PREFEITURA MUNICIPAL DE UBERLÂNDIA;Div At Mult e Juros Ressarcimento - FMC;SECRETARIA MUNICIPAL DE CULTURA;08;352.99;83.33
02;1923990401;2022;170;Outros Recursos Não Vinculados;10;PREFEITURA MUNICIPAL DE UBERLÂNDIA;Div At Mult e Juros Ressarcimento - FMC;SECRETARIA MUNICIPAL DE CULTURA;08;1363.61;83.33
02;1923990401;2022;170;Outros Recursos Não Vinculados;11;PREFEITURA MUNICIPAL DE UBERLÂNDIA;Div At Mult e Juros Ressarcimento - FMC;SECRETARIA MUNICIPAL DE CULTURA;08;348.54;83.33
02;1923990401;2022;170;Outros Recursos Não Vinculados;12;PREFEITURA MUNICIPAL DE UBERLÂNDIA;Div At Mult e Juros Ressarcimento - FMC;SECRETARIA MUNICIPAL DE CULTURA;08;1381.30;83.37
02;1942010101;2022;192;Alienação de Bens;1;PREFEITURA MUNICIPAL DE UBERLÂNDIA;Alienação de Bens Imóveis - Multas e Juros;SECRETARIA MUNICIPAL DE DESENVOLVIMENTO SOCIAL E T;10;16058.29;45385.44
02;1942010101;2022;192;Alienação de Bens;2;PREFEITURA MUNICIPAL DE UBERLÂNDIA;Alienação de Bens Imóveis - Multas e Juros;SECRETARIA MUNICIPAL DE DESENVOLVIMENTO SOCIAL E T;10;17785.65;37110.21
02;1942010101;2022;192;Alienação de Bens;3;PREFEITURA MUNICIPAL DE UBERLÂNDIA;Alienação de Bens Imóveis - Multas e Juros;SECRETARIA MUNICIPAL DE DESENVOLVIMENTO SOCIAL E T;10;17318.73;44241.81
02;1942010101;2022;192;Alienação de Bens;4;PREFEITURA MUNICIPAL DE UBERLÂNDIA;Alienação de Bens Imóveis - Multas e Juros;SECRETARIA MUNICIPAL DE DESENVOLVIMENTO SOCIAL E T;10;18024.44;31962.81
02;1942010101;2022;192;Alienação de Bens;5;PREFEITURA MUNICIPAL DE UBERLÂNDIA;Alienação de Bens Imóveis - Multas e Juros;SECRETARIA MUNICIPAL DE DESENVOLVIMENTO SOCIAL E T;10;23600.67;35359.24
02;1942010101;2022;192;Alienação de Bens;6;PREFEITURA MUNICIPAL DE UBERLÂNDIA;Alienação de Bens Imóveis - Multas e Juros;SECRETARIA MUNICIPAL DE DESENVOLVIMENTO SOCIAL E T;10;16153.67;30030.40
02;1942010101;2022;192;Alienação de Bens;7;PREFEITURA MUNICIPAL DE UBERLÂNDIA;Alienação de Bens Imóveis - Multas e Juros;SECRETARIA MUNICIPAL DE DESENVOLVIMENTO SOCIAL E T;10;23250.27;30742.73
02;1942010101;2022;192;Alienação de Bens;8;PREFEITURA MUNICIPAL DE UBERLÂNDIA;Alienação de Bens Imóveis - Multas e Juros;SECRETARIA MUNICIPAL DE DESENVOLVIMENTO SOCIAL E T;10;11623.71;26301.18
02;1942010101;2022;192;Alienação de Bens;9;PREFEITURA MUNICIPAL DE UBERLÂNDIA;Alienação de Bens Imóveis - Multas e Juros;SECRETARIA MUNICIPAL DE DESENVOLVIMENTO SOCIAL E T;10;8387.68;27192.70
02;1942010101;2022;192;Alienação de Bens;10;PREFEITURA MUNICIPAL DE UBERLÂNDIA;Alienação de Bens Imóveis - Multas e Juros;SECRETARIA MUNICIPAL DE DESENVOLVIMENTO SOCIAL E T;10;9831.85;28749.95
02;1942010101;2022;192;Alienação de Bens;11;PREFEITURA MUNICIPAL DE UBERLÂNDIA;Alienação de Bens Imóveis - Multas e Juros;SECRETARIA MUNICIPAL DE DESENVOLVIMENTO SOCIAL E T;10;10331.60;32296.28
02;1942010101;2022;192;Alienação de Bens;12;PREFEITURA MUNICIPAL DE UBERLÂNDIA;Alienação de Bens Imóveis - Multas e Juros;SECRETARIA MUNICIPAL DE DESENVOLVIMENTO SOCIAL E T;10;27109.09;30627.25
02;1942010102;2022;192;Alienação de Bens;5;PREFEITURA MUNICIPAL DE UBERLÂNDIA;Alienação de Bens Imóveis - Multas e Juros - PMU;SECRETARIA MUNICIPAL DE FINANÇAS;06;2276.53;0.00
02;1942010102;2022;192;Alienação de Bens;6;PREFEITURA MUNICIPAL DE UBERLÂNDIA;Alienação de Bens Imóveis - Multas e Juros - PMU;SECRETARIA MUNICIPAL DE FINANÇAS;06;5.71;0.00
02;1942010102;2022;192;Alienação de Bens;8;PREFEITURA MUNICIPAL DE UBERLÂNDIA;Alienação de Bens Imóveis - Multas e Juros - PMU;SECRETARIA MUNICIPAL DE FINANÇAS;06;20.76;0.00
02;1942010102;2022;192;Alienação de Bens;10;PREFEITURA MUNICIPAL DE UBERLÂNDIA;Alienação de Bens Imóveis - Multas e Juros - PMU;SECRETARIA MUNICIPAL DE FINANÇAS;06;5.76;0.00
02;1942010401;2022;192;Alienação de Bens;1;PREFEITURA MUNICIPAL DE UBERLÂNDIA;Outras Receitas de Capital - Multas e Juros Divid;SECRETARIA MUNICIPAL DE DESENVOLVIMENTO SOCIAL E T;10;248.07;1158.83
02;1942010401;2022;192;Alienação de Bens;2;PREFEITURA MUNICIPAL DE UBERLÂNDIA;Outras Receitas de Capital - Multas e Juros Divid;SECRETARIA MUNICIPAL DE DESENVOLVIMENTO SOCIAL E T;10;135.42;483.21
02;1942010401;2022;192;Alienação de Bens;3;PREFEITURA MUNICIPAL DE UBERLÂNDIA;Outras Receitas de Capital - Multas e Juros Divid;SECRETARIA MUNICIPAL DE DESENVOLVIMENTO SOCIAL E T;10;135.42;1528.67
02;1942010401;2022;192;Alienação de Bens;4;PREFEITURA MUNICIPAL DE UBERLÂNDIA;Outras Receitas de Capital - Multas e Juros Divid;SECRETARIA MUNICIPAL DE DESENVOLVIMENTO SOCIAL E T;10;0.00;761.97
02;1942010401;2022;192;Alienação de Bens;5;PREFEITURA MUNICIPAL DE UBERLÂNDIA;Outras Receitas de Capital - Multas e Juros Divid;SECRETARIA MUNICIPAL DE DESENVOLVIMENTO SOCIAL E T;10;364.57;940.23
02;1942010401;2022;192;Alienação de Bens;6;PREFEITURA MUNICIPAL DE UBERLÂNDIA;Outras Receitas de Capital - Multas e Juros Divid;SECRETARIA MUNICIPAL DE DESENVOLVIMENTO SOCIAL E T;10;235.41;1241.08
02;1942010401;2022;192;Alienação de Bens;7;PREFEITURA MUNICIPAL DE UBERLÂNDIA;Outras Receitas de Capital - Multas e Juros Divid;SECRETARIA MUNICIPAL DE DESENVOLVIMENTO SOCIAL E T;10;135.42;3683.36
02;1942010401;2022;192;Alienação de Bens;8;PREFEITURA MUNICIPAL DE UBERLÂNDIA;Outras Receitas de Capital - Multas e Juros Divid;SECRETARIA MUNICIPAL DE DESENVOLVIMENTO SOCIAL E T;10;147.65;764.00
02;1942010401;2022;192;Alienação de Bens;9;PREFEITURA MUNICIPAL DE UBERLÂNDIA;Outras Receitas de Capital - Multas e Juros Divid;SECRETARIA MUNICIPAL DE DESENVOLVIMENTO SOCIAL E T;10;207.29;505.99
02;1942010401;2022;192;Alienação de Bens;10;PREFEITURA MUNICIPAL DE UBERLÂNDIA;Outras Receitas de Capital - Multas e Juros Divid;SECRETARIA MUNICIPAL DE DESENVOLVIMENTO SOCIAL E T;10;421.99;851.82
02;1942010401;2022;192;Alienação de Bens;11;PREFEITURA MUNICIPAL DE UBERLÂNDIA;Outras Receitas de Capital - Multas e Juros Divid;SECRETARIA MUNICIPAL DE DESENVOLVIMENTO SOCIAL E T;10;61.04;17700.20
02;1942010401;2022;192;Alienação de Bens;12;PREFEITURA MUNICIPAL DE UBERLÂNDIA;Outras Receitas de Capital - Multas e Juros Divid;SECRETARIA MUNICIPAL DE DESENVOLVIMENTO SOCIAL E T;10;197.69;380.64
05;1999030101;2022;103;Contribuição para o Regime Próprio de Previdência Social (RPPS): Patronal, dos Servidores, Compensação Financeira/ Recursos Vinculados ao RPPS - Fundo em Capitalização (Plano Previdenciário);1;Instituto Prev. Serv. Pub. Mun. Uberlândia;Comp Finans entre o RGPS e o RPPS;INST. DE PREV. DOS SERVID. PÚB. DO MUN. DE UBERLÂN;18;0.00;150000.00
05;1999030101;2022;103;Contribuição para o Regime Próprio de Previdência Social (RPPS): Patronal, dos Servidores, Compensação Financeira/ Recursos Vinculados ao RPPS - Fundo em Capitalização (Plano Previdenciário);2;Instituto Prev. Serv. Pub. Mun. Uberlândia;Comp Finans entre o RGPS e o RPPS;INST. DE PREV. DOS SERVID. PÚB. DO MUN. DE UBERLÂN;18;0.00;150000.00
05;1999030101;2022;103;Contribuição para o Regime Próprio de Previdência Social (RPPS): Patronal, dos Servidores, Compensação Financeira/ Recursos Vinculados ao RPPS - Fundo em Capitalização (Plano Previdenciário);3;Instituto Prev. Serv. Pub. Mun. Uberlândia;Comp Finans entre o RGPS e o RPPS;INST. DE PREV. DOS SERVID. PÚB. DO MUN. DE UBERLÂN;18;0.00;150000.00
05;1999030101;2022;103;Contribuição para o Regime Próprio de Previdência Social (RPPS): Patronal, dos Servidores, Compensação Financeira/ Recursos Vinculados ao RPPS - Fundo em Capitalização (Plano Previdenciário);4;Instituto Prev. Serv. Pub. Mun. Uberlândia;Comp Finans entre o RGPS e o RPPS;INST. DE PREV. DOS SERVID. PÚB. DO MUN. DE UBERLÂN;18;0.00;150000.00
05;1999030101;2022;103;Contribuição para o Regime Próprio de Previdência Social (RPPS): Patronal, dos Servidores, Compensação Financeira/ Recursos Vinculados ao RPPS - Fundo em Capitalização (Plano Previdenciário);5;Instituto Prev. Serv. Pub. Mun. Uberlândia;Comp Finans entre o RGPS e o RPPS;INST. DE PREV. DOS SERVID. PÚB. DO MUN. DE UBERLÂN;18;0.00;150000.00
05;1999030101;2022;103;Contribuição para o Regime Próprio de Previdência Social (RPPS): Patronal, dos Servidores, Compensação Financeira/ Recursos Vinculados ao RPPS - Fundo em Capitalização (Plano Previdenciário);6;Instituto Prev. Serv. Pub. Mun. Uberlândia;Comp Finans entre o RGPS e o RPPS;INST. DE PREV. DOS SERVID. PÚB. DO MUN. DE UBERLÂN;18;0.00;150000.00
05;1999030101;2022;103;Contribuição para o Regime Próprio de Previdência Social (RPPS): Patronal, dos Servidores, Compensação Financeira/ Recursos Vinculados ao RPPS - Fundo em Capitalização (Plano Previdenciário);7;Instituto Prev. Serv. Pub. Mun. Uberlândia;Comp Finans entre o RGPS e o RPPS;INST. DE PREV. DOS SERVID. PÚB. DO MUN. DE UBERLÂN;18;0.00;150000.00
05;1999030101;2022;103;Contribuição para o Regime Próprio de Previdência Social (RPPS): Patronal, dos Servidores, Compensação Financeira/ Recursos Vinculados ao RPPS - Fundo em Capitalização (Plano Previdenciário);8;Instituto Prev. Serv. Pub. Mun. Uberlândia;Comp Finans entre o RGPS e o RPPS;INST. DE PREV. DOS SERVID. PÚB. DO MUN. DE UBERLÂN;18;0.00;150000.00
05;1999030101;2022;103;Contribuição para o Regime Próprio de Previdência Social (RPPS): Patronal, dos Servidores, Compensação Financeira/ Recursos Vinculados ao RPPS - Fundo em Capitalização (Plano Previdenciário);9;Instituto Prev. Serv. Pub. Mun. Uberlândia;Comp Finans entre o RGPS e o RPPS;INST. DE PREV. DOS SERVID. PÚB. DO MUN. DE UBERLÂN;18;0.00;150000.00
05;1999030101;2022;103;Contribuição para o Regime Próprio de Previdência Social (RPPS): Patronal, dos Servidores, Compensação Financeira/ Recursos Vinculados ao RPPS - Fundo em Capitalização (Plano Previdenciário);10;Instituto Prev. Serv. Pub. Mun. Uberlândia;Comp Finans entre o RGPS e o RPPS;INST. DE PREV. DOS SERVID. PÚB. DO MUN. DE UBERLÂN;18;0.00;150000.00
05;1999030101;2022;103;Contribuição para o Regime Próprio de Previdência Social (RPPS): Patronal, dos Servidores, Compensação Financeira/ Recursos Vinculados ao RPPS - Fundo em Capitalização (Plano Previdenciário);11;Instituto Prev. Serv. Pub. Mun. Uberlândia;Comp Finans entre o RGPS e o RPPS;INST. DE PREV. DOS SERVID. PÚB. DO MUN. DE UBERLÂN;18;0.00;150000.00
05;1999030101;2022;103;Contribuição para o Regime Próprio de Previdência Social (RPPS): Patronal, dos Servidores, Compensação Financeira/ Recursos Vinculados ao RPPS - Fundo em Capitalização (Plano Previdenciário);12;Instituto Prev. Serv. Pub. Mun. Uberlândia;Comp Finans entre o RGPS e o RPPS;INST. DE PREV. DOS SERVID. PÚB. DO MUN. DE UBERLÂN;18;0.00;150000.00
02;1999060101;2022;170;Outros Recursos Não Vinculados;3;PREFEITURA MUNICIPAL DE UBERLÂNDIA;Contrapartida - Serv. Agropecuários - Principal;SECRETARIA MUNICIPAL DE AGROPECUÁRIA E ABASTECIMEN;12;4615.81;0.00
02;1999060101;2022;170;Outros Recursos Não Vinculados;4;PREFEITURA MUNICIPAL DE UBERLÂNDIA;Contrapartida - Serv. Agropecuários - Principal;SECRETARIA MUNICIPAL DE AGROPECUÁRIA E ABASTECIMEN;12;37096.87;0.00
02;1999060101;2022;170;Outros Recursos Não Vinculados;5;PREFEITURA MUNICIPAL DE UBERLÂNDIA;Contrapartida - Serv. Agropecuários - Principal;SECRETARIA MUNICIPAL DE AGROPECUÁRIA E ABASTECIMEN;12;17812.54;0.00
02;1999060101;2022;170;Outros Recursos Não Vinculados;6;PREFEITURA MUNICIPAL DE UBERLÂNDIA;Contrapartida - Serv. Agropecuários - Principal;SECRETARIA MUNICIPAL DE AGROPECUÁRIA E ABASTECIMEN;12;17593.71;0.00
02;1999060101;2022;170;Outros Recursos Não Vinculados;7;PREFEITURA MUNICIPAL DE UBERLÂNDIA;Contrapartida - Serv. Agropecuários - Principal;SECRETARIA MUNICIPAL DE AGROPECUÁRIA E ABASTECIMEN;12;21565.84;0.00
02;1999060101;2022;170;Outros Recursos Não Vinculados;8;PREFEITURA MUNICIPAL DE UBERLÂNDIA;Contrapartida - Serv. Agropecuários - Principal;SECRETARIA MUNICIPAL DE AGROPECUÁRIA E ABASTECIMEN;12;7059.96;0.00
02;1999060101;2022;170;Outros Recursos Não Vinculados;9;PREFEITURA MUNICIPAL DE UBERLÂNDIA;Contrapartida - Serv. Agropecuários - Principal;SECRETARIA MUNICIPAL DE AGROPECUÁRIA E ABASTECIMEN;12;15789.42;0.00
02;1999060101;2022;170;Outros Recursos Não Vinculados;10;PREFEITURA MUNICIPAL DE UBERLÂNDIA;Contrapartida - Serv. Agropecuários - Principal;SECRETARIA MUNICIPAL DE AGROPECUÁRIA E ABASTECIMEN;12;7320.93;0.00
02;1999060101;2022;170;Outros Recursos Não Vinculados;11;PREFEITURA MUNICIPAL DE UBERLÂNDIA;Contrapartida - Serv. Agropecuários - Principal;SECRETARIA MUNICIPAL DE AGROPECUÁRIA E ABASTECIMEN;12;5879.74;0.00
02;1999060101;2022;170;Outros Recursos Não Vinculados;12;PREFEITURA MUNICIPAL DE UBERLÂNDIA;Contrapartida - Serv. Agropecuários - Principal;SECRETARIA MUNICIPAL DE AGROPECUÁRIA E ABASTECIMEN;12;16872.57;0.00
02;1999060201;2022;170;Outros Recursos Não Vinculados;4;PREFEITURA MUNICIPAL DE UBERLÂNDIA;Contrapartida - Serv. Agropecuários - Juros;SECRETARIA MUNICIPAL DE AGROPECUÁRIA E ABASTECIMEN;12;54.23;0.00
02;1999060201;2022;170;Outros Recursos Não Vinculados;5;PREFEITURA MUNICIPAL DE UBERLÂNDIA;Contrapartida - Serv. Agropecuários - Juros;SECRETARIA MUNICIPAL DE AGROPECUÁRIA E ABASTECIMEN;12;47.40;0.00
02;1999060201;2022;170;Outros Recursos Não Vinculados;6;PREFEITURA MUNICIPAL DE UBERLÂNDIA;Contrapartida - Serv. Agropecuários - Juros;SECRETARIA MUNICIPAL DE AGROPECUÁRIA E ABASTECIMEN;12;135.41;0.00
02;1999060201;2022;170;Outros Recursos Não Vinculados;7;PREFEITURA MUNICIPAL DE UBERLÂNDIA;Contrapartida - Serv. Agropecuários - Juros;SECRETARIA MUNICIPAL DE AGROPECUÁRIA E ABASTECIMEN;12;285.07;0.00
02;1999060201;2022;170;Outros Recursos Não Vinculados;8;PREFEITURA MUNICIPAL DE UBERLÂNDIA;Contrapartida - Serv. Agropecuários - Juros;SECRETARIA MUNICIPAL DE AGROPECUÁRIA E ABASTECIMEN;12;161.44;0.00
02;1999060201;2022;170;Outros Recursos Não Vinculados;9;PREFEITURA MUNICIPAL DE UBERLÂNDIA;Contrapartida - Serv. Agropecuários - Juros;SECRETARIA MUNICIPAL DE AGROPECUÁRIA E ABASTECIMEN;12;343.82;0.00
02;1999060201;2022;170;Outros Recursos Não Vinculados;10;PREFEITURA MUNICIPAL DE UBERLÂNDIA;Contrapartida - Serv. Agropecuários - Juros;SECRETARIA MUNICIPAL DE AGROPECUÁRIA E ABASTECIMEN;12;65.14;0.00
02;1999060201;2022;170;Outros Recursos Não Vinculados;11;PREFEITURA MUNICIPAL DE UBERLÂNDIA;Contrapartida - Serv. Agropecuários - Juros;SECRETARIA MUNICIPAL DE AGROPECUÁRIA E ABASTECIMEN;12;144.64;0.00
02;1999060201;2022;170;Outros Recursos Não Vinculados;12;PREFEITURA MUNICIPAL DE UBERLÂNDIA;Contrapartida - Serv. Agropecuários - Juros;SECRETARIA MUNICIPAL DE AGROPECUÁRIA E ABASTECIMEN;12;173.65;0.00
02;1999060301;2022;170;Outros Recursos Não Vinculados;12;PREFEITURA MUNICIPAL DE UBERLÂNDIA;Contrapartida - Serv. Agropecuários -DA  Principal;SECRETARIA MUNICIPAL DE AGROPECUÁRIA E ABASTECIMEN;12;468.12;0.00
02;1999060401;2022;170;Outros Recursos Não Vinculados;12;PREFEITURA MUNICIPAL DE UBERLÂNDIA;Contrapartida - Serv. Agropecuários - DA - Juros;SECRETARIA MUNICIPAL DE AGROPECUÁRIA E ABASTECIMEN;12;44.43;0.00
02;1999992101;2022;170;Outros Recursos Não Vinculados;1;PREFEITURA MUNICIPAL DE UBERLÂNDIA;Outras Receitas - PMU;SECRETARIA MUNICIPAL DE FINANÇAS;06;354244.33;447796.33
02;1999992101;2022;170;Outros Recursos Não Vinculados;2;PREFEITURA MUNICIPAL DE UBERLÂNDIA;Outras Receitas - PMU;SECRETARIA MUNICIPAL DE FINANÇAS;06;146609.25;839194.36
02;1999992101;2022;170;Outros Recursos Não Vinculados;3;PREFEITURA MUNICIPAL DE UBERLÂNDIA;Outras Receitas - PMU;SECRETARIA MUNICIPAL DE FINANÇAS;06;73496.71;963162.21
02;1999992101;2022;170;Outros Recursos Não Vinculados;4;PREFEITURA MUNICIPAL DE UBERLÂNDIA;Outras Receitas - PMU;SECRETARIA MUNICIPAL DE FINANÇAS;06;2572.52;809899.64
02;1999992101;2022;170;Outros Recursos Não Vinculados;5;PREFEITURA MUNICIPAL DE UBERLÂNDIA;Outras Receitas - PMU;SECRETARIA MUNICIPAL DE FINANÇAS;06;12883.62;698087.05
02;1999992101;2022;170;Outros Recursos Não Vinculados;6;PREFEITURA MUNICIPAL DE UBERLÂNDIA;Outras Receitas - PMU;SECRETARIA MUNICIPAL DE FINANÇAS;06;40026.80;702134.83
02;1999992101;2022;170;Outros Recursos Não Vinculados;7;PREFEITURA MUNICIPAL DE UBERLÂNDIA;Outras Receitas - PMU;SECRETARIA MUNICIPAL DE FINANÇAS;06;8446.13;573570.89
02;1999992101;2022;170;Outros Recursos Não Vinculados;8;PREFEITURA MUNICIPAL DE UBERLÂNDIA;Outras Receitas - PMU;SECRETARIA MUNICIPAL DE FINANÇAS;06;79029.58;563872.53
02;1999992101;2022;170;Outros Recursos Não Vinculados;9;PREFEITURA MUNICIPAL DE UBERLÂNDIA;Outras Receitas - PMU;SECRETARIA MUNICIPAL DE FINANÇAS;06;42006.93;549061.19
02;1999992101;2022;170;Outros Recursos Não Vinculados;10;PREFEITURA MUNICIPAL DE UBERLÂNDIA;Outras Receitas - PMU;SECRETARIA MUNICIPAL DE FINANÇAS;06;42100.88;653892.60
02;1999992101;2022;170;Outros Recursos Não Vinculados;11;PREFEITURA MUNICIPAL DE UBERLÂNDIA;Outras Receitas - PMU;SECRETARIA MUNICIPAL DE FINANÇAS;06;38137.06;592323.99
02;1999992101;2022;170;Outros Recursos Não Vinculados;12;PREFEITURA MUNICIPAL DE UBERLÂNDIA;Outras Receitas - PMU;SECRETARIA MUNICIPAL DE FINANÇAS;06;10811.82;602018.38
02;1999992102;2022;170;Outros Recursos Não Vinculados;1;PREFEITURA MUNICIPAL DE UBERLÂNDIA;Outras Receitas - FMDCA;SECRETARIA MUNICIPAL DE DESENVOLVIMENTO SOCIAL E T;10;7498.74;53930.78
02;1999992102;2022;170;Outros Recursos Não Vinculados;2;PREFEITURA MUNICIPAL DE UBERLÂNDIA;Outras Receitas - FMDCA;SECRETARIA MUNICIPAL DE DESENVOLVIMENTO SOCIAL E T;10;17604.76;18265.23
02;1999992102;2022;170;Outros Recursos Não Vinculados;3;PREFEITURA MUNICIPAL DE UBERLÂNDIA;Outras Receitas - FMDCA;SECRETARIA MUNICIPAL DE DESENVOLVIMENTO SOCIAL E T;10;16047.78;87856.38
02;1999992102;2022;170;Outros Recursos Não Vinculados;4;PREFEITURA MUNICIPAL DE UBERLÂNDIA;Outras Receitas - FMDCA;SECRETARIA MUNICIPAL DE DESENVOLVIMENTO SOCIAL E T;10;7619.01;141885.35
02;1999992102;2022;170;Outros Recursos Não Vinculados;5;PREFEITURA MUNICIPAL DE UBERLÂNDIA;Outras Receitas - FMDCA;SECRETARIA MUNICIPAL DE DESENVOLVIMENTO SOCIAL E T;10;10465.39;58195.31
02;1999992102;2022;170;Outros Recursos Não Vinculados;6;PREFEITURA MUNICIPAL DE UBERLÂNDIA;Outras Receitas - FMDCA;SECRETARIA MUNICIPAL DE DESENVOLVIMENTO SOCIAL E T;10;13160.55;162870.89
02;1999992102;2022;170;Outros Recursos Não Vinculados;7;PREFEITURA MUNICIPAL DE UBERLÂNDIA;Outras Receitas - FMDCA;SECRETARIA MUNICIPAL DE DESENVOLVIMENTO SOCIAL E T;10;27583.38;648476.97
02;1999992102;2022;170;Outros Recursos Não Vinculados;8;PREFEITURA MUNICIPAL DE UBERLÂNDIA;Outras Receitas - FMDCA;SECRETARIA MUNICIPAL DE DESENVOLVIMENTO SOCIAL E T;10;431403.92;334096.85
02;1999992102;2022;170;Outros Recursos Não Vinculados;9;PREFEITURA MUNICIPAL DE UBERLÂNDIA;Outras Receitas - FMDCA;SECRETARIA MUNICIPAL DE DESENVOLVIMENTO SOCIAL E T;10;12902.86;30609.93
02;1999992102;2022;170;Outros Recursos Não Vinculados;10;PREFEITURA MUNICIPAL DE UBERLÂNDIA;Outras Receitas - FMDCA;SECRETARIA MUNICIPAL DE DESENVOLVIMENTO SOCIAL E T;10;8797.14;23211.68
02;1999992102;2022;170;Outros Recursos Não Vinculados;11;PREFEITURA MUNICIPAL DE UBERLÂNDIA;Outras Receitas - FMDCA;SECRETARIA MUNICIPAL DE DESENVOLVIMENTO SOCIAL E T;10;13968.77;34221.77
02;1999992102;2022;170;Outros Recursos Não Vinculados;12;PREFEITURA MUNICIPAL DE UBERLÂNDIA;Outras Receitas - FMDCA;SECRETARIA MUNICIPAL DE DESENVOLVIMENTO SOCIAL E T;10;78808.63;356378.86
02;1999992103;2022;170;Outros Recursos Não Vinculados;1;PREFEITURA MUNICIPAL DE UBERLÂNDIA;Outras Receitas - FMSP;SECRETARIA MUN PREV ÀS DROGAS, DEF SOC E DEF CIVIL;35;0.00;1583.33
02;1999992103;2022;170;Outros Recursos Não Vinculados;2;PREFEITURA MUNICIPAL DE UBERLÂNDIA;Outras Receitas - FMSP;SECRETARIA MUN PREV ÀS DROGAS, DEF SOC E DEF CIVIL;35;0.00;1583.33
02;1999992103;2022;170;Outros Recursos Não Vinculados;3;PREFEITURA MUNICIPAL DE UBERLÂNDIA;Outras Receitas - FMSP;SECRETARIA MUN PREV ÀS DROGAS, DEF SOC E DEF CIVIL;35;0.00;1583.33
02;1999992103;2022;170;Outros Recursos Não Vinculados;4;PREFEITURA MUNICIPAL DE UBERLÂNDIA;Outras Receitas - FMSP;SECRETARIA MUN PREV ÀS DROGAS, DEF SOC E DEF CIVIL;35;0.00;1583.33
02;1999992103;2022;170;Outros Recursos Não Vinculados;5;PREFEITURA MUNICIPAL DE UBERLÂNDIA;Outras Receitas - FMSP;SECRETARIA MUN PREV ÀS DROGAS, DEF SOC E DEF CIVIL;35;0.00;1583.33
02;1999992103;2022;170;Outros Recursos Não Vinculados;6;PREFEITURA MUNICIPAL DE UBERLÂNDIA;Outras Receitas - FMSP;SECRETARIA MUN PREV ÀS DROGAS, DEF SOC E DEF CIVIL;35;0.00;1583.33
02;1999992103;2022;170;Outros Recursos Não Vinculados;7;PREFEITURA MUNICIPAL DE UBERLÂNDIA;Outras Receitas - FMSP;SECRETARIA MUN PREV ÀS DROGAS, DEF SOC E DEF CIVIL;35;0.00;1583.33
02;1999992103;2022;170;Outros Recursos Não Vinculados;8;PREFEITURA MUNICIPAL DE UBERLÂNDIA;Outras Receitas - FMSP;SECRETARIA MUN PREV ÀS DROGAS, DEF SOC E DEF CIVIL;35;0.00;1583.33
02;1999992103;2022;170;Outros Recursos Não Vinculados;9;PREFEITURA MUNICIPAL DE UBERLÂNDIA;Outras Receitas - FMSP;SECRETARIA MUN PREV ÀS DROGAS, DEF SOC E DEF CIVIL;35;0.00;1583.33
02;1999992103;2022;170;Outros Recursos Não Vinculados;10;PREFEITURA MUNICIPAL DE UBERLÂNDIA;Outras Receitas - FMSP;SECRETARIA MUN PREV ÀS DROGAS, DEF SOC E DEF CIVIL;35;0.00;1583.33
02;1999992103;2022;170;Outros Recursos Não Vinculados;11;PREFEITURA MUNICIPAL DE UBERLÂNDIA;Outras Receitas - FMSP;SECRETARIA MUN PREV ÀS DROGAS, DEF SOC E DEF CIVIL;35;0.00;1583.33
02;1999992103;2022;170;Outros Recursos Não Vinculados;12;PREFEITURA MUNICIPAL DE UBERLÂNDIA;Outras Receitas - FMSP;SECRETARIA MUN PREV ÀS DROGAS, DEF SOC E DEF CIVIL;35;0.00;1583.37
04;1999992104;2022;170;Outros Recursos Não Vinculados;1;Fundação Uberlandense Turismo Esporte Lazer;Outras Receitas - FUTEL;FUNDAÇÃO UBERLANDENSE DE TURISMO, ESPORTE E LAZER-;19;19128.40;33333.33
04;1999992104;2022;170;Outros Recursos Não Vinculados;2;Fundação Uberlandense Turismo Esporte Lazer;Outras Receitas - FUTEL;FUNDAÇÃO UBERLANDENSE DE TURISMO, ESPORTE E LAZER-;19;28431.84;33333.33
04;1999992104;2022;170;Outros Recursos Não Vinculados;3;Fundação Uberlandense Turismo Esporte Lazer;Outras Receitas - FUTEL;FUNDAÇÃO UBERLANDENSE DE TURISMO, ESPORTE E LAZER-;19;35200.52;33333.33
04;1999992104;2022;170;Outros Recursos Não Vinculados;4;Fundação Uberlandense Turismo Esporte Lazer;Outras Receitas - FUTEL;FUNDAÇÃO UBERLANDENSE DE TURISMO, ESPORTE E LAZER-;19;34106.43;33333.33
04;1999992104;2022;170;Outros Recursos Não Vinculados;5;Fundação Uberlandense Turismo Esporte Lazer;Outras Receitas - FUTEL;FUNDAÇÃO UBERLANDENSE DE TURISMO, ESPORTE E LAZER-;19;33200.41;33333.33
04;1999992104;2022;170;Outros Recursos Não Vinculados;6;Fundação Uberlandense Turismo Esporte Lazer;Outras Receitas - FUTEL;FUNDAÇÃO UBERLANDENSE DE TURISMO, ESPORTE E LAZER-;19;22965.27;33333.33
04;1999992104;2022;170;Outros Recursos Não Vinculados;7;Fundação Uberlandense Turismo Esporte Lazer;Outras Receitas - FUTEL;FUNDAÇÃO UBERLANDENSE DE TURISMO, ESPORTE E LAZER-;19;8239.40;33333.33
04;1999992104;2022;170;Outros Recursos Não Vinculados;8;Fundação Uberlandense Turismo Esporte Lazer;Outras Receitas - FUTEL;FUNDAÇÃO UBERLANDENSE DE TURISMO, ESPORTE E LAZER-;19;31260.63;33333.33
04;1999992104;2022;170;Outros Recursos Não Vinculados;9;Fundação Uberlandense Turismo Esporte Lazer;Outras Receitas - FUTEL;FUNDAÇÃO UBERLANDENSE DE TURISMO, ESPORTE E LAZER-;19;31507.39;33333.33
04;1999992104;2022;170;Outros Recursos Não Vinculados;10;Fundação Uberlandense Turismo Esporte Lazer;Outras Receitas - FUTEL;FUNDAÇÃO UBERLANDENSE DE TURISMO, ESPORTE E LAZER-;19;65325.76;33333.33
04;1999992104;2022;170;Outros Recursos Não Vinculados;11;Fundação Uberlandense Turismo Esporte Lazer;Outras Receitas - FUTEL;FUNDAÇÃO UBERLANDENSE DE TURISMO, ESPORTE E LAZER-;19;31200.57;33333.33
04;1999992104;2022;170;Outros Recursos Não Vinculados;12;Fundação Uberlandense Turismo Esporte Lazer;Outras Receitas - FUTEL;FUNDAÇÃO UBERLANDENSE DE TURISMO, ESPORTE E LAZER-;19;31659.67;33333.37
03;1999992105;2022;170;Outros Recursos Não Vinculados;1;Departamento Municipal de Agua e Esgoto;Correção Monetária - DMAE;DEPARTAMENTO MUNICIPAL DE AGUA E ESGOTO - DMAE;17;859.83;0.00
03;1999992105;2022;170;Outros Recursos Não Vinculados;2;Departamento Municipal de Agua e Esgoto;Correção Monetária - DMAE;DEPARTAMENTO MUNICIPAL DE AGUA E ESGOTO - DMAE;17;992.04;0.00
03;1999992105;2022;170;Outros Recursos Não Vinculados;3;Departamento Municipal de Agua e Esgoto;Correção Monetária - DMAE;DEPARTAMENTO MUNICIPAL DE AGUA E ESGOTO - DMAE;17;2533.18;0.00
03;1999992105;2022;170;Outros Recursos Não Vinculados;4;Departamento Municipal de Agua e Esgoto;Correção Monetária - DMAE;DEPARTAMENTO MUNICIPAL DE AGUA E ESGOTO - DMAE;17;335.63;0.00
03;1999992105;2022;170;Outros Recursos Não Vinculados;5;Departamento Municipal de Agua e Esgoto;Correção Monetária - DMAE;DEPARTAMENTO MUNICIPAL DE AGUA E ESGOTO - DMAE;17;709.23;0.00
03;1999992105;2022;170;Outros Recursos Não Vinculados;6;Departamento Municipal de Agua e Esgoto;Correção Monetária - DMAE;DEPARTAMENTO MUNICIPAL DE AGUA E ESGOTO - DMAE;17;59.54;0.00
03;1999992105;2022;170;Outros Recursos Não Vinculados;7;Departamento Municipal de Agua e Esgoto;Correção Monetária - DMAE;DEPARTAMENTO MUNICIPAL DE AGUA E ESGOTO - DMAE;17;0.52;1000.00
03;1999992105;2022;170;Outros Recursos Não Vinculados;8;Departamento Municipal de Agua e Esgoto;Correção Monetária - DMAE;DEPARTAMENTO MUNICIPAL DE AGUA E ESGOTO - DMAE;17;10.63;0.00
03;1999992105;2022;170;Outros Recursos Não Vinculados;9;Departamento Municipal de Agua e Esgoto;Correção Monetária - DMAE;DEPARTAMENTO MUNICIPAL DE AGUA E ESGOTO - DMAE;17;8.41;0.00
03;1999992105;2022;170;Outros Recursos Não Vinculados;10;Departamento Municipal de Agua e Esgoto;Correção Monetária - DMAE;DEPARTAMENTO MUNICIPAL DE AGUA E ESGOTO - DMAE;17;73.66;0.00
03;1999992105;2022;170;Outros Recursos Não Vinculados;11;Departamento Municipal de Agua e Esgoto;Correção Monetária - DMAE;DEPARTAMENTO MUNICIPAL DE AGUA E ESGOTO - DMAE;17;750.25;1000.00
03;1999992105;2022;170;Outros Recursos Não Vinculados;12;Departamento Municipal de Agua e Esgoto;Correção Monetária - DMAE;DEPARTAMENTO MUNICIPAL DE AGUA E ESGOTO - DMAE;17;418.93;0.00
03;1999992106;2022;170;Outros Recursos Não Vinculados;1;Departamento Municipal de Agua e Esgoto;Demais Receitas ¿ DMAE;DEPARTAMENTO MUNICIPAL DE AGUA E ESGOTO - DMAE;17;11738.29;15000.00
03;1999992106;2022;170;Outros Recursos Não Vinculados;2;Departamento Municipal de Agua e Esgoto;Demais Receitas ¿ DMAE;DEPARTAMENTO MUNICIPAL DE AGUA E ESGOTO - DMAE;17;10878.64;12000.00
03;1999992106;2022;170;Outros Recursos Não Vinculados;3;Departamento Municipal de Agua e Esgoto;Demais Receitas ¿ DMAE;DEPARTAMENTO MUNICIPAL DE AGUA E ESGOTO - DMAE;17;12860.34;10000.00
03;1999992106;2022;170;Outros Recursos Não Vinculados;4;Departamento Municipal de Agua e Esgoto;Demais Receitas ¿ DMAE;DEPARTAMENTO MUNICIPAL DE AGUA E ESGOTO - DMAE;17;8702.22;4000.00
03;1999992106;2022;170;Outros Recursos Não Vinculados;5;Departamento Municipal de Agua e Esgoto;Demais Receitas ¿ DMAE;DEPARTAMENTO MUNICIPAL DE AGUA E ESGOTO - DMAE;17;6417.70;4000.00
03;1999992106;2022;170;Outros Recursos Não Vinculados;6;Departamento Municipal de Agua e Esgoto;Demais Receitas ¿ DMAE;DEPARTAMENTO MUNICIPAL DE AGUA E ESGOTO - DMAE;17;6130.06;4000.00
03;1999992106;2022;170;Outros Recursos Não Vinculados;7;Departamento Municipal de Agua e Esgoto;Demais Receitas ¿ DMAE;DEPARTAMENTO MUNICIPAL DE AGUA E ESGOTO - DMAE;17;7362.36;5000.00
03;1999992106;2022;170;Outros Recursos Não Vinculados;8;Departamento Municipal de Agua e Esgoto;Demais Receitas ¿ DMAE;DEPARTAMENTO MUNICIPAL DE AGUA E ESGOTO - DMAE;17;4501.53;3000.00
03;1999992106;2022;170;Outros Recursos Não Vinculados;9;Departamento Municipal de Agua e Esgoto;Demais Receitas ¿ DMAE;DEPARTAMENTO MUNICIPAL DE AGUA E ESGOTO - DMAE;17;9163.17;27000.00
03;1999992106;2022;170;Outros Recursos Não Vinculados;10;Departamento Municipal de Agua e Esgoto;Demais Receitas ¿ DMAE;DEPARTAMENTO MUNICIPAL DE AGUA E ESGOTO - DMAE;17;5830.04;6000.00
03;1999992106;2022;170;Outros Recursos Não Vinculados;11;Departamento Municipal de Agua e Esgoto;Demais Receitas ¿ DMAE;DEPARTAMENTO MUNICIPAL DE AGUA E ESGOTO - DMAE;17;10012.47;54000.00
03;1999992106;2022;170;Outros Recursos Não Vinculados;12;Departamento Municipal de Agua e Esgoto;Demais Receitas ¿ DMAE;DEPARTAMENTO MUNICIPAL DE AGUA E ESGOTO - DMAE;17;12464.50;8000.00
02;1999992107;2022;170;Outros Recursos Não Vinculados;1;PREFEITURA MUNICIPAL DE UBERLÂNDIA;Outras Receitas - FMSAN;SECRETARIA MUNICIPAL DE AGROPECUÁRIA E ABASTECIMEN;12;56401.28;97606.77
02;1999992107;2022;170;Outros Recursos Não Vinculados;2;PREFEITURA MUNICIPAL DE UBERLÂNDIA;Outras Receitas - FMSAN;SECRETARIA MUNICIPAL DE AGROPECUÁRIA E ABASTECIMEN;12;54646.62;104811.44
02;1999992107;2022;170;Outros Recursos Não Vinculados;3;PREFEITURA MUNICIPAL DE UBERLÂNDIA;Outras Receitas - FMSAN;SECRETARIA MUNICIPAL DE AGROPECUÁRIA E ABASTECIMEN;12;61604.83;104194.99
02;1999992107;2022;170;Outros Recursos Não Vinculados;4;PREFEITURA MUNICIPAL DE UBERLÂNDIA;Outras Receitas - FMSAN;SECRETARIA MUNICIPAL DE AGROPECUÁRIA E ABASTECIMEN;12;53288.94;103488.77
02;1999992107;2022;170;Outros Recursos Não Vinculados;5;PREFEITURA MUNICIPAL DE UBERLÂNDIA;Outras Receitas - FMSAN;SECRETARIA MUNICIPAL DE AGROPECUÁRIA E ABASTECIMEN;12;59057.08;97603.30
02;1999992107;2022;170;Outros Recursos Não Vinculados;6;PREFEITURA MUNICIPAL DE UBERLÂNDIA;Outras Receitas - FMSAN;SECRETARIA MUNICIPAL DE AGROPECUÁRIA E ABASTECIMEN;12;53854.84;99019.16
02;1999992107;2022;170;Outros Recursos Não Vinculados;7;PREFEITURA MUNICIPAL DE UBERLÂNDIA;Outras Receitas - FMSAN;SECRETARIA MUNICIPAL DE AGROPECUÁRIA E ABASTECIMEN;12;55155.85;91990.06
02;1999992107;2022;170;Outros Recursos Não Vinculados;8;PREFEITURA MUNICIPAL DE UBERLÂNDIA;Outras Receitas - FMSAN;SECRETARIA MUNICIPAL DE AGROPECUÁRIA E ABASTECIMEN;12;53233.70;79354.66
02;1999992107;2022;170;Outros Recursos Não Vinculados;9;PREFEITURA MUNICIPAL DE UBERLÂNDIA;Outras Receitas - FMSAN;SECRETARIA MUNICIPAL DE AGROPECUÁRIA E ABASTECIMEN;12;51535.27;70407.07
02;1999992107;2022;170;Outros Recursos Não Vinculados;10;PREFEITURA MUNICIPAL DE UBERLÂNDIA;Outras Receitas - FMSAN;SECRETARIA MUNICIPAL DE AGROPECUÁRIA E ABASTECIMEN;12;50573.88;90974.79
02;1999992107;2022;170;Outros Recursos Não Vinculados;11;PREFEITURA MUNICIPAL DE UBERLÂNDIA;Outras Receitas - FMSAN;SECRETARIA MUNICIPAL DE AGROPECUÁRIA E ABASTECIMEN;12;50403.52;78649.01
02;1999992107;2022;170;Outros Recursos Não Vinculados;12;PREFEITURA MUNICIPAL DE UBERLÂNDIA;Outras Receitas - FMSAN;SECRETARIA MUNICIPAL DE AGROPECUÁRIA E ABASTECIMEN;12;53348.74;81899.98
02;1999992108;2022;170;Outros Recursos Não Vinculados;1;PREFEITURA MUNICIPAL DE UBERLÂNDIA;Outras Receitas - FMHIS;SECRETARIA MUNICIPAL DE DESENVOLVIMENTO SOCIAL E T;10;0.00;83.33
02;1999992108;2022;170;Outros Recursos Não Vinculados;2;PREFEITURA MUNICIPAL DE UBERLÂNDIA;Outras Receitas - FMHIS;SECRETARIA MUNICIPAL DE DESENVOLVIMENTO SOCIAL E T;10;0.00;83.33
02;1999992108;2022;170;Outros Recursos Não Vinculados;3;PREFEITURA MUNICIPAL DE UBERLÂNDIA;Outras Receitas - FMHIS;SECRETARIA MUNICIPAL DE DESENVOLVIMENTO SOCIAL E T;10;0.00;83.33
02;1999992108;2022;170;Outros Recursos Não Vinculados;4;PREFEITURA MUNICIPAL DE UBERLÂNDIA;Outras Receitas - FMHIS;SECRETARIA MUNICIPAL DE DESENVOLVIMENTO SOCIAL E T;10;0.00;83.33
02;1999992108;2022;170;Outros Recursos Não Vinculados;5;PREFEITURA MUNICIPAL DE UBERLÂNDIA;Outras Receitas - FMHIS;SECRETARIA MUNICIPAL DE DESENVOLVIMENTO SOCIAL E T;10;0.00;83.33
02;1999992108;2022;170;Outros Recursos Não Vinculados;6;PREFEITURA MUNICIPAL DE UBERLÂNDIA;Outras Receitas - FMHIS;SECRETARIA MUNICIPAL DE DESENVOLVIMENTO SOCIAL E T;10;0.00;83.33
02;1999992108;2022;170;Outros Recursos Não Vinculados;7;PREFEITURA MUNICIPAL DE UBERLÂNDIA;Outras Receitas - FMHIS;SECRETARIA MUNICIPAL DE DESENVOLVIMENTO SOCIAL E T;10;0.00;83.33
02;1999992108;2022;170;Outros Recursos Não Vinculados;8;PREFEITURA MUNICIPAL DE UBERLÂNDIA;Outras Receitas - FMHIS;SECRETARIA MUNICIPAL DE DESENVOLVIMENTO SOCIAL E T;10;0.00;83.33
02;1999992108;2022;170;Outros Recursos Não Vinculados;9;PREFEITURA MUNICIPAL DE UBERLÂNDIA;Outras Receitas - FMHIS;SECRETARIA MUNICIPAL DE DESENVOLVIMENTO SOCIAL E T;10;0.04;83.33
02;1999992108;2022;170;Outros Recursos Não Vinculados;10;PREFEITURA MUNICIPAL DE UBERLÂNDIA;Outras Receitas - FMHIS;SECRETARIA MUNICIPAL DE DESENVOLVIMENTO SOCIAL E T;10;0.00;83.33
02;1999992108;2022;170;Outros Recursos Não Vinculados;11;PREFEITURA MUNICIPAL DE UBERLÂNDIA;Outras Receitas - FMHIS;SECRETARIA MUNICIPAL DE DESENVOLVIMENTO SOCIAL E T;10;0.00;83.33
02;1999992108;2022;170;Outros Recursos Não Vinculados;12;PREFEITURA MUNICIPAL DE UBERLÂNDIA;Outras Receitas - FMHIS;SECRETARIA MUNICIPAL DE DESENVOLVIMENTO SOCIAL E T;10;0.00;83.37
02;1999992109;2022;170;Outros Recursos Não Vinculados;1;PREFEITURA MUNICIPAL DE UBERLÂNDIA;Outras Receitas - PROCON;PROCURADORIA GERAL DO MUNICIPIO;04;812.82;213970.59
02;1999992109;2022;170;Outros Recursos Não Vinculados;2;PREFEITURA MUNICIPAL DE UBERLÂNDIA;Outras Receitas - PROCON;PROCURADORIA GERAL DO MUNICIPIO;04;812.82;213970.59
02;1999992109;2022;170;Outros Recursos Não Vinculados;3;PREFEITURA MUNICIPAL DE UBERLÂNDIA;Outras Receitas - PROCON;PROCURADORIA GERAL DO MUNICIPIO;04;0.00;0.00
02;1999992109;2022;170;Outros Recursos Não Vinculados;4;PREFEITURA MUNICIPAL DE UBERLÂNDIA;Outras Receitas - PROCON;PROCURADORIA GERAL DO MUNICIPIO;04;0.00;0.00
02;1999992109;2022;170;Outros Recursos Não Vinculados;5;PREFEITURA MUNICIPAL DE UBERLÂNDIA;Outras Receitas - PROCON;PROCURADORIA GERAL DO MUNICIPIO;04;0.00;0.00
02;1999992109;2022;170;Outros Recursos Não Vinculados;6;PREFEITURA MUNICIPAL DE UBERLÂNDIA;Outras Receitas - PROCON;PROCURADORIA GERAL DO MUNICIPIO;04;0.06;57058.82
02;1999992109;2022;170;Outros Recursos Não Vinculados;7;PREFEITURA MUNICIPAL DE UBERLÂNDIA;Outras Receitas - PROCON;PROCURADORIA GERAL DO MUNICIPIO;04;0.00;0.00
02;1999992109;2022;170;Outros Recursos Não Vinculados;8;PREFEITURA MUNICIPAL DE UBERLÂNDIA;Outras Receitas - PROCON;PROCURADORIA GERAL DO MUNICIPIO;04;0.00;0.00
02;1999992109;2022;170;Outros Recursos Não Vinculados;9;PREFEITURA MUNICIPAL DE UBERLÂNDIA;Outras Receitas - PROCON;PROCURADORIA GERAL DO MUNICIPIO;04;0.00;0.00
02;1999992109;2022;170;Outros Recursos Não Vinculados;10;PREFEITURA MUNICIPAL DE UBERLÂNDIA;Outras Receitas - PROCON;PROCURADORIA GERAL DO MUNICIPIO;04;0.00;0.00
02;1999992109;2022;170;Outros Recursos Não Vinculados;11;PREFEITURA MUNICIPAL DE UBERLÂNDIA;Outras Receitas - PROCON;PROCURADORIA GERAL DO MUNICIPIO;04;0.00;0.00
02;1999992109;2022;170;Outros Recursos Não Vinculados;12;PREFEITURA MUNICIPAL DE UBERLÂNDIA;Outras Receitas - PROCON;PROCURADORIA GERAL DO MUNICIPIO;04;0.00;0.00
02;1999992110;2022;170;Outros Recursos Não Vinculados;1;PREFEITURA MUNICIPAL DE UBERLÂNDIA;Outras Receitas - FMU;SECRETARIA MUNICIPAL DE PLANEJAMENTO URBANO;34;0.00;8750.00
02;1999992110;2022;170;Outros Recursos Não Vinculados;2;PREFEITURA MUNICIPAL DE UBERLÂNDIA;Outras Receitas - FMU;SECRETARIA MUNICIPAL DE PLANEJAMENTO URBANO;34;0.00;8750.00
02;1999992110;2022;170;Outros Recursos Não Vinculados;3;PREFEITURA MUNICIPAL DE UBERLÂNDIA;Outras Receitas - FMU;SECRETARIA MUNICIPAL DE PLANEJAMENTO URBANO;34;0.00;8750.00
02;1999992110;2022;170;Outros Recursos Não Vinculados;4;PREFEITURA MUNICIPAL DE UBERLÂNDIA;Outras Receitas - FMU;SECRETARIA MUNICIPAL DE PLANEJAMENTO URBANO;34;0.00;8750.00
02;1999992110;2022;170;Outros Recursos Não Vinculados;5;PREFEITURA MUNICIPAL DE UBERLÂNDIA;Outras Receitas - FMU;SECRETARIA MUNICIPAL DE PLANEJAMENTO URBANO;34;0.00;8750.00
02;1999992110;2022;170;Outros Recursos Não Vinculados;6;PREFEITURA MUNICIPAL DE UBERLÂNDIA;Outras Receitas - FMU;SECRETARIA MUNICIPAL DE PLANEJAMENTO URBANO;34;0.00;8750.00
02;1999992110;2022;170;Outros Recursos Não Vinculados;7;PREFEITURA MUNICIPAL DE UBERLÂNDIA;Outras Receitas - FMU;SECRETARIA MUNICIPAL DE PLANEJAMENTO URBANO;34;0.00;8750.00
02;1999992110;2022;170;Outros Recursos Não Vinculados;8;PREFEITURA MUNICIPAL DE UBERLÂNDIA;Outras Receitas - FMU;SECRETARIA MUNICIPAL DE PLANEJAMENTO URBANO;34;0.00;8750.00
02;1999992110;2022;170;Outros Recursos Não Vinculados;9;PREFEITURA MUNICIPAL DE UBERLÂNDIA;Outras Receitas - FMU;SECRETARIA MUNICIPAL DE PLANEJAMENTO URBANO;34;0.00;8750.00
02;1999992110;2022;170;Outros Recursos Não Vinculados;10;PREFEITURA MUNICIPAL DE UBERLÂNDIA;Outras Receitas - FMU;SECRETARIA MUNICIPAL DE PLANEJAMENTO URBANO;34;0.00;8750.00
02;1999992110;2022;170;Outros Recursos Não Vinculados;11;PREFEITURA MUNICIPAL DE UBERLÂNDIA;Outras Receitas - FMU;SECRETARIA MUNICIPAL DE PLANEJAMENTO URBANO;34;0.00;8750.00
02;1999992110;2022;170;Outros Recursos Não Vinculados;12;PREFEITURA MUNICIPAL DE UBERLÂNDIA;Outras Receitas - FMU;SECRETARIA MUNICIPAL DE PLANEJAMENTO URBANO;34;21304.32;8750.00
02;1999992201;2022;170;Outros Recursos Não Vinculados;1;PREFEITURA MUNICIPAL DE UBERLÂNDIA;Multas Previstas na Legislação Sanitária;SECRETARIA MUNICIPAL DE FINANÇAS;06;24421.65;4685.56
02;1999992201;2022;170;Outros Recursos Não Vinculados;2;PREFEITURA MUNICIPAL DE UBERLÂNDIA;Multas Previstas na Legislação Sanitária;SECRETARIA MUNICIPAL DE FINANÇAS;06;18763.72;4456.30
02;1999992201;2022;170;Outros Recursos Não Vinculados;3;PREFEITURA MUNICIPAL DE UBERLÂNDIA;Multas Previstas na Legislação Sanitária;SECRETARIA MUNICIPAL DE FINANÇAS;06;10302.08;14417.49
02;1999992201;2022;170;Outros Recursos Não Vinculados;4;PREFEITURA MUNICIPAL DE UBERLÂNDIA;Multas Previstas na Legislação Sanitária;SECRETARIA MUNICIPAL DE FINANÇAS;06;19259.59;16055.21
02;1999992201;2022;170;Outros Recursos Não Vinculados;5;PREFEITURA MUNICIPAL DE UBERLÂNDIA;Multas Previstas na Legislação Sanitária;SECRETARIA MUNICIPAL DE FINANÇAS;06;28716.67;9103.77
02;1999992201;2022;170;Outros Recursos Não Vinculados;6;PREFEITURA MUNICIPAL DE UBERLÂNDIA;Multas Previstas na Legislação Sanitária;SECRETARIA MUNICIPAL DE FINANÇAS;06;34564.82;15354.96
02;1999992201;2022;170;Outros Recursos Não Vinculados;7;PREFEITURA MUNICIPAL DE UBERLÂNDIA;Multas Previstas na Legislação Sanitária;SECRETARIA MUNICIPAL DE FINANÇAS;06;37635.51;7360.02
02;1999992201;2022;170;Outros Recursos Não Vinculados;8;PREFEITURA MUNICIPAL DE UBERLÂNDIA;Multas Previstas na Legislação Sanitária;SECRETARIA MUNICIPAL DE FINANÇAS;06;62152.41;11837.66
02;1999992201;2022;170;Outros Recursos Não Vinculados;9;PREFEITURA MUNICIPAL DE UBERLÂNDIA;Multas Previstas na Legislação Sanitária;SECRETARIA MUNICIPAL DE FINANÇAS;06;51178.72;7766.06
02;1999992201;2022;170;Outros Recursos Não Vinculados;10;PREFEITURA MUNICIPAL DE UBERLÂNDIA;Multas Previstas na Legislação Sanitária;SECRETARIA MUNICIPAL DE FINANÇAS;06;48867.11;8427.94
02;1999992201;2022;170;Outros Recursos Não Vinculados;11;PREFEITURA MUNICIPAL DE UBERLÂNDIA;Multas Previstas na Legislação Sanitária;SECRETARIA MUNICIPAL DE FINANÇAS;06;28275.46;15962.96
02;1999992201;2022;170;Outros Recursos Não Vinculados;12;PREFEITURA MUNICIPAL DE UBERLÂNDIA;Multas Previstas na Legislação Sanitária;SECRETARIA MUNICIPAL DE FINANÇAS;06;36065.04;6240.07
02;1999992202;2022;170;Outros Recursos Não Vinculados;1;PREFEITURA MUNICIPAL DE UBERLÂNDIA;Multas Apreensão de Animais;SECRETARIA MUNICIPAL DE FINANÇAS;06;166.11;0.00
02;1999992202;2022;170;Outros Recursos Não Vinculados;2;PREFEITURA MUNICIPAL DE UBERLÂNDIA;Multas Apreensão de Animais;SECRETARIA MUNICIPAL DE FINANÇAS;06;0.00;1000.00
02;1999992202;2022;170;Outros Recursos Não Vinculados;3;PREFEITURA MUNICIPAL DE UBERLÂNDIA;Multas Apreensão de Animais;SECRETARIA MUNICIPAL DE FINANÇAS;06;0.00;0.00
02;1999992202;2022;170;Outros Recursos Não Vinculados;4;PREFEITURA MUNICIPAL DE UBERLÂNDIA;Multas Apreensão de Animais;SECRETARIA MUNICIPAL DE FINANÇAS;06;0.00;0.00
02;1999992202;2022;170;Outros Recursos Não Vinculados;5;PREFEITURA MUNICIPAL DE UBERLÂNDIA;Multas Apreensão de Animais;SECRETARIA MUNICIPAL DE FINANÇAS;06;0.00;0.00
02;1999992202;2022;170;Outros Recursos Não Vinculados;6;PREFEITURA MUNICIPAL DE UBERLÂNDIA;Multas Apreensão de Animais;SECRETARIA MUNICIPAL DE FINANÇAS;06;0.00;0.00
02;1999992202;2022;170;Outros Recursos Não Vinculados;7;PREFEITURA MUNICIPAL DE UBERLÂNDIA;Multas Apreensão de Animais;SECRETARIA MUNICIPAL DE FINANÇAS;06;532.68;0.00
02;1999992202;2022;170;Outros Recursos Não Vinculados;8;PREFEITURA MUNICIPAL DE UBERLÂNDIA;Multas Apreensão de Animais;SECRETARIA MUNICIPAL DE FINANÇAS;06;1953.10;0.00
02;1999992202;2022;170;Outros Recursos Não Vinculados;9;PREFEITURA MUNICIPAL DE UBERLÂNDIA;Multas Apreensão de Animais;SECRETARIA MUNICIPAL DE FINANÇAS;06;1755.60;0.00
02;1999992202;2022;170;Outros Recursos Não Vinculados;10;PREFEITURA MUNICIPAL DE UBERLÂNDIA;Multas Apreensão de Animais;SECRETARIA MUNICIPAL DE FINANÇAS;06;887.80;0.00
02;1999992202;2022;170;Outros Recursos Não Vinculados;11;PREFEITURA MUNICIPAL DE UBERLÂNDIA;Multas Apreensão de Animais;SECRETARIA MUNICIPAL DE FINANÇAS;06;1598.04;0.00
02;1999992202;2022;170;Outros Recursos Não Vinculados;12;PREFEITURA MUNICIPAL DE UBERLÂNDIA;Multas Apreensão de Animais;SECRETARIA MUNICIPAL DE FINANÇAS;06;1242.92;0.00
02;1999992203;2022;170;Outros Recursos Não Vinculados;1;PREFEITURA MUNICIPAL DE UBERLÂNDIA;Outras Multas - SMC;SECRETARIA MUNICIPAL DE FINANÇAS;06;0.00;154.99
02;1999992203;2022;170;Outros Recursos Não Vinculados;2;PREFEITURA MUNICIPAL DE UBERLÂNDIA;Outras Multas - SMC;SECRETARIA MUNICIPAL DE FINANÇAS;06;0.00;26.11
02;1999992203;2022;170;Outros Recursos Não Vinculados;3;PREFEITURA MUNICIPAL DE UBERLÂNDIA;Outras Multas - SMC;SECRETARIA MUNICIPAL DE FINANÇAS;06;0.00;308.20
02;1999992203;2022;170;Outros Recursos Não Vinculados;4;PREFEITURA MUNICIPAL DE UBERLÂNDIA;Outras Multas - SMC;SECRETARIA MUNICIPAL DE FINANÇAS;06;0.00;54.51
02;1999992203;2022;170;Outros Recursos Não Vinculados;5;PREFEITURA MUNICIPAL DE UBERLÂNDIA;Outras Multas - SMC;SECRETARIA MUNICIPAL DE FINANÇAS;06;0.00;0.00
02;1999992203;2022;170;Outros Recursos Não Vinculados;6;PREFEITURA MUNICIPAL DE UBERLÂNDIA;Outras Multas - SMC;SECRETARIA MUNICIPAL DE FINANÇAS;06;0.00;0.00
02;1999992203;2022;170;Outros Recursos Não Vinculados;7;PREFEITURA MUNICIPAL DE UBERLÂNDIA;Outras Multas - SMC;SECRETARIA MUNICIPAL DE FINANÇAS;06;0.00;59.72
02;1999992203;2022;170;Outros Recursos Não Vinculados;8;PREFEITURA MUNICIPAL DE UBERLÂNDIA;Outras Multas - SMC;SECRETARIA MUNICIPAL DE FINANÇAS;06;0.00;0.00
02;1999992203;2022;170;Outros Recursos Não Vinculados;9;PREFEITURA MUNICIPAL DE UBERLÂNDIA;Outras Multas - SMC;SECRETARIA MUNICIPAL DE FINANÇAS;06;0.00;0.00
02;1999992203;2022;170;Outros Recursos Não Vinculados;10;PREFEITURA MUNICIPAL DE UBERLÂNDIA;Outras Multas - SMC;SECRETARIA MUNICIPAL DE FINANÇAS;06;0.00;300.24
02;1999992203;2022;170;Outros Recursos Não Vinculados;11;PREFEITURA MUNICIPAL DE UBERLÂNDIA;Outras Multas - SMC;SECRETARIA MUNICIPAL DE FINANÇAS;06;0.00;0.00
02;1999992203;2022;170;Outros Recursos Não Vinculados;12;PREFEITURA MUNICIPAL DE UBERLÂNDIA;Outras Multas - SMC;SECRETARIA MUNICIPAL DE FINANÇAS;06;0.00;96.23
02;1999992204;2022;170;Outros Recursos Não Vinculados;1;PREFEITURA MUNICIPAL DE UBERLÂNDIA;Outras Multas - FMPD;SECRETARIA MUNICIPAL DE PLANEJAMENTO URBANO;34;0.00;7951.56
02;1999992204;2022;170;Outros Recursos Não Vinculados;2;PREFEITURA MUNICIPAL DE UBERLÂNDIA;Outras Multas - FMPD;SECRETARIA MUNICIPAL DE PLANEJAMENTO URBANO;34;0.00;0.00
02;1999992204;2022;170;Outros Recursos Não Vinculados;3;PREFEITURA MUNICIPAL DE UBERLÂNDIA;Outras Multas - FMPD;SECRETARIA MUNICIPAL DE PLANEJAMENTO URBANO;34;0.00;0.00
02;1999992204;2022;170;Outros Recursos Não Vinculados;4;PREFEITURA MUNICIPAL DE UBERLÂNDIA;Outras Multas - FMPD;SECRETARIA MUNICIPAL DE PLANEJAMENTO URBANO;34;0.00;0.00
02;1999992204;2022;170;Outros Recursos Não Vinculados;5;PREFEITURA MUNICIPAL DE UBERLÂNDIA;Outras Multas - FMPD;SECRETARIA MUNICIPAL DE PLANEJAMENTO URBANO;34;0.00;0.00
02;1999992204;2022;170;Outros Recursos Não Vinculados;6;PREFEITURA MUNICIPAL DE UBERLÂNDIA;Outras Multas - FMPD;SECRETARIA MUNICIPAL DE PLANEJAMENTO URBANO;34;0.00;0.00
02;1999992204;2022;170;Outros Recursos Não Vinculados;7;PREFEITURA MUNICIPAL DE UBERLÂNDIA;Outras Multas - FMPD;SECRETARIA MUNICIPAL DE PLANEJAMENTO URBANO;34;0.00;0.00
02;1999992204;2022;170;Outros Recursos Não Vinculados;8;PREFEITURA MUNICIPAL DE UBERLÂNDIA;Outras Multas - FMPD;SECRETARIA MUNICIPAL DE PLANEJAMENTO URBANO;34;0.00;40736.01
02;1999992204;2022;170;Outros Recursos Não Vinculados;9;PREFEITURA MUNICIPAL DE UBERLÂNDIA;Outras Multas - FMPD;SECRETARIA MUNICIPAL DE PLANEJAMENTO URBANO;34;0.00;0.00
02;1999992204;2022;170;Outros Recursos Não Vinculados;10;PREFEITURA MUNICIPAL DE UBERLÂNDIA;Outras Multas - FMPD;SECRETARIA MUNICIPAL DE PLANEJAMENTO URBANO;34;0.00;321312.43
02;1999992204;2022;170;Outros Recursos Não Vinculados;11;PREFEITURA MUNICIPAL DE UBERLÂNDIA;Outras Multas - FMPD;SECRETARIA MUNICIPAL DE PLANEJAMENTO URBANO;34;0.00;0.00
02;1999992204;2022;170;Outros Recursos Não Vinculados;12;PREFEITURA MUNICIPAL DE UBERLÂNDIA;Outras Multas - FMPD;SECRETARIA MUNICIPAL DE PLANEJAMENTO URBANO;34;0.00;0.00
02;1999992205;2022;170;Outros Recursos Não Vinculados;1;PREFEITURA MUNICIPAL DE UBERLÂNDIA;Outras Receitas - Primárias - Multas e Juros - PMU;SECRETARIA MUNICIPAL DE FINANÇAS;06;1475.58;446.97
02;1999992205;2022;170;Outros Recursos Não Vinculados;2;PREFEITURA MUNICIPAL DE UBERLÂNDIA;Outras Receitas - Primárias - Multas e Juros - PMU;SECRETARIA MUNICIPAL DE FINANÇAS;06;1188.43;373.95
02;1999992205;2022;170;Outros Recursos Não Vinculados;3;PREFEITURA MUNICIPAL DE UBERLÂNDIA;Outras Receitas - Primárias - Multas e Juros - PMU;SECRETARIA MUNICIPAL DE FINANÇAS;06;917.77;433.76
02;1999992205;2022;170;Outros Recursos Não Vinculados;4;PREFEITURA MUNICIPAL DE UBERLÂNDIA;Outras Receitas - Primárias - Multas e Juros - PMU;SECRETARIA MUNICIPAL DE FINANÇAS;06;617.78;593.98
02;1999992205;2022;170;Outros Recursos Não Vinculados;5;PREFEITURA MUNICIPAL DE UBERLÂNDIA;Outras Receitas - Primárias - Multas e Juros - PMU;SECRETARIA MUNICIPAL DE FINANÇAS;06;1380.82;266.10
02;1999992205;2022;170;Outros Recursos Não Vinculados;6;PREFEITURA MUNICIPAL DE UBERLÂNDIA;Outras Receitas - Primárias - Multas e Juros - PMU;SECRETARIA MUNICIPAL DE FINANÇAS;06;231.23;635.22
02;1999992205;2022;170;Outros Recursos Não Vinculados;7;PREFEITURA MUNICIPAL DE UBERLÂNDIA;Outras Receitas - Primárias - Multas e Juros - PMU;SECRETARIA MUNICIPAL DE FINANÇAS;06;1037.52;1666.23
02;1999992205;2022;170;Outros Recursos Não Vinculados;8;PREFEITURA MUNICIPAL DE UBERLÂNDIA;Outras Receitas - Primárias - Multas e Juros - PMU;SECRETARIA MUNICIPAL DE FINANÇAS;06;2583.88;545.49
02;1999992205;2022;170;Outros Recursos Não Vinculados;9;PREFEITURA MUNICIPAL DE UBERLÂNDIA;Outras Receitas - Primárias - Multas e Juros - PMU;SECRETARIA MUNICIPAL DE FINANÇAS;06;2351.69;583.05
02;1999992205;2022;170;Outros Recursos Não Vinculados;10;PREFEITURA MUNICIPAL DE UBERLÂNDIA;Outras Receitas - Primárias - Multas e Juros - PMU;SECRETARIA MUNICIPAL DE FINANÇAS;06;2650.41;482.50
02;1999992205;2022;170;Outros Recursos Não Vinculados;11;PREFEITURA MUNICIPAL DE UBERLÂNDIA;Outras Receitas - Primárias - Multas e Juros - PMU;SECRETARIA MUNICIPAL DE FINANÇAS;06;1204.63;788.84
02;1999992205;2022;170;Outros Recursos Não Vinculados;12;PREFEITURA MUNICIPAL DE UBERLÂNDIA;Outras Receitas - Primárias - Multas e Juros - PMU;SECRETARIA MUNICIPAL DE FINANÇAS;06;4821.63;1307.91
03;1999992206;2022;170;Outros Recursos Não Vinculados;1;Departamento Municipal de Agua e Esgoto;Outras Receitas - Primárias - Multas e Juros - DMA;DEPARTAMENTO MUNICIPAL DE AGUA E ESGOTO - DMAE;17;381894.46;544000.00
03;1999992206;2022;170;Outros Recursos Não Vinculados;2;Departamento Municipal de Agua e Esgoto;Outras Receitas - Primárias - Multas e Juros - DMA;DEPARTAMENTO MUNICIPAL DE AGUA E ESGOTO - DMAE;17;377548.89;406000.00
03;1999992206;2022;170;Outros Recursos Não Vinculados;3;Departamento Municipal de Agua e Esgoto;Outras Receitas - Primárias - Multas e Juros - DMA;DEPARTAMENTO MUNICIPAL DE AGUA E ESGOTO - DMAE;17;469430.06;340000.00
03;1999992206;2022;170;Outros Recursos Não Vinculados;4;Departamento Municipal de Agua e Esgoto;Outras Receitas - Primárias - Multas e Juros - DMA;DEPARTAMENTO MUNICIPAL DE AGUA E ESGOTO - DMAE;17;374860.16;250000.00
03;1999992206;2022;170;Outros Recursos Não Vinculados;5;Departamento Municipal de Agua e Esgoto;Outras Receitas - Primárias - Multas e Juros - DMA;DEPARTAMENTO MUNICIPAL DE AGUA E ESGOTO - DMAE;17;398447.33;302000.00
03;1999992206;2022;170;Outros Recursos Não Vinculados;6;Departamento Municipal de Agua e Esgoto;Outras Receitas - Primárias - Multas e Juros - DMA;DEPARTAMENTO MUNICIPAL DE AGUA E ESGOTO - DMAE;17;421310.72;352000.00
03;1999992206;2022;170;Outros Recursos Não Vinculados;7;Departamento Municipal de Agua e Esgoto;Outras Receitas - Primárias - Multas e Juros - DMA;DEPARTAMENTO MUNICIPAL DE AGUA E ESGOTO - DMAE;17;405131.59;352000.00
03;1999992206;2022;170;Outros Recursos Não Vinculados;8;Departamento Municipal de Agua e Esgoto;Outras Receitas - Primárias - Multas e Juros - DMA;DEPARTAMENTO MUNICIPAL DE AGUA E ESGOTO - DMAE;17;456611.95;339000.00
03;1999992206;2022;170;Outros Recursos Não Vinculados;9;Departamento Municipal de Agua e Esgoto;Outras Receitas - Primárias - Multas e Juros - DMA;DEPARTAMENTO MUNICIPAL DE AGUA E ESGOTO - DMAE;17;435610.24;383000.00
03;1999992206;2022;170;Outros Recursos Não Vinculados;10;Departamento Municipal de Agua e Esgoto;Outras Receitas - Primárias - Multas e Juros - DMA;DEPARTAMENTO MUNICIPAL DE AGUA E ESGOTO - DMAE;17;400526.96;318000.00
03;1999992206;2022;170;Outros Recursos Não Vinculados;11;Departamento Municipal de Agua e Esgoto;Outras Receitas - Primárias - Multas e Juros - DMA;DEPARTAMENTO MUNICIPAL DE AGUA E ESGOTO - DMAE;17;406135.04;347000.00
03;1999992206;2022;170;Outros Recursos Não Vinculados;12;Departamento Municipal de Agua e Esgoto;Outras Receitas - Primárias - Multas e Juros - DMA;DEPARTAMENTO MUNICIPAL DE AGUA E ESGOTO - DMAE;17;472718.00;398000.00
02;1999992207;2022;170;Outros Recursos Não Vinculados;1;PREFEITURA MUNICIPAL DE UBERLÂNDIA;Outras Receitas - Primárias - Multas e Juros - FMH;SECRETARIA MUNICIPAL DE DESENVOLVIMENTO SOCIAL E T;10;0.00;405.93
02;1999992207;2022;170;Outros Recursos Não Vinculados;2;PREFEITURA MUNICIPAL DE UBERLÂNDIA;Outras Receitas - Primárias - Multas e Juros - FMH;SECRETARIA MUNICIPAL DE DESENVOLVIMENTO SOCIAL E T;10;0.00;1469.73
02;1999992207;2022;170;Outros Recursos Não Vinculados;3;PREFEITURA MUNICIPAL DE UBERLÂNDIA;Outras Receitas - Primárias - Multas e Juros - FMH;SECRETARIA MUNICIPAL DE DESENVOLVIMENTO SOCIAL E T;10;0.00;215.97
02;1999992207;2022;170;Outros Recursos Não Vinculados;4;PREFEITURA MUNICIPAL DE UBERLÂNDIA;Outras Receitas - Primárias - Multas e Juros - FMH;SECRETARIA MUNICIPAL DE DESENVOLVIMENTO SOCIAL E T;10;0.00;214.82
02;1999992207;2022;170;Outros Recursos Não Vinculados;5;PREFEITURA MUNICIPAL DE UBERLÂNDIA;Outras Receitas - Primárias - Multas e Juros - FMH;SECRETARIA MUNICIPAL DE DESENVOLVIMENTO SOCIAL E T;10;0.00;192.54
02;1999992207;2022;170;Outros Recursos Não Vinculados;6;PREFEITURA MUNICIPAL DE UBERLÂNDIA;Outras Receitas - Primárias - Multas e Juros - FMH;SECRETARIA MUNICIPAL DE DESENVOLVIMENTO SOCIAL E T;10;0.00;383.86
02;1999992207;2022;170;Outros Recursos Não Vinculados;7;PREFEITURA MUNICIPAL DE UBERLÂNDIA;Outras Receitas - Primárias - Multas e Juros - FMH;SECRETARIA MUNICIPAL DE DESENVOLVIMENTO SOCIAL E T;10;0.00;291.47
02;1999992207;2022;170;Outros Recursos Não Vinculados;8;PREFEITURA MUNICIPAL DE UBERLÂNDIA;Outras Receitas - Primárias - Multas e Juros - FMH;SECRETARIA MUNICIPAL DE DESENVOLVIMENTO SOCIAL E T;10;0.00;270.05
02;1999992207;2022;170;Outros Recursos Não Vinculados;9;PREFEITURA MUNICIPAL DE UBERLÂNDIA;Outras Receitas - Primárias - Multas e Juros - FMH;SECRETARIA MUNICIPAL DE DESENVOLVIMENTO SOCIAL E T;10;0.00;490.36
02;1999992207;2022;170;Outros Recursos Não Vinculados;10;PREFEITURA MUNICIPAL DE UBERLÂNDIA;Outras Receitas - Primárias - Multas e Juros - FMH;SECRETARIA MUNICIPAL DE DESENVOLVIMENTO SOCIAL E T;10;0.00;321.48
02;1999992207;2022;170;Outros Recursos Não Vinculados;11;PREFEITURA MUNICIPAL DE UBERLÂNDIA;Outras Receitas - Primárias - Multas e Juros - FMH;SECRETARIA MUNICIPAL DE DESENVOLVIMENTO SOCIAL E T;10;0.00;399.97
02;1999992207;2022;170;Outros Recursos Não Vinculados;12;PREFEITURA MUNICIPAL DE UBERLÂNDIA;Outras Receitas - Primárias - Multas e Juros - FMH;SECRETARIA MUNICIPAL DE DESENVOLVIMENTO SOCIAL E T;10;0.00;343.82
02;1999992208;2022;170;Outros Recursos Não Vinculados;1;PREFEITURA MUNICIPAL DE UBERLÂNDIA;Outras Receitas - Primárias - Multas e Juros - FMS;SECRETARIA MUNICIPAL DE AGROPECUÁRIA E ABASTECIMEN;12;0.00;45.94
02;1999992208;2022;170;Outros Recursos Não Vinculados;2;PREFEITURA MUNICIPAL DE UBERLÂNDIA;Outras Receitas - Primárias - Multas e Juros - FMS;SECRETARIA MUNICIPAL DE AGROPECUÁRIA E ABASTECIMEN;12;0.00;24.40
02;1999992208;2022;170;Outros Recursos Não Vinculados;3;PREFEITURA MUNICIPAL DE UBERLÂNDIA;Outras Receitas - Primárias - Multas e Juros - FMS;SECRETARIA MUNICIPAL DE AGROPECUÁRIA E ABASTECIMEN;12;0.00;37.85
02;1999992208;2022;170;Outros Recursos Não Vinculados;4;PREFEITURA MUNICIPAL DE UBERLÂNDIA;Outras Receitas - Primárias - Multas e Juros - FMS;SECRETARIA MUNICIPAL DE AGROPECUÁRIA E ABASTECIMEN;12;0.00;76.76
02;1999992208;2022;170;Outros Recursos Não Vinculados;5;PREFEITURA MUNICIPAL DE UBERLÂNDIA;Outras Receitas - Primárias - Multas e Juros - FMS;SECRETARIA MUNICIPAL DE AGROPECUÁRIA E ABASTECIMEN;12;0.00;88.93
02;1999992208;2022;170;Outros Recursos Não Vinculados;6;PREFEITURA MUNICIPAL DE UBERLÂNDIA;Outras Receitas - Primárias - Multas e Juros - FMS;SECRETARIA MUNICIPAL DE AGROPECUÁRIA E ABASTECIMEN;12;0.00;114.84
02;1999992208;2022;170;Outros Recursos Não Vinculados;7;PREFEITURA MUNICIPAL DE UBERLÂNDIA;Outras Receitas - Primárias - Multas e Juros - FMS;SECRETARIA MUNICIPAL DE AGROPECUÁRIA E ABASTECIMEN;12;0.00;103.56
02;1999992208;2022;170;Outros Recursos Não Vinculados;8;PREFEITURA MUNICIPAL DE UBERLÂNDIA;Outras Receitas - Primárias - Multas e Juros - FMS;SECRETARIA MUNICIPAL DE AGROPECUÁRIA E ABASTECIMEN;12;0.00;118.97
02;1999992208;2022;170;Outros Recursos Não Vinculados;9;PREFEITURA MUNICIPAL DE UBERLÂNDIA;Outras Receitas - Primárias - Multas e Juros - FMS;SECRETARIA MUNICIPAL DE AGROPECUÁRIA E ABASTECIMEN;12;0.00;146.74
02;1999992208;2022;170;Outros Recursos Não Vinculados;10;PREFEITURA MUNICIPAL DE UBERLÂNDIA;Outras Receitas - Primárias - Multas e Juros - FMS;SECRETARIA MUNICIPAL DE AGROPECUÁRIA E ABASTECIMEN;12;0.00;148.12
02;1999992208;2022;170;Outros Recursos Não Vinculados;11;PREFEITURA MUNICIPAL DE UBERLÂNDIA;Outras Receitas - Primárias - Multas e Juros - FMS;SECRETARIA MUNICIPAL DE AGROPECUÁRIA E ABASTECIMEN;12;0.00;55.85
02;1999992208;2022;170;Outros Recursos Não Vinculados;12;PREFEITURA MUNICIPAL DE UBERLÂNDIA;Outras Receitas - Primárias - Multas e Juros - FMS;SECRETARIA MUNICIPAL DE AGROPECUÁRIA E ABASTECIMEN;12;0.00;38.04
02;1999992209;2022;170;Outros Recursos Não Vinculados;1;PREFEITURA MUNICIPAL DE UBERLÂNDIA;Outras Receitas - Primárias - Multas e Juros - FMD;SECRETARIA MUNICIPAL DE MEIO AMBIENTE;03;0.00;187.50
02;1999992209;2022;170;Outros Recursos Não Vinculados;2;PREFEITURA MUNICIPAL DE UBERLÂNDIA;Outras Receitas - Primárias - Multas e Juros - FMD;SECRETARIA MUNICIPAL DE MEIO AMBIENTE;03;0.00;41.71
02;1999992209;2022;170;Outros Recursos Não Vinculados;3;PREFEITURA MUNICIPAL DE UBERLÂNDIA;Outras Receitas - Primárias - Multas e Juros - FMD;SECRETARIA MUNICIPAL DE MEIO AMBIENTE;03;0.00;78.29
02;1999992209;2022;170;Outros Recursos Não Vinculados;4;PREFEITURA MUNICIPAL DE UBERLÂNDIA;Outras Receitas - Primárias - Multas e Juros - FMD;SECRETARIA MUNICIPAL DE MEIO AMBIENTE;03;0.00;0.00
02;1999992209;2022;170;Outros Recursos Não Vinculados;5;PREFEITURA MUNICIPAL DE UBERLÂNDIA;Outras Receitas - Primárias - Multas e Juros - FMD;SECRETARIA MUNICIPAL DE MEIO AMBIENTE;03;0.00;0.00
02;1999992209;2022;170;Outros Recursos Não Vinculados;6;PREFEITURA MUNICIPAL DE UBERLÂNDIA;Outras Receitas - Primárias - Multas e Juros - FMD;SECRETARIA MUNICIPAL DE MEIO AMBIENTE;03;0.00;839.99
02;1999992209;2022;170;Outros Recursos Não Vinculados;7;PREFEITURA MUNICIPAL DE UBERLÂNDIA;Outras Receitas - Primárias - Multas e Juros - FMD;SECRETARIA MUNICIPAL DE MEIO AMBIENTE;03;0.00;13900.91
02;1999992209;2022;170;Outros Recursos Não Vinculados;8;PREFEITURA MUNICIPAL DE UBERLÂNDIA;Outras Receitas - Primárias - Multas e Juros - FMD;SECRETARIA MUNICIPAL DE MEIO AMBIENTE;03;0.00;0.00
02;1999992209;2022;170;Outros Recursos Não Vinculados;9;PREFEITURA MUNICIPAL DE UBERLÂNDIA;Outras Receitas - Primárias - Multas e Juros - FMD;SECRETARIA MUNICIPAL DE MEIO AMBIENTE;03;0.00;32910.70
02;1999992209;2022;170;Outros Recursos Não Vinculados;10;PREFEITURA MUNICIPAL DE UBERLÂNDIA;Outras Receitas - Primárias - Multas e Juros - FMD;SECRETARIA MUNICIPAL DE MEIO AMBIENTE;03;0.00;31405.97
02;1999992209;2022;170;Outros Recursos Não Vinculados;11;PREFEITURA MUNICIPAL DE UBERLÂNDIA;Outras Receitas - Primárias - Multas e Juros - FMD;SECRETARIA MUNICIPAL DE MEIO AMBIENTE;03;0.00;634.93
02;1999992209;2022;170;Outros Recursos Não Vinculados;12;PREFEITURA MUNICIPAL DE UBERLÂNDIA;Outras Receitas - Primárias - Multas e Juros - FMD;SECRETARIA MUNICIPAL DE MEIO AMBIENTE;03;0.00;0.00
02;1999992210;2022;170;Outros Recursos Não Vinculados;1;PREFEITURA MUNICIPAL DE UBERLÂNDIA;Outras Receitas - Primárias - Multas e Juros - FMP;PROCURADORIA GERAL DO MUNICIPIO;04;0.00;0.00
02;1999992210;2022;170;Outros Recursos Não Vinculados;2;PREFEITURA MUNICIPAL DE UBERLÂNDIA;Outras Receitas - Primárias - Multas e Juros - FMP;PROCURADORIA GERAL DO MUNICIPIO;04;0.00;0.00
02;1999992210;2022;170;Outros Recursos Não Vinculados;3;PREFEITURA MUNICIPAL DE UBERLÂNDIA;Outras Receitas - Primárias - Multas e Juros - FMP;PROCURADORIA GERAL DO MUNICIPIO;04;0.00;0.00
02;1999992210;2022;170;Outros Recursos Não Vinculados;4;PREFEITURA MUNICIPAL DE UBERLÂNDIA;Outras Receitas - Primárias - Multas e Juros - FMP;PROCURADORIA GERAL DO MUNICIPIO;04;0.00;1573.11
02;1999992210;2022;170;Outros Recursos Não Vinculados;5;PREFEITURA MUNICIPAL DE UBERLÂNDIA;Outras Receitas - Primárias - Multas e Juros - FMP;PROCURADORIA GERAL DO MUNICIPIO;04;0.00;0.00
02;1999992210;2022;170;Outros Recursos Não Vinculados;6;PREFEITURA MUNICIPAL DE UBERLÂNDIA;Outras Receitas - Primárias - Multas e Juros - FMP;PROCURADORIA GERAL DO MUNICIPIO;04;0.00;0.00
02;1999992210;2022;170;Outros Recursos Não Vinculados;7;PREFEITURA MUNICIPAL DE UBERLÂNDIA;Outras Receitas - Primárias - Multas e Juros - FMP;PROCURADORIA GERAL DO MUNICIPIO;04;0.00;392032.03
02;1999992210;2022;170;Outros Recursos Não Vinculados;8;PREFEITURA MUNICIPAL DE UBERLÂNDIA;Outras Receitas - Primárias - Multas e Juros - FMP;PROCURADORIA GERAL DO MUNICIPIO;04;0.00;0.00
02;1999992210;2022;170;Outros Recursos Não Vinculados;9;PREFEITURA MUNICIPAL DE UBERLÂNDIA;Outras Receitas - Primárias - Multas e Juros - FMP;PROCURADORIA GERAL DO MUNICIPIO;04;0.00;0.00
02;1999992210;2022;170;Outros Recursos Não Vinculados;10;PREFEITURA MUNICIPAL DE UBERLÂNDIA;Outras Receitas - Primárias - Multas e Juros - FMP;PROCURADORIA GERAL DO MUNICIPIO;04;0.00;0.00
02;1999992210;2022;170;Outros Recursos Não Vinculados;11;PREFEITURA MUNICIPAL DE UBERLÂNDIA;Outras Receitas - Primárias - Multas e Juros - FMP;PROCURADORIA GERAL DO MUNICIPIO;04;0.00;0.00
02;1999992210;2022;170;Outros Recursos Não Vinculados;12;PREFEITURA MUNICIPAL DE UBERLÂNDIA;Outras Receitas - Primárias - Multas e Juros - FMP;PROCURADORIA GERAL DO MUNICIPIO;04;0.00;1394.86
02;1999992211;2022;170;Outros Recursos Não Vinculados;1;PREFEITURA MUNICIPAL DE UBERLÂNDIA;Outras Receitas - Primárias - Multas e Juros - FMT;SECRETARIA MUNICIPAL DE TRÂNSITO E TRANSPORTES;15;1.47;245.31
02;1999992211;2022;170;Outros Recursos Não Vinculados;2;PREFEITURA MUNICIPAL DE UBERLÂNDIA;Outras Receitas - Primárias - Multas e Juros - FMT;SECRETARIA MUNICIPAL DE TRÂNSITO E TRANSPORTES;15;1.47;11452.89
02;1999992211;2022;170;Outros Recursos Não Vinculados;3;PREFEITURA MUNICIPAL DE UBERLÂNDIA;Outras Receitas - Primárias - Multas e Juros - FMT;SECRETARIA MUNICIPAL DE TRÂNSITO E TRANSPORTES;15;0.00;9810.05
02;1999992211;2022;170;Outros Recursos Não Vinculados;4;PREFEITURA MUNICIPAL DE UBERLÂNDIA;Outras Receitas - Primárias - Multas e Juros - FMT;SECRETARIA MUNICIPAL DE TRÂNSITO E TRANSPORTES;15;0.00;177.90
02;1999992211;2022;170;Outros Recursos Não Vinculados;5;PREFEITURA MUNICIPAL DE UBERLÂNDIA;Outras Receitas - Primárias - Multas e Juros - FMT;SECRETARIA MUNICIPAL DE TRÂNSITO E TRANSPORTES;15;0.00;224.42
02;1999992211;2022;170;Outros Recursos Não Vinculados;6;PREFEITURA MUNICIPAL DE UBERLÂNDIA;Outras Receitas - Primárias - Multas e Juros - FMT;SECRETARIA MUNICIPAL DE TRÂNSITO E TRANSPORTES;15;0.00;11612.38
02;1999992211;2022;170;Outros Recursos Não Vinculados;7;PREFEITURA MUNICIPAL DE UBERLÂNDIA;Outras Receitas - Primárias - Multas e Juros - FMT;SECRETARIA MUNICIPAL DE TRÂNSITO E TRANSPORTES;15;0.00;1660.56
02;1999992211;2022;170;Outros Recursos Não Vinculados;8;PREFEITURA MUNICIPAL DE UBERLÂNDIA;Outras Receitas - Primárias - Multas e Juros - FMT;SECRETARIA MUNICIPAL DE TRÂNSITO E TRANSPORTES;15;0.49;32815.25
02;1999992211;2022;170;Outros Recursos Não Vinculados;9;PREFEITURA MUNICIPAL DE UBERLÂNDIA;Outras Receitas - Primárias - Multas e Juros - FMT;SECRETARIA MUNICIPAL DE TRÂNSITO E TRANSPORTES;15;1.07;9925.47
02;1999992211;2022;170;Outros Recursos Não Vinculados;10;PREFEITURA MUNICIPAL DE UBERLÂNDIA;Outras Receitas - Primárias - Multas e Juros - FMT;SECRETARIA MUNICIPAL DE TRÂNSITO E TRANSPORTES;15;0.00;10646.55
02;1999992211;2022;170;Outros Recursos Não Vinculados;11;PREFEITURA MUNICIPAL DE UBERLÂNDIA;Outras Receitas - Primárias - Multas e Juros - FMT;SECRETARIA MUNICIPAL DE TRÂNSITO E TRANSPORTES;15;0.48;10900.51
02;1999992211;2022;170;Outros Recursos Não Vinculados;12;PREFEITURA MUNICIPAL DE UBERLÂNDIA;Outras Receitas - Primárias - Multas e Juros - FMT;SECRETARIA MUNICIPAL DE TRÂNSITO E TRANSPORTES;15;0.00;528.71
02;1999992212;2022;170;Outros Recursos Não Vinculados;1;PREFEITURA MUNICIPAL DE UBERLÂNDIA;Outras Multas - Obtenção de Alvará;SECRETARIA MUNICIPAL DE FINANÇAS;06;0.00;474.48
02;1999992212;2022;170;Outros Recursos Não Vinculados;2;PREFEITURA MUNICIPAL DE UBERLÂNDIA;Outras Multas - Obtenção de Alvará;SECRETARIA MUNICIPAL DE FINANÇAS;06;0.00;14.30
02;1999992212;2022;170;Outros Recursos Não Vinculados;3;PREFEITURA MUNICIPAL DE UBERLÂNDIA;Outras Multas - Obtenção de Alvará;SECRETARIA MUNICIPAL DE FINANÇAS;06;0.00;68.05
02;1999992212;2022;170;Outros Recursos Não Vinculados;4;PREFEITURA MUNICIPAL DE UBERLÂNDIA;Outras Multas - Obtenção de Alvará;SECRETARIA MUNICIPAL DE FINANÇAS;06;0.00;306.69
02;1999992212;2022;170;Outros Recursos Não Vinculados;5;PREFEITURA MUNICIPAL DE UBERLÂNDIA;Outras Multas - Obtenção de Alvará;SECRETARIA MUNICIPAL DE FINANÇAS;06;0.00;39.25
02;1999992212;2022;170;Outros Recursos Não Vinculados;6;PREFEITURA MUNICIPAL DE UBERLÂNDIA;Outras Multas - Obtenção de Alvará;SECRETARIA MUNICIPAL DE FINANÇAS;06;0.00;15.14
02;1999992212;2022;170;Outros Recursos Não Vinculados;7;PREFEITURA MUNICIPAL DE UBERLÂNDIA;Outras Multas - Obtenção de Alvará;SECRETARIA MUNICIPAL DE FINANÇAS;06;0.00;131.62
02;1999992212;2022;170;Outros Recursos Não Vinculados;8;PREFEITURA MUNICIPAL DE UBERLÂNDIA;Outras Multas - Obtenção de Alvará;SECRETARIA MUNICIPAL DE FINANÇAS;06;0.00;30.40
02;1999992212;2022;170;Outros Recursos Não Vinculados;9;PREFEITURA MUNICIPAL DE UBERLÂNDIA;Outras Multas - Obtenção de Alvará;SECRETARIA MUNICIPAL DE FINANÇAS;06;0.00;40.31
02;1999992212;2022;170;Outros Recursos Não Vinculados;10;PREFEITURA MUNICIPAL DE UBERLÂNDIA;Outras Multas - Obtenção de Alvará;SECRETARIA MUNICIPAL DE FINANÇAS;06;0.00;63.82
02;1999992212;2022;170;Outros Recursos Não Vinculados;11;PREFEITURA MUNICIPAL DE UBERLÂNDIA;Outras Multas - Obtenção de Alvará;SECRETARIA MUNICIPAL DE FINANÇAS;06;0.00;9.85
02;1999992212;2022;170;Outros Recursos Não Vinculados;12;PREFEITURA MUNICIPAL DE UBERLÂNDIA;Outras Multas - Obtenção de Alvará;SECRETARIA MUNICIPAL DE FINANÇAS;06;0.00;49.09
02;1999992301;2022;170;Outros Recursos Não Vinculados;1;PREFEITURA MUNICIPAL DE UBERLÂNDIA;Outras Receitas - Primárias - Dívida Ativa - PMU;SECRETARIA MUNICIPAL DE FINANÇAS;06;35804.51;53962.09
02;1999992301;2022;170;Outros Recursos Não Vinculados;2;PREFEITURA MUNICIPAL DE UBERLÂNDIA;Outras Receitas - Primárias - Dívida Ativa - PMU;SECRETARIA MUNICIPAL DE FINANÇAS;06;30492.69;50968.85
02;1999992301;2022;170;Outros Recursos Não Vinculados;3;PREFEITURA MUNICIPAL DE UBERLÂNDIA;Outras Receitas - Primárias - Dívida Ativa - PMU;SECRETARIA MUNICIPAL DE FINANÇAS;06;22883.56;45456.17
02;1999992301;2022;170;Outros Recursos Não Vinculados;4;PREFEITURA MUNICIPAL DE UBERLÂNDIA;Outras Receitas - Primárias - Dívida Ativa - PMU;SECRETARIA MUNICIPAL DE FINANÇAS;06;17657.22;46659.11
02;1999992301;2022;170;Outros Recursos Não Vinculados;5;PREFEITURA MUNICIPAL DE UBERLÂNDIA;Outras Receitas - Primárias - Dívida Ativa - PMU;SECRETARIA MUNICIPAL DE FINANÇAS;06;14841.37;39993.11
02;1999992301;2022;170;Outros Recursos Não Vinculados;6;PREFEITURA MUNICIPAL DE UBERLÂNDIA;Outras Receitas - Primárias - Dívida Ativa - PMU;SECRETARIA MUNICIPAL DE FINANÇAS;06;17437.07;42179.80
02;1999992301;2022;170;Outros Recursos Não Vinculados;7;PREFEITURA MUNICIPAL DE UBERLÂNDIA;Outras Receitas - Primárias - Dívida Ativa - PMU;SECRETARIA MUNICIPAL DE FINANÇAS;06;12328.46;61683.91
02;1999992301;2022;170;Outros Recursos Não Vinculados;8;PREFEITURA MUNICIPAL DE UBERLÂNDIA;Outras Receitas - Primárias - Dívida Ativa - PMU;SECRETARIA MUNICIPAL DE FINANÇAS;06;16518.18;37587.38
02;1999992301;2022;170;Outros Recursos Não Vinculados;9;PREFEITURA MUNICIPAL DE UBERLÂNDIA;Outras Receitas - Primárias - Dívida Ativa - PMU;SECRETARIA MUNICIPAL DE FINANÇAS;06;13667.97;41523.43
02;1999992301;2022;170;Outros Recursos Não Vinculados;10;PREFEITURA MUNICIPAL DE UBERLÂNDIA;Outras Receitas - Primárias - Dívida Ativa - PMU;SECRETARIA MUNICIPAL DE FINANÇAS;06;36891.21;69712.06
02;1999992301;2022;170;Outros Recursos Não Vinculados;11;PREFEITURA MUNICIPAL DE UBERLÂNDIA;Outras Receitas - Primárias - Dívida Ativa - PMU;SECRETARIA MUNICIPAL DE FINANÇAS;06;34091.64;42130.03
02;1999992301;2022;170;Outros Recursos Não Vinculados;12;PREFEITURA MUNICIPAL DE UBERLÂNDIA;Outras Receitas - Primárias - Dívida Ativa - PMU;SECRETARIA MUNICIPAL DE FINANÇAS;06;30323.25;29285.06
03;1999992302;2022;170;Outros Recursos Não Vinculados;1;Departamento Municipal de Agua e Esgoto;Outras Receitas - Primárias - Dívida Ativa - DMAE;DEPARTAMENTO MUNICIPAL DE AGUA E ESGOTO - DMAE;17;571709.70;7528000.00
03;1999992302;2022;170;Outros Recursos Não Vinculados;2;Departamento Municipal de Agua e Esgoto;Outras Receitas - Primárias - Dívida Ativa - DMAE;DEPARTAMENTO MUNICIPAL DE AGUA E ESGOTO - DMAE;17;1207595.58;3432000.00
03;1999992302;2022;170;Outros Recursos Não Vinculados;3;Departamento Municipal de Agua e Esgoto;Outras Receitas - Primárias - Dívida Ativa - DMAE;DEPARTAMENTO MUNICIPAL DE AGUA E ESGOTO - DMAE;17;1503669.17;1518000.00
03;1999992302;2022;170;Outros Recursos Não Vinculados;4;Departamento Municipal de Agua e Esgoto;Outras Receitas - Primárias - Dívida Ativa - DMAE;DEPARTAMENTO MUNICIPAL DE AGUA E ESGOTO - DMAE;17;935786.87;368000.00
03;1999992302;2022;170;Outros Recursos Não Vinculados;5;Departamento Municipal de Agua e Esgoto;Outras Receitas - Primárias - Dívida Ativa - DMAE;DEPARTAMENTO MUNICIPAL DE AGUA E ESGOTO - DMAE;17;538396.21;348000.00
03;1999992302;2022;170;Outros Recursos Não Vinculados;6;Departamento Municipal de Agua e Esgoto;Outras Receitas - Primárias - Dívida Ativa - DMAE;DEPARTAMENTO MUNICIPAL DE AGUA E ESGOTO - DMAE;17;585493.77;346000.00
03;1999992302;2022;170;Outros Recursos Não Vinculados;7;Departamento Municipal de Agua e Esgoto;Outras Receitas - Primárias - Dívida Ativa - DMAE;DEPARTAMENTO MUNICIPAL DE AGUA E ESGOTO - DMAE;17;496566.09;1204000.00
03;1999992302;2022;170;Outros Recursos Não Vinculados;8;Departamento Municipal de Agua e Esgoto;Outras Receitas - Primárias - Dívida Ativa - DMAE;DEPARTAMENTO MUNICIPAL DE AGUA E ESGOTO - DMAE;17;442659.27;332000.00
03;1999992302;2022;170;Outros Recursos Não Vinculados;9;Departamento Municipal de Agua e Esgoto;Outras Receitas - Primárias - Dívida Ativa - DMAE;DEPARTAMENTO MUNICIPAL DE AGUA E ESGOTO - DMAE;17;405759.43;293000.00
03;1999992302;2022;170;Outros Recursos Não Vinculados;10;Departamento Municipal de Agua e Esgoto;Outras Receitas - Primárias - Dívida Ativa - DMAE;DEPARTAMENTO MUNICIPAL DE AGUA E ESGOTO - DMAE;17;512276.40;289000.00
03;1999992302;2022;170;Outros Recursos Não Vinculados;11;Departamento Municipal de Agua e Esgoto;Outras Receitas - Primárias - Dívida Ativa - DMAE;DEPARTAMENTO MUNICIPAL DE AGUA E ESGOTO - DMAE;17;340475.59;273000.00
03;1999992302;2022;170;Outros Recursos Não Vinculados;12;Departamento Municipal de Agua e Esgoto;Outras Receitas - Primárias - Dívida Ativa - DMAE;DEPARTAMENTO MUNICIPAL DE AGUA E ESGOTO - DMAE;17;403458.43;259000.00
02;1999992303;2022;170;Outros Recursos Não Vinculados;1;PREFEITURA MUNICIPAL DE UBERLÂNDIA;Outras Receitas - Primárias - Dívida Ativa - FUMHI;SECRETARIA MUNICIPAL DE DESENVOLVIMENTO SOCIAL E T;10;0.00;2596.40
02;1999992303;2022;170;Outros Recursos Não Vinculados;2;PREFEITURA MUNICIPAL DE UBERLÂNDIA;Outras Receitas - Primárias - Dívida Ativa - FUMHI;SECRETARIA MUNICIPAL DE DESENVOLVIMENTO SOCIAL E T;10;0.00;3632.32
02;1999992303;2022;170;Outros Recursos Não Vinculados;3;PREFEITURA MUNICIPAL DE UBERLÂNDIA;Outras Receitas - Primárias - Dívida Ativa - FUMHI;SECRETARIA MUNICIPAL DE DESENVOLVIMENTO SOCIAL E T;10;194.46;955.09
02;1999992303;2022;170;Outros Recursos Não Vinculados;4;PREFEITURA MUNICIPAL DE UBERLÂNDIA;Outras Receitas - Primárias - Dívida Ativa - FUMHI;SECRETARIA MUNICIPAL DE DESENVOLVIMENTO SOCIAL E T;10;0.00;12727.09
02;1999992303;2022;170;Outros Recursos Não Vinculados;5;PREFEITURA MUNICIPAL DE UBERLÂNDIA;Outras Receitas - Primárias - Dívida Ativa - FUMHI;SECRETARIA MUNICIPAL DE DESENVOLVIMENTO SOCIAL E T;10;0.00;4664.26
02;1999992303;2022;170;Outros Recursos Não Vinculados;6;PREFEITURA MUNICIPAL DE UBERLÂNDIA;Outras Receitas - Primárias - Dívida Ativa - FUMHI;SECRETARIA MUNICIPAL DE DESENVOLVIMENTO SOCIAL E T;10;0.00;416.77
02;1999992303;2022;170;Outros Recursos Não Vinculados;7;PREFEITURA MUNICIPAL DE UBERLÂNDIA;Outras Receitas - Primárias - Dívida Ativa - FUMHI;SECRETARIA MUNICIPAL DE DESENVOLVIMENTO SOCIAL E T;10;228.04;11696.80
02;1999992303;2022;170;Outros Recursos Não Vinculados;8;PREFEITURA MUNICIPAL DE UBERLÂNDIA;Outras Receitas - Primárias - Dívida Ativa - FUMHI;SECRETARIA MUNICIPAL DE DESENVOLVIMENTO SOCIAL E T;10;0.00;10744.25
02;1999992303;2022;170;Outros Recursos Não Vinculados;9;PREFEITURA MUNICIPAL DE UBERLÂNDIA;Outras Receitas - Primárias - Dívida Ativa - FUMHI;SECRETARIA MUNICIPAL DE DESENVOLVIMENTO SOCIAL E T;10;0.00;383.95
02;1999992303;2022;170;Outros Recursos Não Vinculados;10;PREFEITURA MUNICIPAL DE UBERLÂNDIA;Outras Receitas - Primárias - Dívida Ativa - FUMHI;SECRETARIA MUNICIPAL DE DESENVOLVIMENTO SOCIAL E T;10;432.58;337.08
02;1999992303;2022;170;Outros Recursos Não Vinculados;11;PREFEITURA MUNICIPAL DE UBERLÂNDIA;Outras Receitas - Primárias - Dívida Ativa - FUMHI;SECRETARIA MUNICIPAL DE DESENVOLVIMENTO SOCIAL E T;10;0.00;533.71
02;1999992303;2022;170;Outros Recursos Não Vinculados;12;PREFEITURA MUNICIPAL DE UBERLÂNDIA;Outras Receitas - Primárias - Dívida Ativa - FUMHI;SECRETARIA MUNICIPAL DE DESENVOLVIMENTO SOCIAL E T;10;0.00;1312.28
02;1999992304;2022;170;Outros Recursos Não Vinculados;1;PREFEITURA MUNICIPAL DE UBERLÂNDIA;Outras Receitas - Primárias - Dívida Ativa - FMSAN;SECRETARIA MUNICIPAL DE AGROPECUÁRIA E ABASTECIMEN;12;0.00;228.29
02;1999992304;2022;170;Outros Recursos Não Vinculados;2;PREFEITURA MUNICIPAL DE UBERLÂNDIA;Outras Receitas - Primárias - Dívida Ativa - FMSAN;SECRETARIA MUNICIPAL DE AGROPECUÁRIA E ABASTECIMEN;12;0.00;78.43
02;1999992304;2022;170;Outros Recursos Não Vinculados;3;PREFEITURA MUNICIPAL DE UBERLÂNDIA;Outras Receitas - Primárias - Dívida Ativa - FMSAN;SECRETARIA MUNICIPAL DE AGROPECUÁRIA E ABASTECIMEN;12;0.00;93.76
02;1999992304;2022;170;Outros Recursos Não Vinculados;4;PREFEITURA MUNICIPAL DE UBERLÂNDIA;Outras Receitas - Primárias - Dívida Ativa - FMSAN;SECRETARIA MUNICIPAL DE AGROPECUÁRIA E ABASTECIMEN;12;0.00;74.36
02;1999992304;2022;170;Outros Recursos Não Vinculados;5;PREFEITURA MUNICIPAL DE UBERLÂNDIA;Outras Receitas - Primárias - Dívida Ativa - FMSAN;SECRETARIA MUNICIPAL DE AGROPECUÁRIA E ABASTECIMEN;12;0.00;46.18
02;1999992304;2022;170;Outros Recursos Não Vinculados;6;PREFEITURA MUNICIPAL DE UBERLÂNDIA;Outras Receitas - Primárias - Dívida Ativa - FMSAN;SECRETARIA MUNICIPAL DE AGROPECUÁRIA E ABASTECIMEN;12;0.00;83.38
02;1999992304;2022;170;Outros Recursos Não Vinculados;7;PREFEITURA MUNICIPAL DE UBERLÂNDIA;Outras Receitas - Primárias - Dívida Ativa - FMSAN;SECRETARIA MUNICIPAL DE AGROPECUÁRIA E ABASTECIMEN;12;0.00;137.52
02;1999992304;2022;170;Outros Recursos Não Vinculados;8;PREFEITURA MUNICIPAL DE UBERLÂNDIA;Outras Receitas - Primárias - Dívida Ativa - FMSAN;SECRETARIA MUNICIPAL DE AGROPECUÁRIA E ABASTECIMEN;12;0.00;54.76
02;1999992304;2022;170;Outros Recursos Não Vinculados;9;PREFEITURA MUNICIPAL DE UBERLÂNDIA;Outras Receitas - Primárias - Dívida Ativa - FMSAN;SECRETARIA MUNICIPAL DE AGROPECUÁRIA E ABASTECIMEN;12;0.00;46.44
02;1999992304;2022;170;Outros Recursos Não Vinculados;10;PREFEITURA MUNICIPAL DE UBERLÂNDIA;Outras Receitas - Primárias - Dívida Ativa - FMSAN;SECRETARIA MUNICIPAL DE AGROPECUÁRIA E ABASTECIMEN;12;0.00;64.00
02;1999992304;2022;170;Outros Recursos Não Vinculados;11;PREFEITURA MUNICIPAL DE UBERLÂNDIA;Outras Receitas - Primárias - Dívida Ativa - FMSAN;SECRETARIA MUNICIPAL DE AGROPECUÁRIA E ABASTECIMEN;12;0.00;30.55
02;1999992304;2022;170;Outros Recursos Não Vinculados;12;PREFEITURA MUNICIPAL DE UBERLÂNDIA;Outras Receitas - Primárias - Dívida Ativa - FMSAN;SECRETARIA MUNICIPAL DE AGROPECUÁRIA E ABASTECIMEN;12;0.00;62.33
02;1999992305;2022;170;Outros Recursos Não Vinculados;1;PREFEITURA MUNICIPAL DE UBERLÂNDIA;Outras Receitas - Primárias - Dívida Ativa - FMDA;SECRETARIA MUNICIPAL DE MEIO AMBIENTE;03;0.00;4478.81
02;1999992305;2022;170;Outros Recursos Não Vinculados;2;PREFEITURA MUNICIPAL DE UBERLÂNDIA;Outras Receitas - Primárias - Dívida Ativa - FMDA;SECRETARIA MUNICIPAL DE MEIO AMBIENTE;03;0.00;1795.61
02;1999992305;2022;170;Outros Recursos Não Vinculados;3;PREFEITURA MUNICIPAL DE UBERLÂNDIA;Outras Receitas - Primárias - Dívida Ativa - FMDA;SECRETARIA MUNICIPAL DE MEIO AMBIENTE;03;0.00;5442.35
02;1999992305;2022;170;Outros Recursos Não Vinculados;4;PREFEITURA MUNICIPAL DE UBERLÂNDIA;Outras Receitas - Primárias - Dívida Ativa - FMDA;SECRETARIA MUNICIPAL DE MEIO AMBIENTE;03;0.00;13283.20
02;1999992305;2022;170;Outros Recursos Não Vinculados;5;PREFEITURA MUNICIPAL DE UBERLÂNDIA;Outras Receitas - Primárias - Dívida Ativa - FMDA;SECRETARIA MUNICIPAL DE MEIO AMBIENTE;03;0.00;6641.70
02;1999992305;2022;170;Outros Recursos Não Vinculados;6;PREFEITURA MUNICIPAL DE UBERLÂNDIA;Outras Receitas - Primárias - Dívida Ativa - FMDA;SECRETARIA MUNICIPAL DE MEIO AMBIENTE;03;0.00;65609.05
02;1999992305;2022;170;Outros Recursos Não Vinculados;7;PREFEITURA MUNICIPAL DE UBERLÂNDIA;Outras Receitas - Primárias - Dívida Ativa - FMDA;SECRETARIA MUNICIPAL DE MEIO AMBIENTE;03;0.00;8021.42
02;1999992305;2022;170;Outros Recursos Não Vinculados;8;PREFEITURA MUNICIPAL DE UBERLÂNDIA;Outras Receitas - Primárias - Dívida Ativa - FMDA;SECRETARIA MUNICIPAL DE MEIO AMBIENTE;03;0.00;456.48
02;1999992305;2022;170;Outros Recursos Não Vinculados;9;PREFEITURA MUNICIPAL DE UBERLÂNDIA;Outras Receitas - Primárias - Dívida Ativa - FMDA;SECRETARIA MUNICIPAL DE MEIO AMBIENTE;03;0.00;2865.07
02;1999992305;2022;170;Outros Recursos Não Vinculados;10;PREFEITURA MUNICIPAL DE UBERLÂNDIA;Outras Receitas - Primárias - Dívida Ativa - FMDA;SECRETARIA MUNICIPAL DE MEIO AMBIENTE;03;0.00;7093.44
02;1999992305;2022;170;Outros Recursos Não Vinculados;11;PREFEITURA MUNICIPAL DE UBERLÂNDIA;Outras Receitas - Primárias - Dívida Ativa - FMDA;SECRETARIA MUNICIPAL DE MEIO AMBIENTE;03;0.00;1431.62
02;1999992305;2022;170;Outros Recursos Não Vinculados;12;PREFEITURA MUNICIPAL DE UBERLÂNDIA;Outras Receitas - Primárias - Dívida Ativa - FMDA;SECRETARIA MUNICIPAL DE MEIO AMBIENTE;03;0.00;2881.25
02;1999992306;2022;170;Outros Recursos Não Vinculados;1;PREFEITURA MUNICIPAL DE UBERLÂNDIA;Outras Receitas - Primárias - Dívida Ativa - FMPC;PROCURADORIA GERAL DO MUNICIPIO;04;0.00;91033.34
02;1999992306;2022;170;Outros Recursos Não Vinculados;2;PREFEITURA MUNICIPAL DE UBERLÂNDIA;Outras Receitas - Primárias - Dívida Ativa - FMPC;PROCURADORIA GERAL DO MUNICIPIO;04;0.00;434652.79
02;1999992306;2022;170;Outros Recursos Não Vinculados;3;PREFEITURA MUNICIPAL DE UBERLÂNDIA;Outras Receitas - Primárias - Dívida Ativa - FMPC;PROCURADORIA GERAL DO MUNICIPIO;04;0.00;371073.78
02;1999992306;2022;170;Outros Recursos Não Vinculados;4;PREFEITURA MUNICIPAL DE UBERLÂNDIA;Outras Receitas - Primárias - Dívida Ativa - FMPC;PROCURADORIA GERAL DO MUNICIPIO;04;0.00;74915.12
02;1999992306;2022;170;Outros Recursos Não Vinculados;5;PREFEITURA MUNICIPAL DE UBERLÂNDIA;Outras Receitas - Primárias - Dívida Ativa - FMPC;PROCURADORIA GERAL DO MUNICIPIO;04;0.00;164197.19
02;1999992306;2022;170;Outros Recursos Não Vinculados;6;PREFEITURA MUNICIPAL DE UBERLÂNDIA;Outras Receitas - Primárias - Dívida Ativa - FMPC;PROCURADORIA GERAL DO MUNICIPIO;04;0.00;19377.01
02;1999992306;2022;170;Outros Recursos Não Vinculados;7;PREFEITURA MUNICIPAL DE UBERLÂNDIA;Outras Receitas - Primárias - Dívida Ativa - FMPC;PROCURADORIA GERAL DO MUNICIPIO;04;0.00;20155.44
02;1999992306;2022;170;Outros Recursos Não Vinculados;8;PREFEITURA MUNICIPAL DE UBERLÂNDIA;Outras Receitas - Primárias - Dívida Ativa - FMPC;PROCURADORIA GERAL DO MUNICIPIO;04;0.00;384643.55
02;1999992306;2022;170;Outros Recursos Não Vinculados;9;PREFEITURA MUNICIPAL DE UBERLÂNDIA;Outras Receitas - Primárias - Dívida Ativa - FMPC;PROCURADORIA GERAL DO MUNICIPIO;04;0.00;244617.37
02;1999992306;2022;170;Outros Recursos Não Vinculados;10;PREFEITURA MUNICIPAL DE UBERLÂNDIA;Outras Receitas - Primárias - Dívida Ativa - FMPC;PROCURADORIA GERAL DO MUNICIPIO;04;0.00;140033.49
02;1999992306;2022;170;Outros Recursos Não Vinculados;11;PREFEITURA MUNICIPAL DE UBERLÂNDIA;Outras Receitas - Primárias - Dívida Ativa - FMPC;PROCURADORIA GERAL DO MUNICIPIO;04;0.00;187625.47
02;1999992306;2022;170;Outros Recursos Não Vinculados;12;PREFEITURA MUNICIPAL DE UBERLÂNDIA;Outras Receitas - Primárias - Dívida Ativa - FMPC;PROCURADORIA GERAL DO MUNICIPIO;04;0.00;527675.45
02;1999992307;2022;170;Outros Recursos Não Vinculados;1;PREFEITURA MUNICIPAL DE UBERLÂNDIA;Outras Receitas - Primárias - Dívida Ativa - FMTT;SECRETARIA MUNICIPAL DE TRÂNSITO E TRANSPORTES;15;1632.38;226666.18
02;1999992307;2022;170;Outros Recursos Não Vinculados;2;PREFEITURA MUNICIPAL DE UBERLÂNDIA;Outras Receitas - Primárias - Dívida Ativa - FMTT;SECRETARIA MUNICIPAL DE TRÂNSITO E TRANSPORTES;15;3273.37;13161.45
02;1999992307;2022;170;Outros Recursos Não Vinculados;3;PREFEITURA MUNICIPAL DE UBERLÂNDIA;Outras Receitas - Primárias - Dívida Ativa - FMTT;SECRETARIA MUNICIPAL DE TRÂNSITO E TRANSPORTES;15;3060.40;11513.05
02;1999992307;2022;170;Outros Recursos Não Vinculados;4;PREFEITURA MUNICIPAL DE UBERLÂNDIA;Outras Receitas - Primárias - Dívida Ativa - FMTT;SECRETARIA MUNICIPAL DE TRÂNSITO E TRANSPORTES;15;1355.19;9136.67
02;1999992307;2022;170;Outros Recursos Não Vinculados;5;PREFEITURA MUNICIPAL DE UBERLÂNDIA;Outras Receitas - Primárias - Dívida Ativa - FMTT;SECRETARIA MUNICIPAL DE TRÂNSITO E TRANSPORTES;15;664.28;5115.44
02;1999992307;2022;170;Outros Recursos Não Vinculados;6;PREFEITURA MUNICIPAL DE UBERLÂNDIA;Outras Receitas - Primárias - Dívida Ativa - FMTT;SECRETARIA MUNICIPAL DE TRÂNSITO E TRANSPORTES;15;1814.56;4278.75
02;1999992307;2022;170;Outros Recursos Não Vinculados;7;PREFEITURA MUNICIPAL DE UBERLÂNDIA;Outras Receitas - Primárias - Dívida Ativa - FMTT;SECRETARIA MUNICIPAL DE TRÂNSITO E TRANSPORTES;15;3201.85;5988.93
02;1999992307;2022;170;Outros Recursos Não Vinculados;8;PREFEITURA MUNICIPAL DE UBERLÂNDIA;Outras Receitas - Primárias - Dívida Ativa - FMTT;SECRETARIA MUNICIPAL DE TRÂNSITO E TRANSPORTES;15;3125.03;5185.57
02;1999992307;2022;170;Outros Recursos Não Vinculados;9;PREFEITURA MUNICIPAL DE UBERLÂNDIA;Outras Receitas - Primárias - Dívida Ativa - FMTT;SECRETARIA MUNICIPAL DE TRÂNSITO E TRANSPORTES;15;1942.50;3247.98
02;1999992307;2022;170;Outros Recursos Não Vinculados;10;PREFEITURA MUNICIPAL DE UBERLÂNDIA;Outras Receitas - Primárias - Dívida Ativa - FMTT;SECRETARIA MUNICIPAL DE TRÂNSITO E TRANSPORTES;15;728.99;8019.54
02;1999992307;2022;170;Outros Recursos Não Vinculados;11;PREFEITURA MUNICIPAL DE UBERLÂNDIA;Outras Receitas - Primárias - Dívida Ativa - FMTT;SECRETARIA MUNICIPAL DE TRÂNSITO E TRANSPORTES;15;1145.58;5411.86
02;1999992307;2022;170;Outros Recursos Não Vinculados;12;PREFEITURA MUNICIPAL DE UBERLÂNDIA;Outras Receitas - Primárias - Dívida Ativa - FMTT;SECRETARIA MUNICIPAL DE TRÂNSITO E TRANSPORTES;15;677.34;2274.58
02;1999992401;2022;170;Outros Recursos Não Vinculados;1;PREFEITURA MUNICIPAL DE UBERLÂNDIA;Outras Multas e Juros de Mora - Divida Ativa - Out;SECRETARIA MUNICIPAL DE FINANÇAS;06;9329.95;7514.37
02;1999992401;2022;170;Outros Recursos Não Vinculados;2;PREFEITURA MUNICIPAL DE UBERLÂNDIA;Outras Multas e Juros de Mora - Divida Ativa - Out;SECRETARIA MUNICIPAL DE FINANÇAS;06;8486.20;11928.90
02;1999992401;2022;170;Outros Recursos Não Vinculados;3;PREFEITURA MUNICIPAL DE UBERLÂNDIA;Outras Multas e Juros de Mora - Divida Ativa - Out;SECRETARIA MUNICIPAL DE FINANÇAS;06;6209.68;5847.28
02;1999992401;2022;170;Outros Recursos Não Vinculados;4;PREFEITURA MUNICIPAL DE UBERLÂNDIA;Outras Multas e Juros de Mora - Divida Ativa - Out;SECRETARIA MUNICIPAL DE FINANÇAS;06;7557.54;5018.13
02;1999992401;2022;170;Outros Recursos Não Vinculados;5;PREFEITURA MUNICIPAL DE UBERLÂNDIA;Outras Multas e Juros de Mora - Divida Ativa - Out;SECRETARIA MUNICIPAL DE FINANÇAS;06;5980.72;4740.57
02;1999992401;2022;170;Outros Recursos Não Vinculados;6;PREFEITURA MUNICIPAL DE UBERLÂNDIA;Outras Multas e Juros de Mora - Divida Ativa - Out;SECRETARIA MUNICIPAL DE FINANÇAS;06;6765.03;13432.91
02;1999992401;2022;170;Outros Recursos Não Vinculados;7;PREFEITURA MUNICIPAL DE UBERLÂNDIA;Outras Multas e Juros de Mora - Divida Ativa - Out;SECRETARIA MUNICIPAL DE FINANÇAS;06;2338.83;5019.49
02;1999992401;2022;170;Outros Recursos Não Vinculados;8;PREFEITURA MUNICIPAL DE UBERLÂNDIA;Outras Multas e Juros de Mora - Divida Ativa - Out;SECRETARIA MUNICIPAL DE FINANÇAS;06;7087.92;4441.28
02;1999992401;2022;170;Outros Recursos Não Vinculados;9;PREFEITURA MUNICIPAL DE UBERLÂNDIA;Outras Multas e Juros de Mora - Divida Ativa - Out;SECRETARIA MUNICIPAL DE FINANÇAS;06;5819.67;2899.29
02;1999992401;2022;170;Outros Recursos Não Vinculados;10;PREFEITURA MUNICIPAL DE UBERLÂNDIA;Outras Multas e Juros de Mora - Divida Ativa - Out;SECRETARIA MUNICIPAL DE FINANÇAS;06;14285.43;5780.23
02;1999992401;2022;170;Outros Recursos Não Vinculados;11;PREFEITURA MUNICIPAL DE UBERLÂNDIA;Outras Multas e Juros de Mora - Divida Ativa - Out;SECRETARIA MUNICIPAL DE FINANÇAS;06;24670.30;7287.06
02;1999992401;2022;170;Outros Recursos Não Vinculados;12;PREFEITURA MUNICIPAL DE UBERLÂNDIA;Outras Multas e Juros de Mora - Divida Ativa - Out;SECRETARIA MUNICIPAL DE FINANÇAS;06;11927.73;5111.49
02;1999992402;2022;170;Outros Recursos Não Vinculados;1;PREFEITURA MUNICIPAL DE UBERLÂNDIA;Multas e Juros de Mora - Divida Ativa - Outras Rec;SECRETARIA MUNICIPAL DE DESENVOLVIMENTO SOCIAL E T;10;0.00;250.34
02;1999992402;2022;170;Outros Recursos Não Vinculados;2;PREFEITURA MUNICIPAL DE UBERLÂNDIA;Multas e Juros de Mora - Divida Ativa - Outras Rec;SECRETARIA MUNICIPAL DE DESENVOLVIMENTO SOCIAL E T;10;0.00;514.07
02;1999992402;2022;170;Outros Recursos Não Vinculados;3;PREFEITURA MUNICIPAL DE UBERLÂNDIA;Multas e Juros de Mora - Divida Ativa - Outras Rec;SECRETARIA MUNICIPAL DE DESENVOLVIMENTO SOCIAL E T;10;416.99;213.60
02;1999992402;2022;170;Outros Recursos Não Vinculados;4;PREFEITURA MUNICIPAL DE UBERLÂNDIA;Multas e Juros de Mora - Divida Ativa - Outras Rec;SECRETARIA MUNICIPAL DE DESENVOLVIMENTO SOCIAL E T;10;0.00;180.13
02;1999992402;2022;170;Outros Recursos Não Vinculados;5;PREFEITURA MUNICIPAL DE UBERLÂNDIA;Multas e Juros de Mora - Divida Ativa - Outras Rec;SECRETARIA MUNICIPAL DE DESENVOLVIMENTO SOCIAL E T;10;0.00;142.65
02;1999992402;2022;170;Outros Recursos Não Vinculados;6;PREFEITURA MUNICIPAL DE UBERLÂNDIA;Multas e Juros de Mora - Divida Ativa - Outras Rec;SECRETARIA MUNICIPAL DE DESENVOLVIMENTO SOCIAL E T;10;0.00;15.23
02;1999992402;2022;170;Outros Recursos Não Vinculados;7;PREFEITURA MUNICIPAL DE UBERLÂNDIA;Multas e Juros de Mora - Divida Ativa - Outras Rec;SECRETARIA MUNICIPAL DE DESENVOLVIMENTO SOCIAL E T;10;543.34;102.01
02;1999992402;2022;170;Outros Recursos Não Vinculados;8;PREFEITURA MUNICIPAL DE UBERLÂNDIA;Multas e Juros de Mora - Divida Ativa - Outras Rec;SECRETARIA MUNICIPAL DE DESENVOLVIMENTO SOCIAL E T;10;0.00;192.10
02;1999992402;2022;170;Outros Recursos Não Vinculados;9;PREFEITURA MUNICIPAL DE UBERLÂNDIA;Multas e Juros de Mora - Divida Ativa - Outras Rec;SECRETARIA MUNICIPAL DE DESENVOLVIMENTO SOCIAL E T;10;0.00;74.08
02;1999992402;2022;170;Outros Recursos Não Vinculados;10;PREFEITURA MUNICIPAL DE UBERLÂNDIA;Multas e Juros de Mora - Divida Ativa - Outras Rec;SECRETARIA MUNICIPAL DE DESENVOLVIMENTO SOCIAL E T;10;1039.23;128.31
02;1999992402;2022;170;Outros Recursos Não Vinculados;11;PREFEITURA MUNICIPAL DE UBERLÂNDIA;Multas e Juros de Mora - Divida Ativa - Outras Rec;SECRETARIA MUNICIPAL DE DESENVOLVIMENTO SOCIAL E T;10;0.00;73.23
02;1999992402;2022;170;Outros Recursos Não Vinculados;12;PREFEITURA MUNICIPAL DE UBERLÂNDIA;Multas e Juros de Mora - Divida Ativa - Outras Rec;SECRETARIA MUNICIPAL DE DESENVOLVIMENTO SOCIAL E T;10;0.00;114.25
03;1999992403;2022;170;Outros Recursos Não Vinculados;1;Departamento Municipal de Agua e Esgoto;Multas e Juros de Mora - Divida Ativa - Outras Rec;DEPARTAMENTO MUNICIPAL DE AGUA E ESGOTO - DMAE;17;87831.39;50000.00
03;1999992403;2022;170;Outros Recursos Não Vinculados;2;Departamento Municipal de Agua e Esgoto;Multas e Juros de Mora - Divida Ativa - Outras Rec;DEPARTAMENTO MUNICIPAL DE AGUA E ESGOTO - DMAE;17;75478.60;93000.00
03;1999992403;2022;170;Outros Recursos Não Vinculados;3;Departamento Municipal de Agua e Esgoto;Multas e Juros de Mora - Divida Ativa - Outras Rec;DEPARTAMENTO MUNICIPAL DE AGUA E ESGOTO - DMAE;17;92793.04;138000.00
03;1999992403;2022;170;Outros Recursos Não Vinculados;4;Departamento Municipal de Agua e Esgoto;Multas e Juros de Mora - Divida Ativa - Outras Rec;DEPARTAMENTO MUNICIPAL DE AGUA E ESGOTO - DMAE;17;125326.75;82000.00
03;1999992403;2022;170;Outros Recursos Não Vinculados;5;Departamento Municipal de Agua e Esgoto;Multas e Juros de Mora - Divida Ativa - Outras Rec;DEPARTAMENTO MUNICIPAL DE AGUA E ESGOTO - DMAE;17;111370.17;70000.00
03;1999992403;2022;170;Outros Recursos Não Vinculados;6;Departamento Municipal de Agua e Esgoto;Multas e Juros de Mora - Divida Ativa - Outras Rec;DEPARTAMENTO MUNICIPAL DE AGUA E ESGOTO - DMAE;17;95995.12;52000.00
03;1999992403;2022;170;Outros Recursos Não Vinculados;7;Departamento Municipal de Agua e Esgoto;Multas e Juros de Mora - Divida Ativa - Outras Rec;DEPARTAMENTO MUNICIPAL DE AGUA E ESGOTO - DMAE;17;87425.39;44000.00
03;1999992403;2022;170;Outros Recursos Não Vinculados;8;Departamento Municipal de Agua e Esgoto;Multas e Juros de Mora - Divida Ativa - Outras Rec;DEPARTAMENTO MUNICIPAL DE AGUA E ESGOTO - DMAE;17;93491.53;50000.00
03;1999992403;2022;170;Outros Recursos Não Vinculados;9;Departamento Municipal de Agua e Esgoto;Multas e Juros de Mora - Divida Ativa - Outras Rec;DEPARTAMENTO MUNICIPAL DE AGUA E ESGOTO - DMAE;17;91381.77;38000.00
03;1999992403;2022;170;Outros Recursos Não Vinculados;10;Departamento Municipal de Agua e Esgoto;Multas e Juros de Mora - Divida Ativa - Outras Rec;DEPARTAMENTO MUNICIPAL DE AGUA E ESGOTO - DMAE;17;100681.60;36000.00
03;1999992403;2022;170;Outros Recursos Não Vinculados;11;Departamento Municipal de Agua e Esgoto;Multas e Juros de Mora - Divida Ativa - Outras Rec;DEPARTAMENTO MUNICIPAL DE AGUA E ESGOTO - DMAE;17;94553.61;34000.00
03;1999992403;2022;170;Outros Recursos Não Vinculados;12;Departamento Municipal de Agua e Esgoto;Multas e Juros de Mora - Divida Ativa - Outras Rec;DEPARTAMENTO MUNICIPAL DE AGUA E ESGOTO - DMAE;17;128751.44;39000.00
02;1999992404;2022;170;Outros Recursos Não Vinculados;1;PREFEITURA MUNICIPAL DE UBERLÂNDIA;Multas e Juros de Mora - Divida Ativa - Outras Rec;SECRETARIA MUNICIPAL DE AGROPECUÁRIA E ABASTECIMEN;12;0.00;118.77
02;1999992404;2022;170;Outros Recursos Não Vinculados;2;PREFEITURA MUNICIPAL DE UBERLÂNDIA;Multas e Juros de Mora - Divida Ativa - Outras Rec;SECRETARIA MUNICIPAL DE AGROPECUÁRIA E ABASTECIMEN;12;0.00;74.57
02;1999992404;2022;170;Outros Recursos Não Vinculados;3;PREFEITURA MUNICIPAL DE UBERLÂNDIA;Multas e Juros de Mora - Divida Ativa - Outras Rec;SECRETARIA MUNICIPAL DE AGROPECUÁRIA E ABASTECIMEN;12;0.00;85.33
02;1999992404;2022;170;Outros Recursos Não Vinculados;4;PREFEITURA MUNICIPAL DE UBERLÂNDIA;Multas e Juros de Mora - Divida Ativa - Outras Rec;SECRETARIA MUNICIPAL DE AGROPECUÁRIA E ABASTECIMEN;12;0.00;56.00
02;1999992404;2022;170;Outros Recursos Não Vinculados;5;PREFEITURA MUNICIPAL DE UBERLÂNDIA;Multas e Juros de Mora - Divida Ativa - Outras Rec;SECRETARIA MUNICIPAL DE AGROPECUÁRIA E ABASTECIMEN;12;0.00;58.61
02;1999992404;2022;170;Outros Recursos Não Vinculados;6;PREFEITURA MUNICIPAL DE UBERLÂNDIA;Multas e Juros de Mora - Divida Ativa - Outras Rec;SECRETARIA MUNICIPAL DE AGROPECUÁRIA E ABASTECIMEN;12;0.00;97.85
02;1999992404;2022;170;Outros Recursos Não Vinculados;7;PREFEITURA MUNICIPAL DE UBERLÂNDIA;Multas e Juros de Mora - Divida Ativa - Outras Rec;SECRETARIA MUNICIPAL DE AGROPECUÁRIA E ABASTECIMEN;12;0.00;127.59
02;1999992404;2022;170;Outros Recursos Não Vinculados;8;PREFEITURA MUNICIPAL DE UBERLÂNDIA;Multas e Juros de Mora - Divida Ativa - Outras Rec;SECRETARIA MUNICIPAL DE AGROPECUÁRIA E ABASTECIMEN;12;0.00;67.24
02;1999992404;2022;170;Outros Recursos Não Vinculados;9;PREFEITURA MUNICIPAL DE UBERLÂNDIA;Multas e Juros de Mora - Divida Ativa - Outras Rec;SECRETARIA MUNICIPAL DE AGROPECUÁRIA E ABASTECIMEN;12;0.00;79.43
02;1999992404;2022;170;Outros Recursos Não Vinculados;10;PREFEITURA MUNICIPAL DE UBERLÂNDIA;Multas e Juros de Mora - Divida Ativa - Outras Rec;SECRETARIA MUNICIPAL DE AGROPECUÁRIA E ABASTECIMEN;12;0.00;100.16
02;1999992404;2022;170;Outros Recursos Não Vinculados;11;PREFEITURA MUNICIPAL DE UBERLÂNDIA;Multas e Juros de Mora - Divida Ativa - Outras Rec;SECRETARIA MUNICIPAL DE AGROPECUÁRIA E ABASTECIMEN;12;0.00;55.97
02;1999992404;2022;170;Outros Recursos Não Vinculados;12;PREFEITURA MUNICIPAL DE UBERLÂNDIA;Multas e Juros de Mora - Divida Ativa - Outras Rec;SECRETARIA MUNICIPAL DE AGROPECUÁRIA E ABASTECIMEN;12;0.00;78.48
02;1999992405;2022;170;Outros Recursos Não Vinculados;1;PREFEITURA MUNICIPAL DE UBERLÂNDIA;Multas e Juros de Mora - Divida Ativa - Outras Rec;SECRETARIA MUNICIPAL DE MEIO AMBIENTE;03;0.00;1615.72
02;1999992405;2022;170;Outros Recursos Não Vinculados;2;PREFEITURA MUNICIPAL DE UBERLÂNDIA;Multas e Juros de Mora - Divida Ativa - Outras Rec;SECRETARIA MUNICIPAL DE MEIO AMBIENTE;03;0.00;1436.83
02;1999992405;2022;170;Outros Recursos Não Vinculados;3;PREFEITURA MUNICIPAL DE UBERLÂNDIA;Multas e Juros de Mora - Divida Ativa - Outras Rec;SECRETARIA MUNICIPAL DE MEIO AMBIENTE;03;0.00;2382.14
02;1999992405;2022;170;Outros Recursos Não Vinculados;4;PREFEITURA MUNICIPAL DE UBERLÂNDIA;Multas e Juros de Mora - Divida Ativa - Outras Rec;SECRETARIA MUNICIPAL DE MEIO AMBIENTE;03;0.00;8201.81
02;1999992405;2022;170;Outros Recursos Não Vinculados;5;PREFEITURA MUNICIPAL DE UBERLÂNDIA;Multas e Juros de Mora - Divida Ativa - Outras Rec;SECRETARIA MUNICIPAL DE MEIO AMBIENTE;03;0.00;4475.41
02;1999992405;2022;170;Outros Recursos Não Vinculados;6;PREFEITURA MUNICIPAL DE UBERLÂNDIA;Multas e Juros de Mora - Divida Ativa - Outras Rec;SECRETARIA MUNICIPAL DE MEIO AMBIENTE;03;0.00;47005.04
02;1999992405;2022;170;Outros Recursos Não Vinculados;7;PREFEITURA MUNICIPAL DE UBERLÂNDIA;Multas e Juros de Mora - Divida Ativa - Outras Rec;SECRETARIA MUNICIPAL DE MEIO AMBIENTE;03;0.00;4649.14
02;1999992405;2022;170;Outros Recursos Não Vinculados;8;PREFEITURA MUNICIPAL DE UBERLÂNDIA;Multas e Juros de Mora - Divida Ativa - Outras Rec;SECRETARIA MUNICIPAL DE MEIO AMBIENTE;03;0.00;189.21
02;1999992405;2022;170;Outros Recursos Não Vinculados;9;PREFEITURA MUNICIPAL DE UBERLÂNDIA;Multas e Juros de Mora - Divida Ativa - Outras Rec;SECRETARIA MUNICIPAL DE MEIO AMBIENTE;03;0.00;1931.68
02;1999992405;2022;170;Outros Recursos Não Vinculados;10;PREFEITURA MUNICIPAL DE UBERLÂNDIA;Multas e Juros de Mora - Divida Ativa - Outras Rec;SECRETARIA MUNICIPAL DE MEIO AMBIENTE;03;0.00;4579.80
02;1999992405;2022;170;Outros Recursos Não Vinculados;11;PREFEITURA MUNICIPAL DE UBERLÂNDIA;Multas e Juros de Mora - Divida Ativa - Outras Rec;SECRETARIA MUNICIPAL DE MEIO AMBIENTE;03;0.00;1067.33
02;1999992405;2022;170;Outros Recursos Não Vinculados;12;PREFEITURA MUNICIPAL DE UBERLÂNDIA;Multas e Juros de Mora - Divida Ativa - Outras Rec;SECRETARIA MUNICIPAL DE MEIO AMBIENTE;03;0.00;2465.89
02;1999992406;2022;170;Outros Recursos Não Vinculados;1;PREFEITURA MUNICIPAL DE UBERLÂNDIA;Multas e Juros de Mora - Divida Ativa - Outras Rec;PROCURADORIA GERAL DO MUNICIPIO;04;0.00;9538.62
02;1999992406;2022;170;Outros Recursos Não Vinculados;2;PREFEITURA MUNICIPAL DE UBERLÂNDIA;Multas e Juros de Mora - Divida Ativa - Outras Rec;PROCURADORIA GERAL DO MUNICIPIO;04;0.00;56897.75
02;1999992406;2022;170;Outros Recursos Não Vinculados;3;PREFEITURA MUNICIPAL DE UBERLÂNDIA;Multas e Juros de Mora - Divida Ativa - Outras Rec;PROCURADORIA GERAL DO MUNICIPIO;04;0.00;57332.44
02;1999992406;2022;170;Outros Recursos Não Vinculados;4;PREFEITURA MUNICIPAL DE UBERLÂNDIA;Multas e Juros de Mora - Divida Ativa - Outras Rec;PROCURADORIA GERAL DO MUNICIPIO;04;0.00;8714.86
02;1999992406;2022;170;Outros Recursos Não Vinculados;5;PREFEITURA MUNICIPAL DE UBERLÂNDIA;Multas e Juros de Mora - Divida Ativa - Outras Rec;PROCURADORIA GERAL DO MUNICIPIO;04;0.00;30740.19
02;1999992406;2022;170;Outros Recursos Não Vinculados;6;PREFEITURA MUNICIPAL DE UBERLÂNDIA;Multas e Juros de Mora - Divida Ativa - Outras Rec;PROCURADORIA GERAL DO MUNICIPIO;04;0.00;4388.60
02;1999992406;2022;170;Outros Recursos Não Vinculados;7;PREFEITURA MUNICIPAL DE UBERLÂNDIA;Multas e Juros de Mora - Divida Ativa - Outras Rec;PROCURADORIA GERAL DO MUNICIPIO;04;0.00;4857.79
02;1999992406;2022;170;Outros Recursos Não Vinculados;8;PREFEITURA MUNICIPAL DE UBERLÂNDIA;Multas e Juros de Mora - Divida Ativa - Outras Rec;PROCURADORIA GERAL DO MUNICIPIO;04;0.00;114378.54
02;1999992406;2022;170;Outros Recursos Não Vinculados;9;PREFEITURA MUNICIPAL DE UBERLÂNDIA;Multas e Juros de Mora - Divida Ativa - Outras Rec;PROCURADORIA GERAL DO MUNICIPIO;04;0.00;59235.77
02;1999992406;2022;170;Outros Recursos Não Vinculados;10;PREFEITURA MUNICIPAL DE UBERLÂNDIA;Multas e Juros de Mora - Divida Ativa - Outras Rec;PROCURADORIA GERAL DO MUNICIPIO;04;0.00;24426.87
02;1999992406;2022;170;Outros Recursos Não Vinculados;11;PREFEITURA MUNICIPAL DE UBERLÂNDIA;Multas e Juros de Mora - Divida Ativa - Outras Rec;PROCURADORIA GERAL DO MUNICIPIO;04;0.00;39351.86
02;1999992406;2022;170;Outros Recursos Não Vinculados;12;PREFEITURA MUNICIPAL DE UBERLÂNDIA;Multas e Juros de Mora - Divida Ativa - Outras Rec;PROCURADORIA GERAL DO MUNICIPIO;04;0.00;130136.71
02;1999992407;2022;170;Outros Recursos Não Vinculados;1;PREFEITURA MUNICIPAL DE UBERLÂNDIA;Multas e Juros de Mora - Divida Ativa - Outras Rec;SECRETARIA MUNICIPAL DE TRÂNSITO E TRANSPORTES;15;190.50;29049.95
02;1999992407;2022;170;Outros Recursos Não Vinculados;2;PREFEITURA MUNICIPAL DE UBERLÂNDIA;Multas e Juros de Mora - Divida Ativa - Outras Rec;SECRETARIA MUNICIPAL DE TRÂNSITO E TRANSPORTES;15;552.84;6349.86
02;1999992407;2022;170;Outros Recursos Não Vinculados;3;PREFEITURA MUNICIPAL DE UBERLÂNDIA;Multas e Juros de Mora - Divida Ativa - Outras Rec;SECRETARIA MUNICIPAL DE TRÂNSITO E TRANSPORTES;15;264.31;6432.95
02;1999992407;2022;170;Outros Recursos Não Vinculados;4;PREFEITURA MUNICIPAL DE UBERLÂNDIA;Multas e Juros de Mora - Divida Ativa - Outras Rec;SECRETARIA MUNICIPAL DE TRÂNSITO E TRANSPORTES;15;534.75;9753.91
02;1999992407;2022;170;Outros Recursos Não Vinculados;5;PREFEITURA MUNICIPAL DE UBERLÂNDIA;Multas e Juros de Mora - Divida Ativa - Outras Rec;SECRETARIA MUNICIPAL DE TRÂNSITO E TRANSPORTES;15;390.81;6913.52
02;1999992407;2022;170;Outros Recursos Não Vinculados;6;PREFEITURA MUNICIPAL DE UBERLÂNDIA;Multas e Juros de Mora - Divida Ativa - Outras Rec;SECRETARIA MUNICIPAL DE TRÂNSITO E TRANSPORTES;15;2422.72;5053.71
02;1999992407;2022;170;Outros Recursos Não Vinculados;7;PREFEITURA MUNICIPAL DE UBERLÂNDIA;Multas e Juros de Mora - Divida Ativa - Outras Rec;SECRETARIA MUNICIPAL DE TRÂNSITO E TRANSPORTES;15;2758.70;6084.22
02;1999992407;2022;170;Outros Recursos Não Vinculados;8;PREFEITURA MUNICIPAL DE UBERLÂNDIA;Multas e Juros de Mora - Divida Ativa - Outras Rec;SECRETARIA MUNICIPAL DE TRÂNSITO E TRANSPORTES;15;2775.89;5025.65
02;1999992407;2022;170;Outros Recursos Não Vinculados;9;PREFEITURA MUNICIPAL DE UBERLÂNDIA;Multas e Juros de Mora - Divida Ativa - Outras Rec;SECRETARIA MUNICIPAL DE TRÂNSITO E TRANSPORTES;15;1578.11;5283.20
02;1999992407;2022;170;Outros Recursos Não Vinculados;10;PREFEITURA MUNICIPAL DE UBERLÂNDIA;Multas e Juros de Mora - Divida Ativa - Outras Rec;SECRETARIA MUNICIPAL DE TRÂNSITO E TRANSPORTES;15;630.33;8155.16
02;1999992407;2022;170;Outros Recursos Não Vinculados;11;PREFEITURA MUNICIPAL DE UBERLÂNDIA;Multas e Juros de Mora - Divida Ativa - Outras Rec;SECRETARIA MUNICIPAL DE TRÂNSITO E TRANSPORTES;15;835.05;7731.72
02;1999992407;2022;170;Outros Recursos Não Vinculados;12;PREFEITURA MUNICIPAL DE UBERLÂNDIA;Multas e Juros de Mora - Divida Ativa - Outras Rec;SECRETARIA MUNICIPAL DE TRÂNSITO E TRANSPORTES;15;747.05;4166.15
02;2112010101;2022;190;Operações de Crédito Internas;1;PREFEITURA MUNICIPAL DE UBERLÂNDIA;Operações de Crédito Contratuais - Corredores Tran;SECRETARIA MUNICIPAL DE OBRAS;13;0.00;0.00
02;2112010101;2022;190;Operações de Crédito Internas;2;PREFEITURA MUNICIPAL DE UBERLÂNDIA;Operações de Crédito Contratuais - Corredores Tran;SECRETARIA MUNICIPAL DE OBRAS;13;1062332.47;2342115.97
02;2112010101;2022;190;Operações de Crédito Internas;3;PREFEITURA MUNICIPAL DE UBERLÂNDIA;Operações de Crédito Contratuais - Corredores Tran;SECRETARIA MUNICIPAL DE OBRAS;13;6150615.00;3889592.16
02;2112010101;2022;190;Operações de Crédito Internas;4;PREFEITURA MUNICIPAL DE UBERLÂNDIA;Operações de Crédito Contratuais - Corredores Tran;SECRETARIA MUNICIPAL DE OBRAS;13;0.00;7844890.00
02;2112010101;2022;190;Operações de Crédito Internas;5;PREFEITURA MUNICIPAL DE UBERLÂNDIA;Operações de Crédito Contratuais - Corredores Tran;SECRETARIA MUNICIPAL DE OBRAS;13;397648.24;8424507.23
02;2112010101;2022;190;Operações de Crédito Internas;6;PREFEITURA MUNICIPAL DE UBERLÂNDIA;Operações de Crédito Contratuais - Corredores Tran;SECRETARIA MUNICIPAL DE OBRAS;13;1700462.60;15642688.27
02;2112010101;2022;190;Operações de Crédito Internas;7;PREFEITURA MUNICIPAL DE UBERLÂNDIA;Operações de Crédito Contratuais - Corredores Tran;SECRETARIA MUNICIPAL DE OBRAS;13;596822.61;1422531.85
02;2112010101;2022;190;Operações de Crédito Internas;8;PREFEITURA MUNICIPAL DE UBERLÂNDIA;Operações de Crédito Contratuais - Corredores Tran;SECRETARIA MUNICIPAL DE OBRAS;13;1262107.21;1190854.07
02;2112010101;2022;190;Operações de Crédito Internas;9;PREFEITURA MUNICIPAL DE UBERLÂNDIA;Operações de Crédito Contratuais - Corredores Tran;SECRETARIA MUNICIPAL DE OBRAS;13;10182239.99;7189327.38
02;2112010101;2022;190;Operações de Crédito Internas;10;PREFEITURA MUNICIPAL DE UBERLÂNDIA;Operações de Crédito Contratuais - Corredores Tran;SECRETARIA MUNICIPAL DE OBRAS;13;0.00;0.00
02;2112010101;2022;190;Operações de Crédito Internas;11;PREFEITURA MUNICIPAL DE UBERLÂNDIA;Operações de Crédito Contratuais - Corredores Tran;SECRETARIA MUNICIPAL DE OBRAS;13;2490048.29;5116033.95
02;2112010101;2022;190;Operações de Crédito Internas;12;PREFEITURA MUNICIPAL DE UBERLÂNDIA;Operações de Crédito Contratuais - Corredores Tran;SECRETARIA MUNICIPAL DE OBRAS;13;1228652.87;1837459.12
02;2112010101;2022;190;Operações de Crédito Internas;1;PREFEITURA MUNICIPAL DE UBERLÂNDIA;Operações de Crédito Contratuais - Corredores Tran;SECRETARIA MUNICIPAL DE TRÂNSITO E TRANSPORTES;15;0.00;0.00
02;2112010101;2022;190;Operações de Crédito Internas;2;PREFEITURA MUNICIPAL DE UBERLÂNDIA;Operações de Crédito Contratuais - Corredores Tran;SECRETARIA MUNICIPAL DE TRÂNSITO E TRANSPORTES;15;0.00;853229.86
02;2112010101;2022;190;Operações de Crédito Internas;3;PREFEITURA MUNICIPAL DE UBERLÂNDIA;Operações de Crédito Contratuais - Corredores Tran;SECRETARIA MUNICIPAL DE TRÂNSITO E TRANSPORTES;15;0.00;1416973.46
02;2112010101;2022;190;Operações de Crédito Internas;4;PREFEITURA MUNICIPAL DE UBERLÂNDIA;Operações de Crédito Contratuais - Corredores Tran;SECRETARIA MUNICIPAL DE TRÂNSITO E TRANSPORTES;15;0.00;2857883.42
02;2112010101;2022;190;Operações de Crédito Internas;5;PREFEITURA MUNICIPAL DE UBERLÂNDIA;Operações de Crédito Contratuais - Corredores Tran;SECRETARIA MUNICIPAL DE TRÂNSITO E TRANSPORTES;15;0.00;3069037.24
02;2112010101;2022;190;Operações de Crédito Internas;6;PREFEITURA MUNICIPAL DE UBERLÂNDIA;Operações de Crédito Contratuais - Corredores Tran;SECRETARIA MUNICIPAL DE TRÂNSITO E TRANSPORTES;15;0.00;5698611.39
02;2112010101;2022;190;Operações de Crédito Internas;7;PREFEITURA MUNICIPAL DE UBERLÂNDIA;Operações de Crédito Contratuais - Corredores Tran;SECRETARIA MUNICIPAL DE TRÂNSITO E TRANSPORTES;15;0.00;518226.54
02;2112010101;2022;190;Operações de Crédito Internas;8;PREFEITURA MUNICIPAL DE UBERLÂNDIA;Operações de Crédito Contratuais - Corredores Tran;SECRETARIA MUNICIPAL DE TRÂNSITO E TRANSPORTES;15;0.00;433826.62
02;2112010101;2022;190;Operações de Crédito Internas;9;PREFEITURA MUNICIPAL DE UBERLÂNDIA;Operações de Crédito Contratuais - Corredores Tran;SECRETARIA MUNICIPAL DE TRÂNSITO E TRANSPORTES;15;0.00;2619062.80
02;2112010101;2022;190;Operações de Crédito Internas;10;PREFEITURA MUNICIPAL DE UBERLÂNDIA;Operações de Crédito Contratuais - Corredores Tran;SECRETARIA MUNICIPAL DE TRÂNSITO E TRANSPORTES;15;0.00;0.00
02;2112010101;2022;190;Operações de Crédito Internas;11;PREFEITURA MUNICIPAL DE UBERLÂNDIA;Operações de Crédito Contratuais - Corredores Tran;SECRETARIA MUNICIPAL DE TRÂNSITO E TRANSPORTES;15;0.00;1863764.64
02;2112010101;2022;190;Operações de Crédito Internas;12;PREFEITURA MUNICIPAL DE UBERLÂNDIA;Operações de Crédito Contratuais - Corredores Tran;SECRETARIA MUNICIPAL DE TRÂNSITO E TRANSPORTES;15;0.00;669384.03
02;2112010102;2022;190;Operações de Crédito Internas;1;PREFEITURA MUNICIPAL DE UBERLÂNDIA;Op. Crédito para Reforma de Edificações Públicas M;SECRETARIA MUNICIPAL DE OBRAS;13;0.00;0.00
02;2112010102;2022;190;Operações de Crédito Internas;2;PREFEITURA MUNICIPAL DE UBERLÂNDIA;Op. Crédito para Reforma de Edificações Públicas M;SECRETARIA MUNICIPAL DE OBRAS;13;0.00;9542.38
02;2112010102;2022;190;Operações de Crédito Internas;3;PREFEITURA MUNICIPAL DE UBERLÂNDIA;Op. Crédito para Reforma de Edificações Públicas M;SECRETARIA MUNICIPAL DE OBRAS;13;0.00;0.00
02;2112010102;2022;190;Operações de Crédito Internas;4;PREFEITURA MUNICIPAL DE UBERLÂNDIA;Op. Crédito para Reforma de Edificações Públicas M;SECRETARIA MUNICIPAL DE OBRAS;13;0.00;81105.46
02;2112010102;2022;190;Operações de Crédito Internas;5;PREFEITURA MUNICIPAL DE UBERLÂNDIA;Op. Crédito para Reforma de Edificações Públicas M;SECRETARIA MUNICIPAL DE OBRAS;13;0.00;70340.42
02;2112010102;2022;190;Operações de Crédito Internas;6;PREFEITURA MUNICIPAL DE UBERLÂNDIA;Op. Crédito para Reforma de Edificações Públicas M;SECRETARIA MUNICIPAL DE OBRAS;13;0.00;55505.44
02;2112010102;2022;190;Operações de Crédito Internas;7;PREFEITURA MUNICIPAL DE UBERLÂNDIA;Op. Crédito para Reforma de Edificações Públicas M;SECRETARIA MUNICIPAL DE OBRAS;13;0.00;338551.40
02;2112010102;2022;190;Operações de Crédito Internas;8;PREFEITURA MUNICIPAL DE UBERLÂNDIA;Op. Crédito para Reforma de Edificações Públicas M;SECRETARIA MUNICIPAL DE OBRAS;13;0.00;104942.37
02;2112010102;2022;190;Operações de Crédito Internas;9;PREFEITURA MUNICIPAL DE UBERLÂNDIA;Op. Crédito para Reforma de Edificações Públicas M;SECRETARIA MUNICIPAL DE OBRAS;13;0.00;0.00
02;2112010102;2022;190;Operações de Crédito Internas;10;PREFEITURA MUNICIPAL DE UBERLÂNDIA;Op. Crédito para Reforma de Edificações Públicas M;SECRETARIA MUNICIPAL DE OBRAS;13;0.00;197712.98
02;2112010102;2022;190;Operações de Crédito Internas;11;PREFEITURA MUNICIPAL DE UBERLÂNDIA;Op. Crédito para Reforma de Edificações Públicas M;SECRETARIA MUNICIPAL DE OBRAS;13;0.00;142299.55
02;2112010102;2022;190;Operações de Crédito Internas;12;PREFEITURA MUNICIPAL DE UBERLÂNDIA;Op. Crédito para Reforma de Edificações Públicas M;SECRETARIA MUNICIPAL DE OBRAS;13;0.00;0.00
02;2112010103;2022;190;Operações de Crédito Internas;1;PREFEITURA MUNICIPAL DE UBERLÂNDIA;Ampliação e Melhoria da Infraestrutura e Mobilidad;SECRETARIA MUNICIPAL DE OBRAS;13;0.00;255047.93
02;2112010103;2022;190;Operações de Crédito Internas;2;PREFEITURA MUNICIPAL DE UBERLÂNDIA;Ampliação e Melhoria da Infraestrutura e Mobilidad;SECRETARIA MUNICIPAL DE OBRAS;13;3012074.87;2573304.57
02;2112010103;2022;190;Operações de Crédito Internas;3;PREFEITURA MUNICIPAL DE UBERLÂNDIA;Ampliação e Melhoria da Infraestrutura e Mobilidad;SECRETARIA MUNICIPAL DE OBRAS;13;0.00;4627449.61
02;2112010103;2022;190;Operações de Crédito Internas;4;PREFEITURA MUNICIPAL DE UBERLÂNDIA;Ampliação e Melhoria da Infraestrutura e Mobilidad;SECRETARIA MUNICIPAL DE OBRAS;13;0.00;915887.64
02;2112010103;2022;190;Operações de Crédito Internas;5;PREFEITURA MUNICIPAL DE UBERLÂNDIA;Ampliação e Melhoria da Infraestrutura e Mobilidad;SECRETARIA MUNICIPAL DE OBRAS;13;0.00;7694139.19
02;2112010103;2022;190;Operações de Crédito Internas;6;PREFEITURA MUNICIPAL DE UBERLÂNDIA;Ampliação e Melhoria da Infraestrutura e Mobilidad;SECRETARIA MUNICIPAL DE OBRAS;13;0.00;5189775.95
02;2112010103;2022;190;Operações de Crédito Internas;7;PREFEITURA MUNICIPAL DE UBERLÂNDIA;Ampliação e Melhoria da Infraestrutura e Mobilidad;SECRETARIA MUNICIPAL DE OBRAS;13;0.00;4888600.58
02;2112010103;2022;190;Operações de Crédito Internas;8;PREFEITURA MUNICIPAL DE UBERLÂNDIA;Ampliação e Melhoria da Infraestrutura e Mobilidad;SECRETARIA MUNICIPAL DE OBRAS;13;0.00;1174730.13
02;2112010103;2022;190;Operações de Crédito Internas;9;PREFEITURA MUNICIPAL DE UBERLÂNDIA;Ampliação e Melhoria da Infraestrutura e Mobilidad;SECRETARIA MUNICIPAL DE OBRAS;13;0.00;4649468.54
02;2112010103;2022;190;Operações de Crédito Internas;10;PREFEITURA MUNICIPAL DE UBERLÂNDIA;Ampliação e Melhoria da Infraestrutura e Mobilidad;SECRETARIA MUNICIPAL DE OBRAS;13;0.00;1828408.73
02;2112010103;2022;190;Operações de Crédito Internas;11;PREFEITURA MUNICIPAL DE UBERLÂNDIA;Ampliação e Melhoria da Infraestrutura e Mobilidad;SECRETARIA MUNICIPAL DE OBRAS;13;0.00;3956783.43
02;2112010103;2022;190;Operações de Crédito Internas;12;PREFEITURA MUNICIPAL DE UBERLÂNDIA;Ampliação e Melhoria da Infraestrutura e Mobilidad;SECRETARIA MUNICIPAL DE OBRAS;13;0.00;7246403.70
02;2112010104;2022;190;Operações de Crédito Internas;1;PREFEITURA MUNICIPAL DE UBERLÂNDIA;Op Crédito Infraestrutura Urbana - Obras;SECRETARIA MUNICIPAL DE OBRAS;13;0.00;333333.33
02;2112010104;2022;190;Operações de Crédito Internas;2;PREFEITURA MUNICIPAL DE UBERLÂNDIA;Op Crédito Infraestrutura Urbana - Obras;SECRETARIA MUNICIPAL DE OBRAS;13;0.00;333333.33
02;2112010104;2022;190;Operações de Crédito Internas;3;PREFEITURA MUNICIPAL DE UBERLÂNDIA;Op Crédito Infraestrutura Urbana - Obras;SECRETARIA MUNICIPAL DE OBRAS;13;0.00;333333.33
02;2112010104;2022;190;Operações de Crédito Internas;4;PREFEITURA MUNICIPAL DE UBERLÂNDIA;Op Crédito Infraestrutura Urbana - Obras;SECRETARIA MUNICIPAL DE OBRAS;13;0.00;333333.33
02;2112010104;2022;190;Operações de Crédito Internas;5;PREFEITURA MUNICIPAL DE UBERLÂNDIA;Op Crédito Infraestrutura Urbana - Obras;SECRETARIA MUNICIPAL DE OBRAS;13;0.00;333333.33
02;2112010104;2022;190;Operações de Crédito Internas;6;PREFEITURA MUNICIPAL DE UBERLÂNDIA;Op Crédito Infraestrutura Urbana - Obras;SECRETARIA MUNICIPAL DE OBRAS;13;0.00;333333.33
02;2112010104;2022;190;Operações de Crédito Internas;7;PREFEITURA MUNICIPAL DE UBERLÂNDIA;Op Crédito Infraestrutura Urbana - Obras;SECRETARIA MUNICIPAL DE OBRAS;13;0.00;333333.33
02;2112010104;2022;190;Operações de Crédito Internas;8;PREFEITURA MUNICIPAL DE UBERLÂNDIA;Op Crédito Infraestrutura Urbana - Obras;SECRETARIA MUNICIPAL DE OBRAS;13;0.00;333333.33
02;2112010104;2022;190;Operações de Crédito Internas;9;PREFEITURA MUNICIPAL DE UBERLÂNDIA;Op Crédito Infraestrutura Urbana - Obras;SECRETARIA MUNICIPAL DE OBRAS;13;0.00;333333.33
02;2112010104;2022;190;Operações de Crédito Internas;10;PREFEITURA MUNICIPAL DE UBERLÂNDIA;Op Crédito Infraestrutura Urbana - Obras;SECRETARIA MUNICIPAL DE OBRAS;13;0.00;333333.33
02;2112010104;2022;190;Operações de Crédito Internas;11;PREFEITURA MUNICIPAL DE UBERLÂNDIA;Op Crédito Infraestrutura Urbana - Obras;SECRETARIA MUNICIPAL DE OBRAS;13;0.00;333333.33
02;2112010104;2022;190;Operações de Crédito Internas;12;PREFEITURA MUNICIPAL DE UBERLÂNDIA;Op Crédito Infraestrutura Urbana - Obras;SECRETARIA MUNICIPAL DE OBRAS;13;0.00;333333.37
02;2112010105;2022;190;Operações de Crédito Internas;12;PREFEITURA MUNICIPAL DE UBERLÂNDIA;Op Crédito Const ou Melhoria Edific Públicas BDMG;SECRETARIA MUNICIPAL DE OBRAS;13;205588.37;0.00
02;2112010106;2022;190;Operações de Crédito Internas;8;PREFEITURA MUNICIPAL DE UBERLÂNDIA;Infra e Mobilidade Urbana CEF 553816/67;SECRETARIA MUNICIPAL DE OBRAS;13;25000000.00;0.00
02;2112010107;2022;190;Operações de Crédito Internas;9;PREFEITURA MUNICIPAL DE UBERLÂNDIA;Infra Urbana e Saneamento BB Contr 40/00007-9;SECRETARIA MUNICIPAL DE OBRAS;13;2615751.88;0.00
02;2112010107;2022;190;Operações de Crédito Internas;10;PREFEITURA MUNICIPAL DE UBERLÂNDIA;Infra Urbana e Saneamento BB Contr 40/00007-9;SECRETARIA MUNICIPAL DE OBRAS;13;15000000.00;0.00
02;2112520101;2022;190;Operações de Crédito Internas;1;PREFEITURA MUNICIPAL DE UBERLÂNDIA;Operações de Crédito Internas - Ampliação Sistema ;SECRETARIA MUNICIPAL DE FINANÇAS;06;0.00;0.00
02;2112520101;2022;190;Operações de Crédito Internas;2;PREFEITURA MUNICIPAL DE UBERLÂNDIA;Operações de Crédito Internas - Ampliação Sistema ;SECRETARIA MUNICIPAL DE FINANÇAS;06;420584.90;2088915.96
02;2112520101;2022;190;Operações de Crédito Internas;3;PREFEITURA MUNICIPAL DE UBERLÂNDIA;Operações de Crédito Internas - Ampliação Sistema ;SECRETARIA MUNICIPAL DE FINANÇAS;06;0.00;5258228.47
02;2112520101;2022;190;Operações de Crédito Internas;4;PREFEITURA MUNICIPAL DE UBERLÂNDIA;Operações de Crédito Internas - Ampliação Sistema ;SECRETARIA MUNICIPAL DE FINANÇAS;06;0.00;0.00
02;2112520101;2022;190;Operações de Crédito Internas;5;PREFEITURA MUNICIPAL DE UBERLÂNDIA;Operações de Crédito Internas - Ampliação Sistema ;SECRETARIA MUNICIPAL DE FINANÇAS;06;3023698.79;0.00
02;2112520101;2022;190;Operações de Crédito Internas;6;PREFEITURA MUNICIPAL DE UBERLÂNDIA;Operações de Crédito Internas - Ampliação Sistema ;SECRETARIA MUNICIPAL DE FINANÇAS;06;0.00;2243498.55
02;2112520101;2022;190;Operações de Crédito Internas;7;PREFEITURA MUNICIPAL DE UBERLÂNDIA;Operações de Crédito Internas - Ampliação Sistema ;SECRETARIA MUNICIPAL DE FINANÇAS;06;0.00;4161740.37
02;2112520101;2022;190;Operações de Crédito Internas;8;PREFEITURA MUNICIPAL DE UBERLÂNDIA;Operações de Crédito Internas - Ampliação Sistema ;SECRETARIA MUNICIPAL DE FINANÇAS;06;0.00;3366883.60
02;2112520101;2022;190;Operações de Crédito Internas;9;PREFEITURA MUNICIPAL DE UBERLÂNDIA;Operações de Crédito Internas - Ampliação Sistema ;SECRETARIA MUNICIPAL DE FINANÇAS;06;0.00;0.00
02;2112520101;2022;190;Operações de Crédito Internas;10;PREFEITURA MUNICIPAL DE UBERLÂNDIA;Operações de Crédito Internas - Ampliação Sistema ;SECRETARIA MUNICIPAL DE FINANÇAS;06;0.00;0.00
02;2112520101;2022;190;Operações de Crédito Internas;11;PREFEITURA MUNICIPAL DE UBERLÂNDIA;Operações de Crédito Internas - Ampliação Sistema ;SECRETARIA MUNICIPAL DE FINANÇAS;06;0.00;3664235.39
02;2112520101;2022;190;Operações de Crédito Internas;12;PREFEITURA MUNICIPAL DE UBERLÂNDIA;Operações de Crédito Internas - Ampliação Sistema ;SECRETARIA MUNICIPAL DE FINANÇAS;06;1289429.67;6716497.66
02;2112540101;2022;190;Operações de Crédito Internas;1;PREFEITURA MUNICIPAL DE UBERLÂNDIA;Operações de Crédito Internas para Programas de Mo;SECRETARIA MUNICIPAL DE FINANÇAS;06;0.00;0.00
02;2112540101;2022;190;Operações de Crédito Internas;2;PREFEITURA MUNICIPAL DE UBERLÂNDIA;Operações de Crédito Internas para Programas de Mo;SECRETARIA MUNICIPAL DE FINANÇAS;06;2220000.00;0.00
02;2112540101;2022;190;Operações de Crédito Internas;3;PREFEITURA MUNICIPAL DE UBERLÂNDIA;Operações de Crédito Internas para Programas de Mo;SECRETARIA MUNICIPAL DE FINANÇAS;06;0.00;0.00
02;2112540101;2022;190;Operações de Crédito Internas;4;PREFEITURA MUNICIPAL DE UBERLÂNDIA;Operações de Crédito Internas para Programas de Mo;SECRETARIA MUNICIPAL DE FINANÇAS;06;0.00;0.00
02;2112540101;2022;190;Operações de Crédito Internas;5;PREFEITURA MUNICIPAL DE UBERLÂNDIA;Operações de Crédito Internas para Programas de Mo;SECRETARIA MUNICIPAL DE FINANÇAS;06;0.00;0.00
02;2112540101;2022;190;Operações de Crédito Internas;6;PREFEITURA MUNICIPAL DE UBERLÂNDIA;Operações de Crédito Internas para Programas de Mo;SECRETARIA MUNICIPAL DE FINANÇAS;06;6958184.00;0.00
02;2112540101;2022;190;Operações de Crédito Internas;7;PREFEITURA MUNICIPAL DE UBERLÂNDIA;Operações de Crédito Internas para Programas de Mo;SECRETARIA MUNICIPAL DE FINANÇAS;06;0.00;0.00
02;2112540101;2022;190;Operações de Crédito Internas;8;PREFEITURA MUNICIPAL DE UBERLÂNDIA;Operações de Crédito Internas para Programas de Mo;SECRETARIA MUNICIPAL DE FINANÇAS;06;0.00;0.00
02;2112540101;2022;190;Operações de Crédito Internas;9;PREFEITURA MUNICIPAL DE UBERLÂNDIA;Operações de Crédito Internas para Programas de Mo;SECRETARIA MUNICIPAL DE FINANÇAS;06;0.00;0.00
02;2112540101;2022;190;Operações de Crédito Internas;10;PREFEITURA MUNICIPAL DE UBERLÂNDIA;Operações de Crédito Internas para Programas de Mo;SECRETARIA MUNICIPAL DE FINANÇAS;06;0.00;9900000.00
02;2112540101;2022;190;Operações de Crédito Internas;11;PREFEITURA MUNICIPAL DE UBERLÂNDIA;Operações de Crédito Internas para Programas de Mo;SECRETARIA MUNICIPAL DE FINANÇAS;06;0.00;0.00
02;2112540101;2022;190;Operações de Crédito Internas;12;PREFEITURA MUNICIPAL DE UBERLÂNDIA;Operações de Crédito Internas para Programas de Mo;SECRETARIA MUNICIPAL DE FINANÇAS;06;0.00;0.00
02;2119990101;2022;190;Operações de Crédito Internas;1;PREFEITURA MUNICIPAL DE UBERLÂNDIA;Op. de Crédito - Prog Infra Urbana e Saneamento Bá;SECRETARIA MUNICIPAL DE FINANÇAS;06;0.00;2750000.00
02;2119990101;2022;190;Operações de Crédito Internas;2;PREFEITURA MUNICIPAL DE UBERLÂNDIA;Op. de Crédito - Prog Infra Urbana e Saneamento Bá;SECRETARIA MUNICIPAL DE FINANÇAS;06;0.00;2750000.00
02;2119990101;2022;190;Operações de Crédito Internas;3;PREFEITURA MUNICIPAL DE UBERLÂNDIA;Op. de Crédito - Prog Infra Urbana e Saneamento Bá;SECRETARIA MUNICIPAL DE FINANÇAS;06;0.00;2750000.00
02;2119990101;2022;190;Operações de Crédito Internas;4;PREFEITURA MUNICIPAL DE UBERLÂNDIA;Op. de Crédito - Prog Infra Urbana e Saneamento Bá;SECRETARIA MUNICIPAL DE FINANÇAS;06;0.00;2750000.00
02;2119990101;2022;190;Operações de Crédito Internas;5;PREFEITURA MUNICIPAL DE UBERLÂNDIA;Op. de Crédito - Prog Infra Urbana e Saneamento Bá;SECRETARIA MUNICIPAL DE FINANÇAS;06;0.00;2750000.00
02;2119990101;2022;190;Operações de Crédito Internas;6;PREFEITURA MUNICIPAL DE UBERLÂNDIA;Op. de Crédito - Prog Infra Urbana e Saneamento Bá;SECRETARIA MUNICIPAL DE FINANÇAS;06;0.00;2750000.00
02;2119990101;2022;190;Operações de Crédito Internas;7;PREFEITURA MUNICIPAL DE UBERLÂNDIA;Op. de Crédito - Prog Infra Urbana e Saneamento Bá;SECRETARIA MUNICIPAL DE FINANÇAS;06;0.00;2750000.00
02;2119990101;2022;190;Operações de Crédito Internas;8;PREFEITURA MUNICIPAL DE UBERLÂNDIA;Op. de Crédito - Prog Infra Urbana e Saneamento Bá;SECRETARIA MUNICIPAL DE FINANÇAS;06;0.00;2750000.00
02;2119990101;2022;190;Operações de Crédito Internas;9;PREFEITURA MUNICIPAL DE UBERLÂNDIA;Op. de Crédito - Prog Infra Urbana e Saneamento Bá;SECRETARIA MUNICIPAL DE FINANÇAS;06;0.00;2750000.00
02;2119990101;2022;190;Operações de Crédito Internas;10;PREFEITURA MUNICIPAL DE UBERLÂNDIA;Op. de Crédito - Prog Infra Urbana e Saneamento Bá;SECRETARIA MUNICIPAL DE FINANÇAS;06;0.00;2750000.00
02;2119990101;2022;190;Operações de Crédito Internas;11;PREFEITURA MUNICIPAL DE UBERLÂNDIA;Op. de Crédito - Prog Infra Urbana e Saneamento Bá;SECRETARIA MUNICIPAL DE FINANÇAS;06;0.00;2750000.00
02;2119990101;2022;190;Operações de Crédito Internas;12;PREFEITURA MUNICIPAL DE UBERLÂNDIA;Op. de Crédito - Prog Infra Urbana e Saneamento Bá;SECRETARIA MUNICIPAL DE FINANÇAS;06;0.00;2750000.00
02;2119990102;2022;190;Operações de Crédito Internas;1;PREFEITURA MUNICIPAL DE UBERLÂNDIA;Op. de Crédito - Prog Infra Urbana e Saneamento Bá;SECRETARIA MUNICIPAL DE OBRAS;13;0.00;19583333.33
02;2119990102;2022;190;Operações de Crédito Internas;2;PREFEITURA MUNICIPAL DE UBERLÂNDIA;Op. de Crédito - Prog Infra Urbana e Saneamento Bá;SECRETARIA MUNICIPAL DE OBRAS;13;0.00;19583333.33
02;2119990102;2022;190;Operações de Crédito Internas;3;PREFEITURA MUNICIPAL DE UBERLÂNDIA;Op. de Crédito - Prog Infra Urbana e Saneamento Bá;SECRETARIA MUNICIPAL DE OBRAS;13;0.00;19583333.33
02;2119990102;2022;190;Operações de Crédito Internas;4;PREFEITURA MUNICIPAL DE UBERLÂNDIA;Op. de Crédito - Prog Infra Urbana e Saneamento Bá;SECRETARIA MUNICIPAL DE OBRAS;13;0.00;19583333.33
02;2119990102;2022;190;Operações de Crédito Internas;5;PREFEITURA MUNICIPAL DE UBERLÂNDIA;Op. de Crédito - Prog Infra Urbana e Saneamento Bá;SECRETARIA MUNICIPAL DE OBRAS;13;0.00;19583333.33
02;2119990102;2022;190;Operações de Crédito Internas;6;PREFEITURA MUNICIPAL DE UBERLÂNDIA;Op. de Crédito - Prog Infra Urbana e Saneamento Bá;SECRETARIA MUNICIPAL DE OBRAS;13;0.00;19583333.33
02;2119990102;2022;190;Operações de Crédito Internas;7;PREFEITURA MUNICIPAL DE UBERLÂNDIA;Op. de Crédito - Prog Infra Urbana e Saneamento Bá;SECRETARIA MUNICIPAL DE OBRAS;13;12500000.00;19583333.33
02;2119990102;2022;190;Operações de Crédito Internas;8;PREFEITURA MUNICIPAL DE UBERLÂNDIA;Op. de Crédito - Prog Infra Urbana e Saneamento Bá;SECRETARIA MUNICIPAL DE OBRAS;13;0.00;19583333.33
02;2119990102;2022;190;Operações de Crédito Internas;9;PREFEITURA MUNICIPAL DE UBERLÂNDIA;Op. de Crédito - Prog Infra Urbana e Saneamento Bá;SECRETARIA MUNICIPAL DE OBRAS;13;0.00;19583333.33
02;2119990102;2022;190;Operações de Crédito Internas;10;PREFEITURA MUNICIPAL DE UBERLÂNDIA;Op. de Crédito - Prog Infra Urbana e Saneamento Bá;SECRETARIA MUNICIPAL DE OBRAS;13;0.00;19583333.33
02;2119990102;2022;190;Operações de Crédito Internas;11;PREFEITURA MUNICIPAL DE UBERLÂNDIA;Op. de Crédito - Prog Infra Urbana e Saneamento Bá;SECRETARIA MUNICIPAL DE OBRAS;13;0.00;19583333.33
02;2119990102;2022;190;Operações de Crédito Internas;12;PREFEITURA MUNICIPAL DE UBERLÂNDIA;Op. de Crédito - Prog Infra Urbana e Saneamento Bá;SECRETARIA MUNICIPAL DE OBRAS;13;0.00;19583333.37
02;2119990102;2022;190;Operações de Crédito Internas;1;PREFEITURA MUNICIPAL DE UBERLÂNDIA;Op. de Crédito - Prog Infra Urbana e Saneamento Bá;SECRETARIA MUNICIPAL DE TRÂNSITO E TRANSPORTES;15;0.00;1666666.67
02;2119990102;2022;190;Operações de Crédito Internas;2;PREFEITURA MUNICIPAL DE UBERLÂNDIA;Op. de Crédito - Prog Infra Urbana e Saneamento Bá;SECRETARIA MUNICIPAL DE TRÂNSITO E TRANSPORTES;15;0.00;1666666.67
02;2119990102;2022;190;Operações de Crédito Internas;3;PREFEITURA MUNICIPAL DE UBERLÂNDIA;Op. de Crédito - Prog Infra Urbana e Saneamento Bá;SECRETARIA MUNICIPAL DE TRÂNSITO E TRANSPORTES;15;12500000.00;1666666.67
02;2119990102;2022;190;Operações de Crédito Internas;4;PREFEITURA MUNICIPAL DE UBERLÂNDIA;Op. de Crédito - Prog Infra Urbana e Saneamento Bá;SECRETARIA MUNICIPAL DE TRÂNSITO E TRANSPORTES;15;0.00;1666666.67
02;2119990102;2022;190;Operações de Crédito Internas;5;PREFEITURA MUNICIPAL DE UBERLÂNDIA;Op. de Crédito - Prog Infra Urbana e Saneamento Bá;SECRETARIA MUNICIPAL DE TRÂNSITO E TRANSPORTES;15;0.00;1666666.67
02;2119990102;2022;190;Operações de Crédito Internas;6;PREFEITURA MUNICIPAL DE UBERLÂNDIA;Op. de Crédito - Prog Infra Urbana e Saneamento Bá;SECRETARIA MUNICIPAL DE TRÂNSITO E TRANSPORTES;15;0.00;1666666.67
02;2119990102;2022;190;Operações de Crédito Internas;7;PREFEITURA MUNICIPAL DE UBERLÂNDIA;Op. de Crédito - Prog Infra Urbana e Saneamento Bá;SECRETARIA MUNICIPAL DE TRÂNSITO E TRANSPORTES;15;0.00;1666666.67
02;2119990102;2022;190;Operações de Crédito Internas;8;PREFEITURA MUNICIPAL DE UBERLÂNDIA;Op. de Crédito - Prog Infra Urbana e Saneamento Bá;SECRETARIA MUNICIPAL DE TRÂNSITO E TRANSPORTES;15;0.00;1666666.67
02;2119990102;2022;190;Operações de Crédito Internas;9;PREFEITURA MUNICIPAL DE UBERLÂNDIA;Op. de Crédito - Prog Infra Urbana e Saneamento Bá;SECRETARIA MUNICIPAL DE TRÂNSITO E TRANSPORTES;15;0.00;1666666.67
02;2119990102;2022;190;Operações de Crédito Internas;10;PREFEITURA MUNICIPAL DE UBERLÂNDIA;Op. de Crédito - Prog Infra Urbana e Saneamento Bá;SECRETARIA MUNICIPAL DE TRÂNSITO E TRANSPORTES;15;0.00;1666666.67
02;2119990102;2022;190;Operações de Crédito Internas;11;PREFEITURA MUNICIPAL DE UBERLÂNDIA;Op. de Crédito - Prog Infra Urbana e Saneamento Bá;SECRETARIA MUNICIPAL DE TRÂNSITO E TRANSPORTES;15;0.00;1666666.67
02;2119990102;2022;190;Operações de Crédito Internas;12;PREFEITURA MUNICIPAL DE UBERLÂNDIA;Op. de Crédito - Prog Infra Urbana e Saneamento Bá;SECRETARIA MUNICIPAL DE TRÂNSITO E TRANSPORTES;15;0.00;1666666.63
06;2213010101;2022;192;Alienação de Bens;1;Fundação de Excelência Rural de Uberlândia;Alienação de Bens Móveis e Semoventes - FERUB;FUNDAÇÃO EXCELÊNCIA RURAL DE UBERLÂNDIA-FERUB;20;0.00;2833.33
06;2213010101;2022;192;Alienação de Bens;2;Fundação de Excelência Rural de Uberlândia;Alienação de Bens Móveis e Semoventes - FERUB;FUNDAÇÃO EXCELÊNCIA RURAL DE UBERLÂNDIA-FERUB;20;0.00;2833.33
06;2213010101;2022;192;Alienação de Bens;3;Fundação de Excelência Rural de Uberlândia;Alienação de Bens Móveis e Semoventes - FERUB;FUNDAÇÃO EXCELÊNCIA RURAL DE UBERLÂNDIA-FERUB;20;0.00;2833.33
06;2213010101;2022;192;Alienação de Bens;4;Fundação de Excelência Rural de Uberlândia;Alienação de Bens Móveis e Semoventes - FERUB;FUNDAÇÃO EXCELÊNCIA RURAL DE UBERLÂNDIA-FERUB;20;0.00;2833.33
06;2213010101;2022;192;Alienação de Bens;5;Fundação de Excelência Rural de Uberlândia;Alienação de Bens Móveis e Semoventes - FERUB;FUNDAÇÃO EXCELÊNCIA RURAL DE UBERLÂNDIA-FERUB;20;0.00;2833.33
06;2213010101;2022;192;Alienação de Bens;6;Fundação de Excelência Rural de Uberlândia;Alienação de Bens Móveis e Semoventes - FERUB;FUNDAÇÃO EXCELÊNCIA RURAL DE UBERLÂNDIA-FERUB;20;0.00;2833.33
06;2213010101;2022;192;Alienação de Bens;7;Fundação de Excelência Rural de Uberlândia;Alienação de Bens Móveis e Semoventes - FERUB;FUNDAÇÃO EXCELÊNCIA RURAL DE UBERLÂNDIA-FERUB;20;0.00;2833.33
06;2213010101;2022;192;Alienação de Bens;8;Fundação de Excelência Rural de Uberlândia;Alienação de Bens Móveis e Semoventes - FERUB;FUNDAÇÃO EXCELÊNCIA RURAL DE UBERLÂNDIA-FERUB;20;0.00;2833.33
06;2213010101;2022;192;Alienação de Bens;9;Fundação de Excelência Rural de Uberlândia;Alienação de Bens Móveis e Semoventes - FERUB;FUNDAÇÃO EXCELÊNCIA RURAL DE UBERLÂNDIA-FERUB;20;0.00;2833.33
06;2213010101;2022;192;Alienação de Bens;10;Fundação de Excelência Rural de Uberlândia;Alienação de Bens Móveis e Semoventes - FERUB;FUNDAÇÃO EXCELÊNCIA RURAL DE UBERLÂNDIA-FERUB;20;0.00;2833.33
06;2213010101;2022;192;Alienação de Bens;11;Fundação de Excelência Rural de Uberlândia;Alienação de Bens Móveis e Semoventes - FERUB;FUNDAÇÃO EXCELÊNCIA RURAL DE UBERLÂNDIA-FERUB;20;0.00;2833.33
06;2213010101;2022;192;Alienação de Bens;12;Fundação de Excelência Rural de Uberlândia;Alienação de Bens Móveis e Semoventes - FERUB;FUNDAÇÃO EXCELÊNCIA RURAL DE UBERLÂNDIA-FERUB;20;0.00;2833.37
02;2213010102;2022;192;Alienação de Bens;1;PREFEITURA MUNICIPAL DE UBERLÂNDIA;Alienação de Bens Móveis e Semoventes - PMU;SECRETARIA MUNICIPAL DE FINANÇAS;06;56923.65;9656.97
02;2213010102;2022;192;Alienação de Bens;2;PREFEITURA MUNICIPAL DE UBERLÂNDIA;Alienação de Bens Móveis e Semoventes - PMU;SECRETARIA MUNICIPAL DE FINANÇAS;06;0.00;11802.18
02;2213010102;2022;192;Alienação de Bens;3;PREFEITURA MUNICIPAL DE UBERLÂNDIA;Alienação de Bens Móveis e Semoventes - PMU;SECRETARIA MUNICIPAL DE FINANÇAS;06;0.00;0.00
02;2213010102;2022;192;Alienação de Bens;4;PREFEITURA MUNICIPAL DE UBERLÂNDIA;Alienação de Bens Móveis e Semoventes - PMU;SECRETARIA MUNICIPAL DE FINANÇAS;06;0.00;12078.99
02;2213010102;2022;192;Alienação de Bens;5;PREFEITURA MUNICIPAL DE UBERLÂNDIA;Alienação de Bens Móveis e Semoventes - PMU;SECRETARIA MUNICIPAL DE FINANÇAS;06;0.00;0.00
02;2213010102;2022;192;Alienação de Bens;6;PREFEITURA MUNICIPAL DE UBERLÂNDIA;Alienação de Bens Móveis e Semoventes - PMU;SECRETARIA MUNICIPAL DE FINANÇAS;06;0.00;0.00
02;2213010102;2022;192;Alienação de Bens;7;PREFEITURA MUNICIPAL DE UBERLÂNDIA;Alienação de Bens Móveis e Semoventes - PMU;SECRETARIA MUNICIPAL DE FINANÇAS;06;0.00;0.00
02;2213010102;2022;192;Alienação de Bens;8;PREFEITURA MUNICIPAL DE UBERLÂNDIA;Alienação de Bens Móveis e Semoventes - PMU;SECRETARIA MUNICIPAL DE FINANÇAS;06;0.00;0.00
02;2213010102;2022;192;Alienação de Bens;9;PREFEITURA MUNICIPAL DE UBERLÂNDIA;Alienação de Bens Móveis e Semoventes - PMU;SECRETARIA MUNICIPAL DE FINANÇAS;06;0.00;0.00
02;2213010102;2022;192;Alienação de Bens;10;PREFEITURA MUNICIPAL DE UBERLÂNDIA;Alienação de Bens Móveis e Semoventes - PMU;SECRETARIA MUNICIPAL DE FINANÇAS;06;0.00;0.00
02;2213010102;2022;192;Alienação de Bens;11;PREFEITURA MUNICIPAL DE UBERLÂNDIA;Alienação de Bens Móveis e Semoventes - PMU;SECRETARIA MUNICIPAL DE FINANÇAS;06;0.00;0.00
02;2213010102;2022;192;Alienação de Bens;12;PREFEITURA MUNICIPAL DE UBERLÂNDIA;Alienação de Bens Móveis e Semoventes - PMU;SECRETARIA MUNICIPAL DE FINANÇAS;06;0.00;16461.86
03;2213010103;2022;192;Alienação de Bens;1;Departamento Municipal de Agua e Esgoto;Alienação de Bens Móveis e Semoventes - DMAE;DEPARTAMENTO MUNICIPAL DE AGUA E ESGOTO - DMAE;17;0.00;0.00
03;2213010103;2022;192;Alienação de Bens;2;Departamento Municipal de Agua e Esgoto;Alienação de Bens Móveis e Semoventes - DMAE;DEPARTAMENTO MUNICIPAL DE AGUA E ESGOTO - DMAE;17;0.00;0.00
03;2213010103;2022;192;Alienação de Bens;3;Departamento Municipal de Agua e Esgoto;Alienação de Bens Móveis e Semoventes - DMAE;DEPARTAMENTO MUNICIPAL DE AGUA E ESGOTO - DMAE;17;0.00;0.00
03;2213010103;2022;192;Alienação de Bens;4;Departamento Municipal de Agua e Esgoto;Alienação de Bens Móveis e Semoventes - DMAE;DEPARTAMENTO MUNICIPAL DE AGUA E ESGOTO - DMAE;17;0.00;0.00
03;2213010103;2022;192;Alienação de Bens;5;Departamento Municipal de Agua e Esgoto;Alienação de Bens Móveis e Semoventes - DMAE;DEPARTAMENTO MUNICIPAL DE AGUA E ESGOTO - DMAE;17;0.00;0.00
03;2213010103;2022;192;Alienação de Bens;6;Departamento Municipal de Agua e Esgoto;Alienação de Bens Móveis e Semoventes - DMAE;DEPARTAMENTO MUNICIPAL DE AGUA E ESGOTO - DMAE;17;0.00;100000.00
03;2213010103;2022;192;Alienação de Bens;7;Departamento Municipal de Agua e Esgoto;Alienação de Bens Móveis e Semoventes - DMAE;DEPARTAMENTO MUNICIPAL DE AGUA E ESGOTO - DMAE;17;0.00;0.00
03;2213010103;2022;192;Alienação de Bens;8;Departamento Municipal de Agua e Esgoto;Alienação de Bens Móveis e Semoventes - DMAE;DEPARTAMENTO MUNICIPAL DE AGUA E ESGOTO - DMAE;17;0.00;0.00
03;2213010103;2022;192;Alienação de Bens;9;Departamento Municipal de Agua e Esgoto;Alienação de Bens Móveis e Semoventes - DMAE;DEPARTAMENTO MUNICIPAL DE AGUA E ESGOTO - DMAE;17;0.00;0.00
03;2213010103;2022;192;Alienação de Bens;10;Departamento Municipal de Agua e Esgoto;Alienação de Bens Móveis e Semoventes - DMAE;DEPARTAMENTO MUNICIPAL DE AGUA E ESGOTO - DMAE;17;0.00;0.00
03;2213010103;2022;192;Alienação de Bens;11;Departamento Municipal de Agua e Esgoto;Alienação de Bens Móveis e Semoventes - DMAE;DEPARTAMENTO MUNICIPAL DE AGUA E ESGOTO - DMAE;17;0.00;0.00
03;2213010103;2022;192;Alienação de Bens;12;Departamento Municipal de Agua e Esgoto;Alienação de Bens Móveis e Semoventes - DMAE;DEPARTAMENTO MUNICIPAL DE AGUA E ESGOTO - DMAE;17;780057.60;0.00
04;2213010104;2022;192;Alienação de Bens;1;Fundação Uberlandense Turismo Esporte Lazer;Alienação de Bens Móveis e Semoventes - FUTEL;FUNDAÇÃO UBERLANDENSE DE TURISMO, ESPORTE E LAZER-;19;0.00;666.67
04;2213010104;2022;192;Alienação de Bens;2;Fundação Uberlandense Turismo Esporte Lazer;Alienação de Bens Móveis e Semoventes - FUTEL;FUNDAÇÃO UBERLANDENSE DE TURISMO, ESPORTE E LAZER-;19;0.00;666.67
04;2213010104;2022;192;Alienação de Bens;3;Fundação Uberlandense Turismo Esporte Lazer;Alienação de Bens Móveis e Semoventes - FUTEL;FUNDAÇÃO UBERLANDENSE DE TURISMO, ESPORTE E LAZER-;19;0.00;666.67
04;2213010104;2022;192;Alienação de Bens;4;Fundação Uberlandense Turismo Esporte Lazer;Alienação de Bens Móveis e Semoventes - FUTEL;FUNDAÇÃO UBERLANDENSE DE TURISMO, ESPORTE E LAZER-;19;0.00;666.67
04;2213010104;2022;192;Alienação de Bens;5;Fundação Uberlandense Turismo Esporte Lazer;Alienação de Bens Móveis e Semoventes - FUTEL;FUNDAÇÃO UBERLANDENSE DE TURISMO, ESPORTE E LAZER-;19;0.00;666.67
04;2213010104;2022;192;Alienação de Bens;6;Fundação Uberlandense Turismo Esporte Lazer;Alienação de Bens Móveis e Semoventes - FUTEL;FUNDAÇÃO UBERLANDENSE DE TURISMO, ESPORTE E LAZER-;19;0.00;666.67
04;2213010104;2022;192;Alienação de Bens;7;Fundação Uberlandense Turismo Esporte Lazer;Alienação de Bens Móveis e Semoventes - FUTEL;FUNDAÇÃO UBERLANDENSE DE TURISMO, ESPORTE E LAZER-;19;0.00;666.67
04;2213010104;2022;192;Alienação de Bens;8;Fundação Uberlandense Turismo Esporte Lazer;Alienação de Bens Móveis e Semoventes - FUTEL;FUNDAÇÃO UBERLANDENSE DE TURISMO, ESPORTE E LAZER-;19;0.00;666.67
04;2213010104;2022;192;Alienação de Bens;9;Fundação Uberlandense Turismo Esporte Lazer;Alienação de Bens Móveis e Semoventes - FUTEL;FUNDAÇÃO UBERLANDENSE DE TURISMO, ESPORTE E LAZER-;19;0.00;666.67
04;2213010104;2022;192;Alienação de Bens;10;Fundação Uberlandense Turismo Esporte Lazer;Alienação de Bens Móveis e Semoventes - FUTEL;FUNDAÇÃO UBERLANDENSE DE TURISMO, ESPORTE E LAZER-;19;0.00;666.67
04;2213010104;2022;192;Alienação de Bens;11;Fundação Uberlandense Turismo Esporte Lazer;Alienação de Bens Móveis e Semoventes - FUTEL;FUNDAÇÃO UBERLANDENSE DE TURISMO, ESPORTE E LAZER-;19;0.00;666.67
04;2213010104;2022;192;Alienação de Bens;12;Fundação Uberlandense Turismo Esporte Lazer;Alienação de Bens Móveis e Semoventes - FUTEL;FUNDAÇÃO UBERLANDENSE DE TURISMO, ESPORTE E LAZER-;19;0.00;666.63
02;2221010101;2022;192;Alienação de Bens;1;PREFEITURA MUNICIPAL DE UBERLÂNDIA;Alienação de Bens Imóveis - PMU;SECRETARIA MUNICIPAL DE FINANÇAS;06;73511.20;184772.31
02;2221010101;2022;192;Alienação de Bens;2;PREFEITURA MUNICIPAL DE UBERLÂNDIA;Alienação de Bens Imóveis - PMU;SECRETARIA MUNICIPAL DE FINANÇAS;06;54278.34;2094344.34
02;2221010101;2022;192;Alienação de Bens;3;PREFEITURA MUNICIPAL DE UBERLÂNDIA;Alienação de Bens Imóveis - PMU;SECRETARIA MUNICIPAL DE FINANÇAS;06;65975.45;44971.90
02;2221010101;2022;192;Alienação de Bens;4;PREFEITURA MUNICIPAL DE UBERLÂNDIA;Alienação de Bens Imóveis - PMU;SECRETARIA MUNICIPAL DE FINANÇAS;06;66657.88;1119487.89
02;2221010101;2022;192;Alienação de Bens;5;PREFEITURA MUNICIPAL DE UBERLÂNDIA;Alienação de Bens Imóveis - PMU;SECRETARIA MUNICIPAL DE FINANÇAS;06;89250.22;170645.98
02;2221010101;2022;192;Alienação de Bens;6;PREFEITURA MUNICIPAL DE UBERLÂNDIA;Alienação de Bens Imóveis - PMU;SECRETARIA MUNICIPAL DE FINANÇAS;06;65048.90;77083.22
02;2221010101;2022;192;Alienação de Bens;7;PREFEITURA MUNICIPAL DE UBERLÂNDIA;Alienação de Bens Imóveis - PMU;SECRETARIA MUNICIPAL DE FINANÇAS;06;78832.37;0.00
02;2221010101;2022;192;Alienação de Bens;8;PREFEITURA MUNICIPAL DE UBERLÂNDIA;Alienação de Bens Imóveis - PMU;SECRETARIA MUNICIPAL DE FINANÇAS;06;59243.04;47969.09
02;2221010101;2022;192;Alienação de Bens;9;PREFEITURA MUNICIPAL DE UBERLÂNDIA;Alienação de Bens Imóveis - PMU;SECRETARIA MUNICIPAL DE FINANÇAS;06;72606.52;0.00
02;2221010101;2022;192;Alienação de Bens;10;PREFEITURA MUNICIPAL DE UBERLÂNDIA;Alienação de Bens Imóveis - PMU;SECRETARIA MUNICIPAL DE FINANÇAS;06;59474.55;0.00
02;2221010101;2022;192;Alienação de Bens;11;PREFEITURA MUNICIPAL DE UBERLÂNDIA;Alienação de Bens Imóveis - PMU;SECRETARIA MUNICIPAL DE FINANÇAS;06;74796.55;0.00
02;2221010101;2022;192;Alienação de Bens;12;PREFEITURA MUNICIPAL DE UBERLÂNDIA;Alienação de Bens Imóveis - PMU;SECRETARIA MUNICIPAL DE FINANÇAS;06;0.00;10725.27
02;2221010102;2022;192;Alienação de Bens;1;PREFEITURA MUNICIPAL DE UBERLÂNDIA;Alienação de Bens Imóveis - FUMHIS;SECRETARIA MUNICIPAL DE DESENVOLVIMENTO SOCIAL E T;10;215716.38;1815645.93
02;2221010102;2022;192;Alienação de Bens;2;PREFEITURA MUNICIPAL DE UBERLÂNDIA;Alienação de Bens Imóveis - FUMHIS;SECRETARIA MUNICIPAL DE DESENVOLVIMENTO SOCIAL E T;10;142735.30;1626505.27
02;2221010102;2022;192;Alienação de Bens;3;PREFEITURA MUNICIPAL DE UBERLÂNDIA;Alienação de Bens Imóveis - FUMHIS;SECRETARIA MUNICIPAL DE DESENVOLVIMENTO SOCIAL E T;10;196778.63;1768858.17
02;2221010102;2022;192;Alienação de Bens;4;PREFEITURA MUNICIPAL DE UBERLÂNDIA;Alienação de Bens Imóveis - FUMHIS;SECRETARIA MUNICIPAL DE DESENVOLVIMENTO SOCIAL E T;10;257051.12;1495839.13
02;2221010102;2022;192;Alienação de Bens;5;PREFEITURA MUNICIPAL DE UBERLÂNDIA;Alienação de Bens Imóveis - FUMHIS;SECRETARIA MUNICIPAL DE DESENVOLVIMENTO SOCIAL E T;10;258320.52;1403861.32
02;2221010102;2022;192;Alienação de Bens;6;PREFEITURA MUNICIPAL DE UBERLÂNDIA;Alienação de Bens Imóveis - FUMHIS;SECRETARIA MUNICIPAL DE DESENVOLVIMENTO SOCIAL E T;10;227981.02;1285955.16
02;2221010102;2022;192;Alienação de Bens;7;PREFEITURA MUNICIPAL DE UBERLÂNDIA;Alienação de Bens Imóveis - FUMHIS;SECRETARIA MUNICIPAL DE DESENVOLVIMENTO SOCIAL E T;10;243483.48;1273705.63
02;2221010102;2022;192;Alienação de Bens;8;PREFEITURA MUNICIPAL DE UBERLÂNDIA;Alienação de Bens Imóveis - FUMHIS;SECRETARIA MUNICIPAL DE DESENVOLVIMENTO SOCIAL E T;10;255270.68;1301845.27
02;2221010102;2022;192;Alienação de Bens;9;PREFEITURA MUNICIPAL DE UBERLÂNDIA;Alienação de Bens Imóveis - FUMHIS;SECRETARIA MUNICIPAL DE DESENVOLVIMENTO SOCIAL E T;10;219140.58;1313573.09
02;2221010102;2022;192;Alienação de Bens;10;PREFEITURA MUNICIPAL DE UBERLÂNDIA;Alienação de Bens Imóveis - FUMHIS;SECRETARIA MUNICIPAL DE DESENVOLVIMENTO SOCIAL E T;10;176793.22;1140491.89
02;2221010102;2022;192;Alienação de Bens;11;PREFEITURA MUNICIPAL DE UBERLÂNDIA;Alienação de Bens Imóveis - FUMHIS;SECRETARIA MUNICIPAL DE DESENVOLVIMENTO SOCIAL E T;10;202911.83;1103754.47
02;2221010102;2022;192;Alienação de Bens;12;PREFEITURA MUNICIPAL DE UBERLÂNDIA;Alienação de Bens Imóveis - FUMHIS;SECRETARIA MUNICIPAL DE DESENVOLVIMENTO SOCIAL E T;10;208892.40;1154964.67
03;2221010103;2022;192;Alienação de Bens;1;Departamento Municipal de Agua e Esgoto;Alienação de Bens Imóveis - DMAE;DEPARTAMENTO MUNICIPAL DE AGUA E ESGOTO - DMAE;17;0.00;0.00
03;2221010103;2022;192;Alienação de Bens;2;Departamento Municipal de Agua e Esgoto;Alienação de Bens Imóveis - DMAE;DEPARTAMENTO MUNICIPAL DE AGUA E ESGOTO - DMAE;17;0.00;0.00
03;2221010103;2022;192;Alienação de Bens;3;Departamento Municipal de Agua e Esgoto;Alienação de Bens Imóveis - DMAE;DEPARTAMENTO MUNICIPAL DE AGUA E ESGOTO - DMAE;17;0.00;0.00
03;2221010103;2022;192;Alienação de Bens;4;Departamento Municipal de Agua e Esgoto;Alienação de Bens Imóveis - DMAE;DEPARTAMENTO MUNICIPAL DE AGUA E ESGOTO - DMAE;17;0.00;0.00
03;2221010103;2022;192;Alienação de Bens;5;Departamento Municipal de Agua e Esgoto;Alienação de Bens Imóveis - DMAE;DEPARTAMENTO MUNICIPAL DE AGUA E ESGOTO - DMAE;17;0.00;0.00
03;2221010103;2022;192;Alienação de Bens;6;Departamento Municipal de Agua e Esgoto;Alienação de Bens Imóveis - DMAE;DEPARTAMENTO MUNICIPAL DE AGUA E ESGOTO - DMAE;17;0.00;200000.00
03;2221010103;2022;192;Alienação de Bens;7;Departamento Municipal de Agua e Esgoto;Alienação de Bens Imóveis - DMAE;DEPARTAMENTO MUNICIPAL DE AGUA E ESGOTO - DMAE;17;0.00;0.00
03;2221010103;2022;192;Alienação de Bens;8;Departamento Municipal de Agua e Esgoto;Alienação de Bens Imóveis - DMAE;DEPARTAMENTO MUNICIPAL DE AGUA E ESGOTO - DMAE;17;0.00;0.00
03;2221010103;2022;192;Alienação de Bens;9;Departamento Municipal de Agua e Esgoto;Alienação de Bens Imóveis - DMAE;DEPARTAMENTO MUNICIPAL DE AGUA E ESGOTO - DMAE;17;0.00;0.00
03;2221010103;2022;192;Alienação de Bens;10;Departamento Municipal de Agua e Esgoto;Alienação de Bens Imóveis - DMAE;DEPARTAMENTO MUNICIPAL DE AGUA E ESGOTO - DMAE;17;0.00;0.00
03;2221010103;2022;192;Alienação de Bens;11;Departamento Municipal de Agua e Esgoto;Alienação de Bens Imóveis - DMAE;DEPARTAMENTO MUNICIPAL DE AGUA E ESGOTO - DMAE;17;0.00;0.00
03;2221010103;2022;192;Alienação de Bens;12;Departamento Municipal de Agua e Esgoto;Alienação de Bens Imóveis - DMAE;DEPARTAMENTO MUNICIPAL DE AGUA E ESGOTO - DMAE;17;0.00;0.00
08;2221010104;2022;192;Alienação de Bens;1;EMPRESA MUNICIPAL DE APOIO E MANUTENÇÃO;Alienação de Bens Imóveis - EMAM;EMPRESA MUNICIPAL DE APOIO E MANUTENÇÃO-EMAM;21;8942.00;25000.00
08;2221010104;2022;192;Alienação de Bens;2;EMPRESA MUNICIPAL DE APOIO E MANUTENÇÃO;Alienação de Bens Imóveis - EMAM;EMPRESA MUNICIPAL DE APOIO E MANUTENÇÃO-EMAM;21;6705.86;25000.00
08;2221010104;2022;192;Alienação de Bens;3;EMPRESA MUNICIPAL DE APOIO E MANUTENÇÃO;Alienação de Bens Imóveis - EMAM;EMPRESA MUNICIPAL DE APOIO E MANUTENÇÃO-EMAM;21;9049.80;25000.00
08;2221010104;2022;192;Alienação de Bens;4;EMPRESA MUNICIPAL DE APOIO E MANUTENÇÃO;Alienação de Bens Imóveis - EMAM;EMPRESA MUNICIPAL DE APOIO E MANUTENÇÃO-EMAM;21;17269.55;25000.00
08;2221010104;2022;192;Alienação de Bens;5;EMPRESA MUNICIPAL DE APOIO E MANUTENÇÃO;Alienação de Bens Imóveis - EMAM;EMPRESA MUNICIPAL DE APOIO E MANUTENÇÃO-EMAM;21;9319.31;25000.00
08;2221010104;2022;192;Alienação de Bens;6;EMPRESA MUNICIPAL DE APOIO E MANUTENÇÃO;Alienação de Bens Imóveis - EMAM;EMPRESA MUNICIPAL DE APOIO E MANUTENÇÃO-EMAM;21;23351.73;25000.00
08;2221010104;2022;192;Alienação de Bens;7;EMPRESA MUNICIPAL DE APOIO E MANUTENÇÃO;Alienação de Bens Imóveis - EMAM;EMPRESA MUNICIPAL DE APOIO E MANUTENÇÃO-EMAM;21;10780.58;25000.00
08;2221010104;2022;192;Alienação de Bens;8;EMPRESA MUNICIPAL DE APOIO E MANUTENÇÃO;Alienação de Bens Imóveis - EMAM;EMPRESA MUNICIPAL DE APOIO E MANUTENÇÃO-EMAM;21;27664.66;25000.00
08;2221010104;2022;192;Alienação de Bens;9;EMPRESA MUNICIPAL DE APOIO E MANUTENÇÃO;Alienação de Bens Imóveis - EMAM;EMPRESA MUNICIPAL DE APOIO E MANUTENÇÃO-EMAM;21;12983.17;25000.00
08;2221010104;2022;192;Alienação de Bens;10;EMPRESA MUNICIPAL DE APOIO E MANUTENÇÃO;Alienação de Bens Imóveis - EMAM;EMPRESA MUNICIPAL DE APOIO E MANUTENÇÃO-EMAM;21;8051.12;25000.00
08;2221010104;2022;192;Alienação de Bens;11;EMPRESA MUNICIPAL DE APOIO E MANUTENÇÃO;Alienação de Bens Imóveis - EMAM;EMPRESA MUNICIPAL DE APOIO E MANUTENÇÃO-EMAM;21;9454.03;25000.00
08;2221010104;2022;192;Alienação de Bens;12;EMPRESA MUNICIPAL DE APOIO E MANUTENÇÃO;Alienação de Bens Imóveis - EMAM;EMPRESA MUNICIPAL DE APOIO E MANUTENÇÃO-EMAM;21;7877.66;25000.00
02;2221010105;2022;192;Alienação de Bens;1;PREFEITURA MUNICIPAL DE UBERLÂNDIA;Alienação de Bens Imóveis - FMU;SECRETARIA MUNICIPAL DE PLANEJAMENTO URBANO;34;0.00;0.00
02;2221010105;2022;192;Alienação de Bens;2;PREFEITURA MUNICIPAL DE UBERLÂNDIA;Alienação de Bens Imóveis - FMU;SECRETARIA MUNICIPAL DE PLANEJAMENTO URBANO;34;0.00;0.00
02;2221010105;2022;192;Alienação de Bens;3;PREFEITURA MUNICIPAL DE UBERLÂNDIA;Alienação de Bens Imóveis - FMU;SECRETARIA MUNICIPAL DE PLANEJAMENTO URBANO;34;0.00;0.00
02;2221010105;2022;192;Alienação de Bens;4;PREFEITURA MUNICIPAL DE UBERLÂNDIA;Alienação de Bens Imóveis - FMU;SECRETARIA MUNICIPAL DE PLANEJAMENTO URBANO;34;346472.05;0.00
02;2221010105;2022;192;Alienação de Bens;5;PREFEITURA MUNICIPAL DE UBERLÂNDIA;Alienação de Bens Imóveis - FMU;SECRETARIA MUNICIPAL DE PLANEJAMENTO URBANO;34;654493.78;0.00
02;2221010105;2022;192;Alienação de Bens;6;PREFEITURA MUNICIPAL DE UBERLÂNDIA;Alienação de Bens Imóveis - FMU;SECRETARIA MUNICIPAL DE PLANEJAMENTO URBANO;34;308700.00;105000.00
02;2221010105;2022;192;Alienação de Bens;7;PREFEITURA MUNICIPAL DE UBERLÂNDIA;Alienação de Bens Imóveis - FMU;SECRETARIA MUNICIPAL DE PLANEJAMENTO URBANO;34;279058.48;0.00
02;2221010105;2022;192;Alienação de Bens;8;PREFEITURA MUNICIPAL DE UBERLÂNDIA;Alienação de Bens Imóveis - FMU;SECRETARIA MUNICIPAL DE PLANEJAMENTO URBANO;34;0.00;0.00
02;2221010105;2022;192;Alienação de Bens;9;PREFEITURA MUNICIPAL DE UBERLÂNDIA;Alienação de Bens Imóveis - FMU;SECRETARIA MUNICIPAL DE PLANEJAMENTO URBANO;34;0.00;0.00
02;2221010105;2022;192;Alienação de Bens;10;PREFEITURA MUNICIPAL DE UBERLÂNDIA;Alienação de Bens Imóveis - FMU;SECRETARIA MUNICIPAL DE PLANEJAMENTO URBANO;34;240266.70;0.00
02;2221010105;2022;192;Alienação de Bens;11;PREFEITURA MUNICIPAL DE UBERLÂNDIA;Alienação de Bens Imóveis - FMU;SECRETARIA MUNICIPAL DE PLANEJAMENTO URBANO;34;0.00;0.00
02;2221010105;2022;192;Alienação de Bens;12;PREFEITURA MUNICIPAL DE UBERLÂNDIA;Alienação de Bens Imóveis - FMU;SECRETARIA MUNICIPAL DE PLANEJAMENTO URBANO;34;36748.90;0.00
02;2221010106;2022;192;Alienação de Bens;2;PREFEITURA MUNICIPAL DE UBERLÂNDIA;Alien Bens Imóveis Atualização Monetária- FUMHIS;SECRETARIA MUNICIPAL DE DESENVOLVIMENTO SOCIAL E T;10;6360.20;0.00
02;2221010106;2022;192;Alienação de Bens;3;PREFEITURA MUNICIPAL DE UBERLÂNDIA;Alien Bens Imóveis Atualização Monetária- FUMHIS;SECRETARIA MUNICIPAL DE DESENVOLVIMENTO SOCIAL E T;10;6470.55;0.00
02;2221010106;2022;192;Alienação de Bens;4;PREFEITURA MUNICIPAL DE UBERLÂNDIA;Alien Bens Imóveis Atualização Monetária- FUMHIS;SECRETARIA MUNICIPAL DE DESENVOLVIMENTO SOCIAL E T;10;7455.98;0.00
02;2221010106;2022;192;Alienação de Bens;5;PREFEITURA MUNICIPAL DE UBERLÂNDIA;Alien Bens Imóveis Atualização Monetária- FUMHIS;SECRETARIA MUNICIPAL DE DESENVOLVIMENTO SOCIAL E T;10;10186.93;0.00
02;2221010106;2022;192;Alienação de Bens;6;PREFEITURA MUNICIPAL DE UBERLÂNDIA;Alien Bens Imóveis Atualização Monetária- FUMHIS;SECRETARIA MUNICIPAL DE DESENVOLVIMENTO SOCIAL E T;10;5881.66;0.00
02;2221010106;2022;192;Alienação de Bens;7;PREFEITURA MUNICIPAL DE UBERLÂNDIA;Alien Bens Imóveis Atualização Monetária- FUMHIS;SECRETARIA MUNICIPAL DE DESENVOLVIMENTO SOCIAL E T;10;35315.99;0.00
02;2221010106;2022;192;Alienação de Bens;8;PREFEITURA MUNICIPAL DE UBERLÂNDIA;Alien Bens Imóveis Atualização Monetária- FUMHIS;SECRETARIA MUNICIPAL DE DESENVOLVIMENTO SOCIAL E T;10;32201.58;0.00
02;2221010106;2022;192;Alienação de Bens;9;PREFEITURA MUNICIPAL DE UBERLÂNDIA;Alien Bens Imóveis Atualização Monetária- FUMHIS;SECRETARIA MUNICIPAL DE DESENVOLVIMENTO SOCIAL E T;10;8835.17;0.00
02;2221010106;2022;192;Alienação de Bens;10;PREFEITURA MUNICIPAL DE UBERLÂNDIA;Alien Bens Imóveis Atualização Monetária- FUMHIS;SECRETARIA MUNICIPAL DE DESENVOLVIMENTO SOCIAL E T;10;22871.09;0.00
02;2221010106;2022;192;Alienação de Bens;11;PREFEITURA MUNICIPAL DE UBERLÂNDIA;Alien Bens Imóveis Atualização Monetária- FUMHIS;SECRETARIA MUNICIPAL DE DESENVOLVIMENTO SOCIAL E T;10;31150.62;0.00
02;2221010106;2022;192;Alienação de Bens;12;PREFEITURA MUNICIPAL DE UBERLÂNDIA;Alien Bens Imóveis Atualização Monetária- FUMHIS;SECRETARIA MUNICIPAL DE DESENVOLVIMENTO SOCIAL E T;10;30908.67;0.00
02;2221010301;2022;192;Alienação de Bens;1;PREFEITURA MUNICIPAL DE UBERLÂNDIA;Outras Receitas de Capital - Divida Ativa - FMHIS;SECRETARIA MUNICIPAL DE DESENVOLVIMENTO SOCIAL E T;10;141.11;1987.77
02;2221010301;2022;192;Alienação de Bens;2;PREFEITURA MUNICIPAL DE UBERLÂNDIA;Outras Receitas de Capital - Divida Ativa - FMHIS;SECRETARIA MUNICIPAL DE DESENVOLVIMENTO SOCIAL E T;10;26.30;1108.46
02;2221010301;2022;192;Alienação de Bens;3;PREFEITURA MUNICIPAL DE UBERLÂNDIA;Outras Receitas de Capital - Divida Ativa - FMHIS;SECRETARIA MUNICIPAL DE DESENVOLVIMENTO SOCIAL E T;10;26.30;2831.25
02;2221010301;2022;192;Alienação de Bens;4;PREFEITURA MUNICIPAL DE UBERLÂNDIA;Outras Receitas de Capital - Divida Ativa - FMHIS;SECRETARIA MUNICIPAL DE DESENVOLVIMENTO SOCIAL E T;10;0.00;913.31
02;2221010301;2022;192;Alienação de Bens;5;PREFEITURA MUNICIPAL DE UBERLÂNDIA;Outras Receitas de Capital - Divida Ativa - FMHIS;SECRETARIA MUNICIPAL DE DESENVOLVIMENTO SOCIAL E T;10;120.45;1090.96
02;2221010301;2022;192;Alienação de Bens;6;PREFEITURA MUNICIPAL DE UBERLÂNDIA;Outras Receitas de Capital - Divida Ativa - FMHIS;SECRETARIA MUNICIPAL DE DESENVOLVIMENTO SOCIAL E T;10;60.45;1823.91
02;2221010301;2022;192;Alienação de Bens;7;PREFEITURA MUNICIPAL DE UBERLÂNDIA;Outras Receitas de Capital - Divida Ativa - FMHIS;SECRETARIA MUNICIPAL DE DESENVOLVIMENTO SOCIAL E T;10;26.30;2856.18
02;2221010301;2022;192;Alienação de Bens;8;PREFEITURA MUNICIPAL DE UBERLÂNDIA;Outras Receitas de Capital - Divida Ativa - FMHIS;SECRETARIA MUNICIPAL DE DESENVOLVIMENTO SOCIAL E T;10;30.89;1125.72
02;2221010301;2022;192;Alienação de Bens;9;PREFEITURA MUNICIPAL DE UBERLÂNDIA;Outras Receitas de Capital - Divida Ativa - FMHIS;SECRETARIA MUNICIPAL DE DESENVOLVIMENTO SOCIAL E T;10;139.92;913.18
02;2221010301;2022;192;Alienação de Bens;10;PREFEITURA MUNICIPAL DE UBERLÂNDIA;Outras Receitas de Capital - Divida Ativa - FMHIS;SECRETARIA MUNICIPAL DE DESENVOLVIMENTO SOCIAL E T;10;329.36;822.73
02;2221010301;2022;192;Alienação de Bens;11;PREFEITURA MUNICIPAL DE UBERLÂNDIA;Outras Receitas de Capital - Divida Ativa - FMHIS;SECRETARIA MUNICIPAL DE DESENVOLVIMENTO SOCIAL E T;10;80.06;13739.07
02;2221010301;2022;192;Alienação de Bens;12;PREFEITURA MUNICIPAL DE UBERLÂNDIA;Outras Receitas de Capital - Divida Ativa - FMHIS;SECRETARIA MUNICIPAL DE DESENVOLVIMENTO SOCIAL E T;10;121.57;787.46
02;2221010302;2022;192;Alienação de Bens;2;PREFEITURA MUNICIPAL DE UBERLÂNDIA;Alien Bens Imóveis Atualização Monetária-DA FUMHIS;SECRETARIA MUNICIPAL DE DESENVOLVIMENTO SOCIAL E T;10;39.24;0.00
02;2221010302;2022;192;Alienação de Bens;3;PREFEITURA MUNICIPAL DE UBERLÂNDIA;Alien Bens Imóveis Atualização Monetária-DA FUMHIS;SECRETARIA MUNICIPAL DE DESENVOLVIMENTO SOCIAL E T;10;39.24;0.00
02;2221010302;2022;192;Alienação de Bens;5;PREFEITURA MUNICIPAL DE UBERLÂNDIA;Alien Bens Imóveis Atualização Monetária-DA FUMHIS;SECRETARIA MUNICIPAL DE DESENVOLVIMENTO SOCIAL E T;10;111.85;0.00
02;2221010302;2022;192;Alienação de Bens;6;PREFEITURA MUNICIPAL DE UBERLÂNDIA;Alien Bens Imóveis Atualização Monetária-DA FUMHIS;SECRETARIA MUNICIPAL DE DESENVOLVIMENTO SOCIAL E T;10;72.10;0.00
02;2221010302;2022;192;Alienação de Bens;7;PREFEITURA MUNICIPAL DE UBERLÂNDIA;Alien Bens Imóveis Atualização Monetária-DA FUMHIS;SECRETARIA MUNICIPAL DE DESENVOLVIMENTO SOCIAL E T;10;39.23;0.00
02;2221010302;2022;192;Alienação de Bens;8;PREFEITURA MUNICIPAL DE UBERLÂNDIA;Alien Bens Imóveis Atualização Monetária-DA FUMHIS;SECRETARIA MUNICIPAL DE DESENVOLVIMENTO SOCIAL E T;10;43.28;0.00
02;2221010302;2022;192;Alienação de Bens;9;PREFEITURA MUNICIPAL DE UBERLÂNDIA;Alien Bens Imóveis Atualização Monetária-DA FUMHIS;SECRETARIA MUNICIPAL DE DESENVOLVIMENTO SOCIAL E T;10;99.17;0.00
02;2221010302;2022;192;Alienação de Bens;10;PREFEITURA MUNICIPAL DE UBERLÂNDIA;Alien Bens Imóveis Atualização Monetária-DA FUMHIS;SECRETARIA MUNICIPAL DE DESENVOLVIMENTO SOCIAL E T;10;203.56;0.00
02;2221010302;2022;192;Alienação de Bens;11;PREFEITURA MUNICIPAL DE UBERLÂNDIA;Alien Bens Imóveis Atualização Monetária-DA FUMHIS;SECRETARIA MUNICIPAL DE DESENVOLVIMENTO SOCIAL E T;10;44.11;0.00
02;2221010302;2022;192;Alienação de Bens;12;PREFEITURA MUNICIPAL DE UBERLÂNDIA;Alien Bens Imóveis Atualização Monetária-DA FUMHIS;SECRETARIA MUNICIPAL DE DESENVOLVIMENTO SOCIAL E T;10;80.37;0.00
02;2411511101;2022;153;Transferências de Recursos do SUS para Investimentos na Rede de Serviços de Saúde/ Transferências de Recursos do Sistema Único de Saúde-SUS-Bloco de Estruturação da Rede de Serviços Públicos de Saúde;1;PREFEITURA MUNICIPAL DE UBERLÂNDIA;Transferências  FNS PROSAÚDE;SECRETARIA MUNICIPAL DE SAÚDE;09;0.00;4583.33
02;2411511101;2022;153;Transferências de Recursos do SUS para Investimentos na Rede de Serviços de Saúde/ Transferências de Recursos do Sistema Único de Saúde-SUS-Bloco de Estruturação da Rede de Serviços Públicos de Saúde;2;PREFEITURA MUNICIPAL DE UBERLÂNDIA;Transferências  FNS PROSAÚDE;SECRETARIA MUNICIPAL DE SAÚDE;09;0.00;4583.33
02;2411511101;2022;153;Transferências de Recursos do SUS para Investimentos na Rede de Serviços de Saúde/ Transferências de Recursos do Sistema Único de Saúde-SUS-Bloco de Estruturação da Rede de Serviços Públicos de Saúde;3;PREFEITURA MUNICIPAL DE UBERLÂNDIA;Transferências  FNS PROSAÚDE;SECRETARIA MUNICIPAL DE SAÚDE;09;0.00;4583.33
02;2411511101;2022;153;Transferências de Recursos do SUS para Investimentos na Rede de Serviços de Saúde/ Transferências de Recursos do Sistema Único de Saúde-SUS-Bloco de Estruturação da Rede de Serviços Públicos de Saúde;4;PREFEITURA MUNICIPAL DE UBERLÂNDIA;Transferências  FNS PROSAÚDE;SECRETARIA MUNICIPAL DE SAÚDE;09;0.00;4583.33
02;2411511101;2022;153;Transferências de Recursos do SUS para Investimentos na Rede de Serviços de Saúde/ Transferências de Recursos do Sistema Único de Saúde-SUS-Bloco de Estruturação da Rede de Serviços Públicos de Saúde;5;PREFEITURA MUNICIPAL DE UBERLÂNDIA;Transferências  FNS PROSAÚDE;SECRETARIA MUNICIPAL DE SAÚDE;09;0.00;4583.33
02;2411511101;2022;153;Transferências de Recursos do SUS para Investimentos na Rede de Serviços de Saúde/ Transferências de Recursos do Sistema Único de Saúde-SUS-Bloco de Estruturação da Rede de Serviços Públicos de Saúde;6;PREFEITURA MUNICIPAL DE UBERLÂNDIA;Transferências  FNS PROSAÚDE;SECRETARIA MUNICIPAL DE SAÚDE;09;0.00;4583.33
02;2411511101;2022;153;Transferências de Recursos do SUS para Investimentos na Rede de Serviços de Saúde/ Transferências de Recursos do Sistema Único de Saúde-SUS-Bloco de Estruturação da Rede de Serviços Públicos de Saúde;7;PREFEITURA MUNICIPAL DE UBERLÂNDIA;Transferências  FNS PROSAÚDE;SECRETARIA MUNICIPAL DE SAÚDE;09;0.00;4583.33
02;2411511101;2022;153;Transferências de Recursos do SUS para Investimentos na Rede de Serviços de Saúde/ Transferências de Recursos do Sistema Único de Saúde-SUS-Bloco de Estruturação da Rede de Serviços Públicos de Saúde;8;PREFEITURA MUNICIPAL DE UBERLÂNDIA;Transferências  FNS PROSAÚDE;SECRETARIA MUNICIPAL DE SAÚDE;09;0.00;4583.33
02;2411511101;2022;153;Transferências de Recursos do SUS para Investimentos na Rede de Serviços de Saúde/ Transferências de Recursos do Sistema Único de Saúde-SUS-Bloco de Estruturação da Rede de Serviços Públicos de Saúde;9;PREFEITURA MUNICIPAL DE UBERLÂNDIA;Transferências  FNS PROSAÚDE;SECRETARIA MUNICIPAL DE SAÚDE;09;0.00;4583.33
02;2411511101;2022;153;Transferências de Recursos do SUS para Investimentos na Rede de Serviços de Saúde/ Transferências de Recursos do Sistema Único de Saúde-SUS-Bloco de Estruturação da Rede de Serviços Públicos de Saúde;10;PREFEITURA MUNICIPAL DE UBERLÂNDIA;Transferências  FNS PROSAÚDE;SECRETARIA MUNICIPAL DE SAÚDE;09;0.00;4583.33
02;2411511101;2022;153;Transferências de Recursos do SUS para Investimentos na Rede de Serviços de Saúde/ Transferências de Recursos do Sistema Único de Saúde-SUS-Bloco de Estruturação da Rede de Serviços Públicos de Saúde;11;PREFEITURA MUNICIPAL DE UBERLÂNDIA;Transferências  FNS PROSAÚDE;SECRETARIA MUNICIPAL DE SAÚDE;09;0.00;4583.33
02;2411511101;2022;153;Transferências de Recursos do SUS para Investimentos na Rede de Serviços de Saúde/ Transferências de Recursos do Sistema Único de Saúde-SUS-Bloco de Estruturação da Rede de Serviços Públicos de Saúde;12;PREFEITURA MUNICIPAL DE UBERLÂNDIA;Transferências  FNS PROSAÚDE;SECRETARIA MUNICIPAL DE SAÚDE;09;0.00;4583.37
02;2411511102;2022;153;Transferências de Recursos do SUS para Investimentos na Rede de Serviços de Saúde/ Transferências de Recursos do Sistema Único de Saúde-SUS-Bloco de Estruturação da Rede de Serviços Públicos de Saúde;1;PREFEITURA MUNICIPAL DE UBERLÂNDIA;Transferências FNS Programa Plantas Medicinais e F;SECRETARIA MUNICIPAL DE SAÚDE;09;0.00;9166.67
02;2411511102;2022;153;Transferências de Recursos do SUS para Investimentos na Rede de Serviços de Saúde/ Transferências de Recursos do Sistema Único de Saúde-SUS-Bloco de Estruturação da Rede de Serviços Públicos de Saúde;2;PREFEITURA MUNICIPAL DE UBERLÂNDIA;Transferências FNS Programa Plantas Medicinais e F;SECRETARIA MUNICIPAL DE SAÚDE;09;0.00;9166.67
02;2411511102;2022;153;Transferências de Recursos do SUS para Investimentos na Rede de Serviços de Saúde/ Transferências de Recursos do Sistema Único de Saúde-SUS-Bloco de Estruturação da Rede de Serviços Públicos de Saúde;3;PREFEITURA MUNICIPAL DE UBERLÂNDIA;Transferências FNS Programa Plantas Medicinais e F;SECRETARIA MUNICIPAL DE SAÚDE;09;0.00;9166.67
02;2411511102;2022;153;Transferências de Recursos do SUS para Investimentos na Rede de Serviços de Saúde/ Transferências de Recursos do Sistema Único de Saúde-SUS-Bloco de Estruturação da Rede de Serviços Públicos de Saúde;4;PREFEITURA MUNICIPAL DE UBERLÂNDIA;Transferências FNS Programa Plantas Medicinais e F;SECRETARIA MUNICIPAL DE SAÚDE;09;0.00;9166.67
02;2411511102;2022;153;Transferências de Recursos do SUS para Investimentos na Rede de Serviços de Saúde/ Transferências de Recursos do Sistema Único de Saúde-SUS-Bloco de Estruturação da Rede de Serviços Públicos de Saúde;5;PREFEITURA MUNICIPAL DE UBERLÂNDIA;Transferências FNS Programa Plantas Medicinais e F;SECRETARIA MUNICIPAL DE SAÚDE;09;0.00;9166.67
02;2411511102;2022;153;Transferências de Recursos do SUS para Investimentos na Rede de Serviços de Saúde/ Transferências de Recursos do Sistema Único de Saúde-SUS-Bloco de Estruturação da Rede de Serviços Públicos de Saúde;6;PREFEITURA MUNICIPAL DE UBERLÂNDIA;Transferências FNS Programa Plantas Medicinais e F;SECRETARIA MUNICIPAL DE SAÚDE;09;0.00;9166.67
02;2411511102;2022;153;Transferências de Recursos do SUS para Investimentos na Rede de Serviços de Saúde/ Transferências de Recursos do Sistema Único de Saúde-SUS-Bloco de Estruturação da Rede de Serviços Públicos de Saúde;7;PREFEITURA MUNICIPAL DE UBERLÂNDIA;Transferências FNS Programa Plantas Medicinais e F;SECRETARIA MUNICIPAL DE SAÚDE;09;0.00;9166.67
02;2411511102;2022;153;Transferências de Recursos do SUS para Investimentos na Rede de Serviços de Saúde/ Transferências de Recursos do Sistema Único de Saúde-SUS-Bloco de Estruturação da Rede de Serviços Públicos de Saúde;8;PREFEITURA MUNICIPAL DE UBERLÂNDIA;Transferências FNS Programa Plantas Medicinais e F;SECRETARIA MUNICIPAL DE SAÚDE;09;0.00;9166.67
02;2411511102;2022;153;Transferências de Recursos do SUS para Investimentos na Rede de Serviços de Saúde/ Transferências de Recursos do Sistema Único de Saúde-SUS-Bloco de Estruturação da Rede de Serviços Públicos de Saúde;9;PREFEITURA MUNICIPAL DE UBERLÂNDIA;Transferências FNS Programa Plantas Medicinais e F;SECRETARIA MUNICIPAL DE SAÚDE;09;0.00;9166.67
02;2411511102;2022;153;Transferências de Recursos do SUS para Investimentos na Rede de Serviços de Saúde/ Transferências de Recursos do Sistema Único de Saúde-SUS-Bloco de Estruturação da Rede de Serviços Públicos de Saúde;10;PREFEITURA MUNICIPAL DE UBERLÂNDIA;Transferências FNS Programa Plantas Medicinais e F;SECRETARIA MUNICIPAL DE SAÚDE;09;0.00;9166.67
02;2411511102;2022;153;Transferências de Recursos do SUS para Investimentos na Rede de Serviços de Saúde/ Transferências de Recursos do Sistema Único de Saúde-SUS-Bloco de Estruturação da Rede de Serviços Públicos de Saúde;11;PREFEITURA MUNICIPAL DE UBERLÂNDIA;Transferências FNS Programa Plantas Medicinais e F;SECRETARIA MUNICIPAL DE SAÚDE;09;0.00;9166.67
02;2411511102;2022;153;Transferências de Recursos do SUS para Investimentos na Rede de Serviços de Saúde/ Transferências de Recursos do Sistema Único de Saúde-SUS-Bloco de Estruturação da Rede de Serviços Públicos de Saúde;12;PREFEITURA MUNICIPAL DE UBERLÂNDIA;Transferências FNS Programa Plantas Medicinais e F;SECRETARIA MUNICIPAL DE SAÚDE;09;0.00;9166.63
02;2411511103;2022;153;Transferências de Recursos do SUS para Investimentos na Rede de Serviços de Saúde/ Transferências de Recursos do Sistema Único de Saúde-SUS-Bloco de Estruturação da Rede de Serviços Públicos de Saúde;1;PREFEITURA MUNICIPAL DE UBERLÂNDIA;Transferências FNS Portaria 2627/14 Aquisição Equi;SECRETARIA MUNICIPAL DE SAÚDE;09;0.00;9166.67
02;2411511103;2022;153;Transferências de Recursos do SUS para Investimentos na Rede de Serviços de Saúde/ Transferências de Recursos do Sistema Único de Saúde-SUS-Bloco de Estruturação da Rede de Serviços Públicos de Saúde;2;PREFEITURA MUNICIPAL DE UBERLÂNDIA;Transferências FNS Portaria 2627/14 Aquisição Equi;SECRETARIA MUNICIPAL DE SAÚDE;09;0.00;9166.67
02;2411511103;2022;153;Transferências de Recursos do SUS para Investimentos na Rede de Serviços de Saúde/ Transferências de Recursos do Sistema Único de Saúde-SUS-Bloco de Estruturação da Rede de Serviços Públicos de Saúde;3;PREFEITURA MUNICIPAL DE UBERLÂNDIA;Transferências FNS Portaria 2627/14 Aquisição Equi;SECRETARIA MUNICIPAL DE SAÚDE;09;0.00;9166.67
02;2411511103;2022;153;Transferências de Recursos do SUS para Investimentos na Rede de Serviços de Saúde/ Transferências de Recursos do Sistema Único de Saúde-SUS-Bloco de Estruturação da Rede de Serviços Públicos de Saúde;4;PREFEITURA MUNICIPAL DE UBERLÂNDIA;Transferências FNS Portaria 2627/14 Aquisição Equi;SECRETARIA MUNICIPAL DE SAÚDE;09;0.00;9166.67
02;2411511103;2022;153;Transferências de Recursos do SUS para Investimentos na Rede de Serviços de Saúde/ Transferências de Recursos do Sistema Único de Saúde-SUS-Bloco de Estruturação da Rede de Serviços Públicos de Saúde;5;PREFEITURA MUNICIPAL DE UBERLÂNDIA;Transferências FNS Portaria 2627/14 Aquisição Equi;SECRETARIA MUNICIPAL DE SAÚDE;09;0.00;9166.67
02;2411511103;2022;153;Transferências de Recursos do SUS para Investimentos na Rede de Serviços de Saúde/ Transferências de Recursos do Sistema Único de Saúde-SUS-Bloco de Estruturação da Rede de Serviços Públicos de Saúde;6;PREFEITURA MUNICIPAL DE UBERLÂNDIA;Transferências FNS Portaria 2627/14 Aquisição Equi;SECRETARIA MUNICIPAL DE SAÚDE;09;0.00;9166.67
02;2411511103;2022;153;Transferências de Recursos do SUS para Investimentos na Rede de Serviços de Saúde/ Transferências de Recursos do Sistema Único de Saúde-SUS-Bloco de Estruturação da Rede de Serviços Públicos de Saúde;7;PREFEITURA MUNICIPAL DE UBERLÂNDIA;Transferências FNS Portaria 2627/14 Aquisição Equi;SECRETARIA MUNICIPAL DE SAÚDE;09;0.00;9166.67
02;2411511103;2022;153;Transferências de Recursos do SUS para Investimentos na Rede de Serviços de Saúde/ Transferências de Recursos do Sistema Único de Saúde-SUS-Bloco de Estruturação da Rede de Serviços Públicos de Saúde;8;PREFEITURA MUNICIPAL DE UBERLÂNDIA;Transferências FNS Portaria 2627/14 Aquisição Equi;SECRETARIA MUNICIPAL DE SAÚDE;09;0.00;9166.67
02;2411511103;2022;153;Transferências de Recursos do SUS para Investimentos na Rede de Serviços de Saúde/ Transferências de Recursos do Sistema Único de Saúde-SUS-Bloco de Estruturação da Rede de Serviços Públicos de Saúde;9;PREFEITURA MUNICIPAL DE UBERLÂNDIA;Transferências FNS Portaria 2627/14 Aquisição Equi;SECRETARIA MUNICIPAL DE SAÚDE;09;0.00;9166.67
02;2411511103;2022;153;Transferências de Recursos do SUS para Investimentos na Rede de Serviços de Saúde/ Transferências de Recursos do Sistema Único de Saúde-SUS-Bloco de Estruturação da Rede de Serviços Públicos de Saúde;10;PREFEITURA MUNICIPAL DE UBERLÂNDIA;Transferências FNS Portaria 2627/14 Aquisição Equi;SECRETARIA MUNICIPAL DE SAÚDE;09;0.00;9166.67
02;2411511103;2022;153;Transferências de Recursos do SUS para Investimentos na Rede de Serviços de Saúde/ Transferências de Recursos do Sistema Único de Saúde-SUS-Bloco de Estruturação da Rede de Serviços Públicos de Saúde;11;PREFEITURA MUNICIPAL DE UBERLÂNDIA;Transferências FNS Portaria 2627/14 Aquisição Equi;SECRETARIA MUNICIPAL DE SAÚDE;09;0.00;9166.67
02;2411511103;2022;153;Transferências de Recursos do SUS para Investimentos na Rede de Serviços de Saúde/ Transferências de Recursos do Sistema Único de Saúde-SUS-Bloco de Estruturação da Rede de Serviços Públicos de Saúde;12;PREFEITURA MUNICIPAL DE UBERLÂNDIA;Transferências FNS Portaria 2627/14 Aquisição Equi;SECRETARIA MUNICIPAL DE SAÚDE;09;0.00;9166.63
02;2411511104;2022;153;Transferências de Recursos do SUS para Investimentos na Rede de Serviços de Saúde/ Transferências de Recursos do Sistema Único de Saúde-SUS-Bloco de Estruturação da Rede de Serviços Públicos de Saúde;1;PREFEITURA MUNICIPAL DE UBERLÂNDIA;Transferências Portaria 156 - Implementação Comple;SECRETARIA MUNICIPAL DE SAÚDE;09;0.00;21250.00
02;2411511104;2022;153;Transferências de Recursos do SUS para Investimentos na Rede de Serviços de Saúde/ Transferências de Recursos do Sistema Único de Saúde-SUS-Bloco de Estruturação da Rede de Serviços Públicos de Saúde;2;PREFEITURA MUNICIPAL DE UBERLÂNDIA;Transferências Portaria 156 - Implementação Comple;SECRETARIA MUNICIPAL DE SAÚDE;09;0.00;21250.00
02;2411511104;2022;153;Transferências de Recursos do SUS para Investimentos na Rede de Serviços de Saúde/ Transferências de Recursos do Sistema Único de Saúde-SUS-Bloco de Estruturação da Rede de Serviços Públicos de Saúde;3;PREFEITURA MUNICIPAL DE UBERLÂNDIA;Transferências Portaria 156 - Implementação Comple;SECRETARIA MUNICIPAL DE SAÚDE;09;0.00;21250.00
02;2411511104;2022;153;Transferências de Recursos do SUS para Investimentos na Rede de Serviços de Saúde/ Transferências de Recursos do Sistema Único de Saúde-SUS-Bloco de Estruturação da Rede de Serviços Públicos de Saúde;4;PREFEITURA MUNICIPAL DE UBERLÂNDIA;Transferências Portaria 156 - Implementação Comple;SECRETARIA MUNICIPAL DE SAÚDE;09;0.00;21250.00
02;2411511104;2022;153;Transferências de Recursos do SUS para Investimentos na Rede de Serviços de Saúde/ Transferências de Recursos do Sistema Único de Saúde-SUS-Bloco de Estruturação da Rede de Serviços Públicos de Saúde;5;PREFEITURA MUNICIPAL DE UBERLÂNDIA;Transferências Portaria 156 - Implementação Comple;SECRETARIA MUNICIPAL DE SAÚDE;09;0.00;21250.00
02;2411511104;2022;153;Transferências de Recursos do SUS para Investimentos na Rede de Serviços de Saúde/ Transferências de Recursos do Sistema Único de Saúde-SUS-Bloco de Estruturação da Rede de Serviços Públicos de Saúde;6;PREFEITURA MUNICIPAL DE UBERLÂNDIA;Transferências Portaria 156 - Implementação Comple;SECRETARIA MUNICIPAL DE SAÚDE;09;0.00;21250.00
02;2411511104;2022;153;Transferências de Recursos do SUS para Investimentos na Rede de Serviços de Saúde/ Transferências de Recursos do Sistema Único de Saúde-SUS-Bloco de Estruturação da Rede de Serviços Públicos de Saúde;7;PREFEITURA MUNICIPAL DE UBERLÂNDIA;Transferências Portaria 156 - Implementação Comple;SECRETARIA MUNICIPAL DE SAÚDE;09;0.00;21250.00
02;2411511104;2022;153;Transferências de Recursos do SUS para Investimentos na Rede de Serviços de Saúde/ Transferências de Recursos do Sistema Único de Saúde-SUS-Bloco de Estruturação da Rede de Serviços Públicos de Saúde;8;PREFEITURA MUNICIPAL DE UBERLÂNDIA;Transferências Portaria 156 - Implementação Comple;SECRETARIA MUNICIPAL DE SAÚDE;09;0.00;21250.00
02;2411511104;2022;153;Transferências de Recursos do SUS para Investimentos na Rede de Serviços de Saúde/ Transferências de Recursos do Sistema Único de Saúde-SUS-Bloco de Estruturação da Rede de Serviços Públicos de Saúde;9;PREFEITURA MUNICIPAL DE UBERLÂNDIA;Transferências Portaria 156 - Implementação Comple;SECRETARIA MUNICIPAL DE SAÚDE;09;0.00;21250.00
02;2411511104;2022;153;Transferências de Recursos do SUS para Investimentos na Rede de Serviços de Saúde/ Transferências de Recursos do Sistema Único de Saúde-SUS-Bloco de Estruturação da Rede de Serviços Públicos de Saúde;10;PREFEITURA MUNICIPAL DE UBERLÂNDIA;Transferências Portaria 156 - Implementação Comple;SECRETARIA MUNICIPAL DE SAÚDE;09;0.00;21250.00
02;2411511104;2022;153;Transferências de Recursos do SUS para Investimentos na Rede de Serviços de Saúde/ Transferências de Recursos do Sistema Único de Saúde-SUS-Bloco de Estruturação da Rede de Serviços Públicos de Saúde;11;PREFEITURA MUNICIPAL DE UBERLÂNDIA;Transferências Portaria 156 - Implementação Comple;SECRETARIA MUNICIPAL DE SAÚDE;09;0.00;21250.00
02;2411511104;2022;153;Transferências de Recursos do SUS para Investimentos na Rede de Serviços de Saúde/ Transferências de Recursos do Sistema Único de Saúde-SUS-Bloco de Estruturação da Rede de Serviços Públicos de Saúde;12;PREFEITURA MUNICIPAL DE UBERLÂNDIA;Transferências Portaria 156 - Implementação Comple;SECRETARIA MUNICIPAL DE SAÚDE;09;0.00;21250.00
02;2411511105;2022;153;Transferências de Recursos do SUS para Investimentos na Rede de Serviços de Saúde/ Transferências de Recursos do Sistema Único de Saúde-SUS-Bloco de Estruturação da Rede de Serviços Públicos de Saúde;1;PREFEITURA MUNICIPAL DE UBERLÂNDIA;Transf Aqui Equip e Mat Perman - At Basica Emenda;SECRETARIA MUNICIPAL DE SAÚDE;09;0.00;0.00
02;2411511105;2022;153;Transferências de Recursos do SUS para Investimentos na Rede de Serviços de Saúde/ Transferências de Recursos do Sistema Único de Saúde-SUS-Bloco de Estruturação da Rede de Serviços Públicos de Saúde;2;PREFEITURA MUNICIPAL DE UBERLÂNDIA;Transf Aqui Equip e Mat Perman - At Basica Emenda;SECRETARIA MUNICIPAL DE SAÚDE;09;102400.00;0.00
02;2411511105;2022;153;Transferências de Recursos do SUS para Investimentos na Rede de Serviços de Saúde/ Transferências de Recursos do Sistema Único de Saúde-SUS-Bloco de Estruturação da Rede de Serviços Públicos de Saúde;3;PREFEITURA MUNICIPAL DE UBERLÂNDIA;Transf Aqui Equip e Mat Perman - At Basica Emenda;SECRETARIA MUNICIPAL DE SAÚDE;09;0.00;0.00
02;2411511105;2022;153;Transferências de Recursos do SUS para Investimentos na Rede de Serviços de Saúde/ Transferências de Recursos do Sistema Único de Saúde-SUS-Bloco de Estruturação da Rede de Serviços Públicos de Saúde;4;PREFEITURA MUNICIPAL DE UBERLÂNDIA;Transf Aqui Equip e Mat Perman - At Basica Emenda;SECRETARIA MUNICIPAL DE SAÚDE;09;0.00;0.00
02;2411511105;2022;153;Transferências de Recursos do SUS para Investimentos na Rede de Serviços de Saúde/ Transferências de Recursos do Sistema Único de Saúde-SUS-Bloco de Estruturação da Rede de Serviços Públicos de Saúde;5;PREFEITURA MUNICIPAL DE UBERLÂNDIA;Transf Aqui Equip e Mat Perman - At Basica Emenda;SECRETARIA MUNICIPAL DE SAÚDE;09;0.00;2507827.67
02;2411511105;2022;153;Transferências de Recursos do SUS para Investimentos na Rede de Serviços de Saúde/ Transferências de Recursos do Sistema Único de Saúde-SUS-Bloco de Estruturação da Rede de Serviços Públicos de Saúde;6;PREFEITURA MUNICIPAL DE UBERLÂNDIA;Transf Aqui Equip e Mat Perman - At Basica Emenda;SECRETARIA MUNICIPAL DE SAÚDE;09;0.00;0.00
02;2411511105;2022;153;Transferências de Recursos do SUS para Investimentos na Rede de Serviços de Saúde/ Transferências de Recursos do Sistema Único de Saúde-SUS-Bloco de Estruturação da Rede de Serviços Públicos de Saúde;7;PREFEITURA MUNICIPAL DE UBERLÂNDIA;Transf Aqui Equip e Mat Perman - At Basica Emenda;SECRETARIA MUNICIPAL DE SAÚDE;09;0.00;0.00
02;2411511105;2022;153;Transferências de Recursos do SUS para Investimentos na Rede de Serviços de Saúde/ Transferências de Recursos do Sistema Único de Saúde-SUS-Bloco de Estruturação da Rede de Serviços Públicos de Saúde;8;PREFEITURA MUNICIPAL DE UBERLÂNDIA;Transf Aqui Equip e Mat Perman - At Basica Emenda;SECRETARIA MUNICIPAL DE SAÚDE;09;0.00;0.00
02;2411511105;2022;153;Transferências de Recursos do SUS para Investimentos na Rede de Serviços de Saúde/ Transferências de Recursos do Sistema Único de Saúde-SUS-Bloco de Estruturação da Rede de Serviços Públicos de Saúde;9;PREFEITURA MUNICIPAL DE UBERLÂNDIA;Transf Aqui Equip e Mat Perman - At Basica Emenda;SECRETARIA MUNICIPAL DE SAÚDE;09;0.00;0.00
02;2411511105;2022;153;Transferências de Recursos do SUS para Investimentos na Rede de Serviços de Saúde/ Transferências de Recursos do Sistema Único de Saúde-SUS-Bloco de Estruturação da Rede de Serviços Públicos de Saúde;10;PREFEITURA MUNICIPAL DE UBERLÂNDIA;Transf Aqui Equip e Mat Perman - At Basica Emenda;SECRETARIA MUNICIPAL DE SAÚDE;09;0.00;0.00
02;2411511105;2022;153;Transferências de Recursos do SUS para Investimentos na Rede de Serviços de Saúde/ Transferências de Recursos do Sistema Único de Saúde-SUS-Bloco de Estruturação da Rede de Serviços Públicos de Saúde;11;PREFEITURA MUNICIPAL DE UBERLÂNDIA;Transf Aqui Equip e Mat Perman - At Basica Emenda;SECRETARIA MUNICIPAL DE SAÚDE;09;0.00;0.00
02;2411511105;2022;153;Transferências de Recursos do SUS para Investimentos na Rede de Serviços de Saúde/ Transferências de Recursos do Sistema Único de Saúde-SUS-Bloco de Estruturação da Rede de Serviços Públicos de Saúde;12;PREFEITURA MUNICIPAL DE UBERLÂNDIA;Transf Aqui Equip e Mat Perman - At Basica Emenda;SECRETARIA MUNICIPAL DE SAÚDE;09;102400.00;492172.33
02;2411511106;2022;153;Transferências de Recursos do SUS para Investimentos na Rede de Serviços de Saúde/ Transferências de Recursos do Sistema Único de Saúde-SUS-Bloco de Estruturação da Rede de Serviços Públicos de Saúde;1;PREFEITURA MUNICIPAL DE UBERLÂNDIA;Transferências FNS para Equipamentos e Materiais P;SECRETARIA MUNICIPAL DE SAÚDE;09;0.00;0.00
02;2411511106;2022;153;Transferências de Recursos do SUS para Investimentos na Rede de Serviços de Saúde/ Transferências de Recursos do Sistema Único de Saúde-SUS-Bloco de Estruturação da Rede de Serviços Públicos de Saúde;2;PREFEITURA MUNICIPAL DE UBERLÂNDIA;Transferências FNS para Equipamentos e Materiais P;SECRETARIA MUNICIPAL DE SAÚDE;09;0.00;0.00
02;2411511106;2022;153;Transferências de Recursos do SUS para Investimentos na Rede de Serviços de Saúde/ Transferências de Recursos do Sistema Único de Saúde-SUS-Bloco de Estruturação da Rede de Serviços Públicos de Saúde;3;PREFEITURA MUNICIPAL DE UBERLÂNDIA;Transferências FNS para Equipamentos e Materiais P;SECRETARIA MUNICIPAL DE SAÚDE;09;0.00;0.00
02;2411511106;2022;153;Transferências de Recursos do SUS para Investimentos na Rede de Serviços de Saúde/ Transferências de Recursos do Sistema Único de Saúde-SUS-Bloco de Estruturação da Rede de Serviços Públicos de Saúde;4;PREFEITURA MUNICIPAL DE UBERLÂNDIA;Transferências FNS para Equipamentos e Materiais P;SECRETARIA MUNICIPAL DE SAÚDE;09;0.00;0.00
02;2411511106;2022;153;Transferências de Recursos do SUS para Investimentos na Rede de Serviços de Saúde/ Transferências de Recursos do Sistema Único de Saúde-SUS-Bloco de Estruturação da Rede de Serviços Públicos de Saúde;5;PREFEITURA MUNICIPAL DE UBERLÂNDIA;Transferências FNS para Equipamentos e Materiais P;SECRETARIA MUNICIPAL DE SAÚDE;09;0.00;0.00
02;2411511106;2022;153;Transferências de Recursos do SUS para Investimentos na Rede de Serviços de Saúde/ Transferências de Recursos do Sistema Único de Saúde-SUS-Bloco de Estruturação da Rede de Serviços Públicos de Saúde;6;PREFEITURA MUNICIPAL DE UBERLÂNDIA;Transferências FNS para Equipamentos e Materiais P;SECRETARIA MUNICIPAL DE SAÚDE;09;0.00;11995000.00
02;2411511106;2022;153;Transferências de Recursos do SUS para Investimentos na Rede de Serviços de Saúde/ Transferências de Recursos do Sistema Único de Saúde-SUS-Bloco de Estruturação da Rede de Serviços Públicos de Saúde;7;PREFEITURA MUNICIPAL DE UBERLÂNDIA;Transferências FNS para Equipamentos e Materiais P;SECRETARIA MUNICIPAL DE SAÚDE;09;0.00;0.00
02;2411511106;2022;153;Transferências de Recursos do SUS para Investimentos na Rede de Serviços de Saúde/ Transferências de Recursos do Sistema Único de Saúde-SUS-Bloco de Estruturação da Rede de Serviços Públicos de Saúde;8;PREFEITURA MUNICIPAL DE UBERLÂNDIA;Transferências FNS para Equipamentos e Materiais P;SECRETARIA MUNICIPAL DE SAÚDE;09;0.00;0.00
02;2411511106;2022;153;Transferências de Recursos do SUS para Investimentos na Rede de Serviços de Saúde/ Transferências de Recursos do Sistema Único de Saúde-SUS-Bloco de Estruturação da Rede de Serviços Públicos de Saúde;9;PREFEITURA MUNICIPAL DE UBERLÂNDIA;Transferências FNS para Equipamentos e Materiais P;SECRETARIA MUNICIPAL DE SAÚDE;09;0.00;0.00
02;2411511106;2022;153;Transferências de Recursos do SUS para Investimentos na Rede de Serviços de Saúde/ Transferências de Recursos do Sistema Único de Saúde-SUS-Bloco de Estruturação da Rede de Serviços Públicos de Saúde;10;PREFEITURA MUNICIPAL DE UBERLÂNDIA;Transferências FNS para Equipamentos e Materiais P;SECRETARIA MUNICIPAL DE SAÚDE;09;0.00;0.00
02;2411511106;2022;153;Transferências de Recursos do SUS para Investimentos na Rede de Serviços de Saúde/ Transferências de Recursos do Sistema Único de Saúde-SUS-Bloco de Estruturação da Rede de Serviços Públicos de Saúde;11;PREFEITURA MUNICIPAL DE UBERLÂNDIA;Transferências FNS para Equipamentos e Materiais P;SECRETARIA MUNICIPAL DE SAÚDE;09;0.00;0.00
02;2411511106;2022;153;Transferências de Recursos do SUS para Investimentos na Rede de Serviços de Saúde/ Transferências de Recursos do Sistema Único de Saúde-SUS-Bloco de Estruturação da Rede de Serviços Públicos de Saúde;12;PREFEITURA MUNICIPAL DE UBERLÂNDIA;Transferências FNS para Equipamentos e Materiais P;SECRETARIA MUNICIPAL DE SAÚDE;09;0.00;0.00
02;2411512101;2022;153;Transferências de Recursos do SUS para Investimentos na Rede de Serviços de Saúde/ Transferências de Recursos do Sistema Único de Saúde-SUS-Bloco de Estruturação da Rede de Serviços Públicos de Saúde;1;PREFEITURA MUNICIPAL DE UBERLÂNDIA;Transf FNS - Atenção Especializada;SECRETARIA MUNICIPAL DE SAÚDE;09;0.00;0.00
02;2411512101;2022;153;Transferências de Recursos do SUS para Investimentos na Rede de Serviços de Saúde/ Transferências de Recursos do Sistema Único de Saúde-SUS-Bloco de Estruturação da Rede de Serviços Públicos de Saúde;2;PREFEITURA MUNICIPAL DE UBERLÂNDIA;Transf FNS - Atenção Especializada;SECRETARIA MUNICIPAL DE SAÚDE;09;0.00;0.00
02;2411512101;2022;153;Transferências de Recursos do SUS para Investimentos na Rede de Serviços de Saúde/ Transferências de Recursos do Sistema Único de Saúde-SUS-Bloco de Estruturação da Rede de Serviços Públicos de Saúde;3;PREFEITURA MUNICIPAL DE UBERLÂNDIA;Transf FNS - Atenção Especializada;SECRETARIA MUNICIPAL DE SAÚDE;09;0.00;0.00
02;2411512101;2022;153;Transferências de Recursos do SUS para Investimentos na Rede de Serviços de Saúde/ Transferências de Recursos do Sistema Único de Saúde-SUS-Bloco de Estruturação da Rede de Serviços Públicos de Saúde;4;PREFEITURA MUNICIPAL DE UBERLÂNDIA;Transf FNS - Atenção Especializada;SECRETARIA MUNICIPAL DE SAÚDE;09;0.00;0.00
02;2411512101;2022;153;Transferências de Recursos do SUS para Investimentos na Rede de Serviços de Saúde/ Transferências de Recursos do Sistema Único de Saúde-SUS-Bloco de Estruturação da Rede de Serviços Públicos de Saúde;5;PREFEITURA MUNICIPAL DE UBERLÂNDIA;Transf FNS - Atenção Especializada;SECRETARIA MUNICIPAL DE SAÚDE;09;0.00;297635.97
02;2411512101;2022;153;Transferências de Recursos do SUS para Investimentos na Rede de Serviços de Saúde/ Transferências de Recursos do Sistema Único de Saúde-SUS-Bloco de Estruturação da Rede de Serviços Públicos de Saúde;6;PREFEITURA MUNICIPAL DE UBERLÂNDIA;Transf FNS - Atenção Especializada;SECRETARIA MUNICIPAL DE SAÚDE;09;0.00;0.00
02;2411512101;2022;153;Transferências de Recursos do SUS para Investimentos na Rede de Serviços de Saúde/ Transferências de Recursos do Sistema Único de Saúde-SUS-Bloco de Estruturação da Rede de Serviços Públicos de Saúde;7;PREFEITURA MUNICIPAL DE UBERLÂNDIA;Transf FNS - Atenção Especializada;SECRETARIA MUNICIPAL DE SAÚDE;09;0.00;0.00
02;2411512101;2022;153;Transferências de Recursos do SUS para Investimentos na Rede de Serviços de Saúde/ Transferências de Recursos do Sistema Único de Saúde-SUS-Bloco de Estruturação da Rede de Serviços Públicos de Saúde;8;PREFEITURA MUNICIPAL DE UBERLÂNDIA;Transf FNS - Atenção Especializada;SECRETARIA MUNICIPAL DE SAÚDE;09;0.00;202364.03
02;2411512101;2022;153;Transferências de Recursos do SUS para Investimentos na Rede de Serviços de Saúde/ Transferências de Recursos do Sistema Único de Saúde-SUS-Bloco de Estruturação da Rede de Serviços Públicos de Saúde;9;PREFEITURA MUNICIPAL DE UBERLÂNDIA;Transf FNS - Atenção Especializada;SECRETARIA MUNICIPAL DE SAÚDE;09;0.00;0.00
02;2411512101;2022;153;Transferências de Recursos do SUS para Investimentos na Rede de Serviços de Saúde/ Transferências de Recursos do Sistema Único de Saúde-SUS-Bloco de Estruturação da Rede de Serviços Públicos de Saúde;10;PREFEITURA MUNICIPAL DE UBERLÂNDIA;Transf FNS - Atenção Especializada;SECRETARIA MUNICIPAL DE SAÚDE;09;0.00;0.00
02;2411512101;2022;153;Transferências de Recursos do SUS para Investimentos na Rede de Serviços de Saúde/ Transferências de Recursos do Sistema Único de Saúde-SUS-Bloco de Estruturação da Rede de Serviços Públicos de Saúde;11;PREFEITURA MUNICIPAL DE UBERLÂNDIA;Transf FNS - Atenção Especializada;SECRETARIA MUNICIPAL DE SAÚDE;09;0.00;0.00
02;2411512101;2022;153;Transferências de Recursos do SUS para Investimentos na Rede de Serviços de Saúde/ Transferências de Recursos do Sistema Único de Saúde-SUS-Bloco de Estruturação da Rede de Serviços Públicos de Saúde;12;PREFEITURA MUNICIPAL DE UBERLÂNDIA;Transf FNS - Atenção Especializada;SECRETARIA MUNICIPAL DE SAÚDE;09;0.00;0.00
02;2412509101;2022;146;Outras Transferências de Recursos do FNDE;1;PREFEITURA MUNICIPAL DE UBERLÂNDIA;TC PAC2 9548/14 - Cobertura de Quadra;SECRETARIA MUNICIPAL DE EDUCAÇÃO;07;0.00;28333.33
02;2412509101;2022;146;Outras Transferências de Recursos do FNDE;2;PREFEITURA MUNICIPAL DE UBERLÂNDIA;TC PAC2 9548/14 - Cobertura de Quadra;SECRETARIA MUNICIPAL DE EDUCAÇÃO;07;0.00;28333.33
02;2412509101;2022;146;Outras Transferências de Recursos do FNDE;3;PREFEITURA MUNICIPAL DE UBERLÂNDIA;TC PAC2 9548/14 - Cobertura de Quadra;SECRETARIA MUNICIPAL DE EDUCAÇÃO;07;121466.38;28333.33
02;2412509101;2022;146;Outras Transferências de Recursos do FNDE;4;PREFEITURA MUNICIPAL DE UBERLÂNDIA;TC PAC2 9548/14 - Cobertura de Quadra;SECRETARIA MUNICIPAL DE EDUCAÇÃO;07;0.00;28333.33
02;2412509101;2022;146;Outras Transferências de Recursos do FNDE;5;PREFEITURA MUNICIPAL DE UBERLÂNDIA;TC PAC2 9548/14 - Cobertura de Quadra;SECRETARIA MUNICIPAL DE EDUCAÇÃO;07;0.00;28333.33
02;2412509101;2022;146;Outras Transferências de Recursos do FNDE;6;PREFEITURA MUNICIPAL DE UBERLÂNDIA;TC PAC2 9548/14 - Cobertura de Quadra;SECRETARIA MUNICIPAL DE EDUCAÇÃO;07;0.00;28333.33
02;2412509101;2022;146;Outras Transferências de Recursos do FNDE;7;PREFEITURA MUNICIPAL DE UBERLÂNDIA;TC PAC2 9548/14 - Cobertura de Quadra;SECRETARIA MUNICIPAL DE EDUCAÇÃO;07;0.00;28333.33
02;2412509101;2022;146;Outras Transferências de Recursos do FNDE;8;PREFEITURA MUNICIPAL DE UBERLÂNDIA;TC PAC2 9548/14 - Cobertura de Quadra;SECRETARIA MUNICIPAL DE EDUCAÇÃO;07;0.00;28333.33
02;2412509101;2022;146;Outras Transferências de Recursos do FNDE;9;PREFEITURA MUNICIPAL DE UBERLÂNDIA;TC PAC2 9548/14 - Cobertura de Quadra;SECRETARIA MUNICIPAL DE EDUCAÇÃO;07;0.00;28333.33
02;2412509101;2022;146;Outras Transferências de Recursos do FNDE;10;PREFEITURA MUNICIPAL DE UBERLÂNDIA;TC PAC2 9548/14 - Cobertura de Quadra;SECRETARIA MUNICIPAL DE EDUCAÇÃO;07;0.00;28333.33
02;2412509101;2022;146;Outras Transferências de Recursos do FNDE;11;PREFEITURA MUNICIPAL DE UBERLÂNDIA;TC PAC2 9548/14 - Cobertura de Quadra;SECRETARIA MUNICIPAL DE EDUCAÇÃO;07;0.00;28333.33
02;2412509101;2022;146;Outras Transferências de Recursos do FNDE;12;PREFEITURA MUNICIPAL DE UBERLÂNDIA;TC PAC2 9548/14 - Cobertura de Quadra;SECRETARIA MUNICIPAL DE EDUCAÇÃO;07;0.00;28333.37
02;2412509102;2022;146;Outras Transferências de Recursos do FNDE;1;PREFEITURA MUNICIPAL DE UBERLÂNDIA;Construção de Escola de Tempo Integral;SECRETARIA MUNICIPAL DE EDUCAÇÃO;07;0.00;416666.67
02;2412509102;2022;146;Outras Transferências de Recursos do FNDE;2;PREFEITURA MUNICIPAL DE UBERLÂNDIA;Construção de Escola de Tempo Integral;SECRETARIA MUNICIPAL DE EDUCAÇÃO;07;0.00;416666.67
02;2412509102;2022;146;Outras Transferências de Recursos do FNDE;3;PREFEITURA MUNICIPAL DE UBERLÂNDIA;Construção de Escola de Tempo Integral;SECRETARIA MUNICIPAL DE EDUCAÇÃO;07;0.00;416666.67
02;2412509102;2022;146;Outras Transferências de Recursos do FNDE;4;PREFEITURA MUNICIPAL DE UBERLÂNDIA;Construção de Escola de Tempo Integral;SECRETARIA MUNICIPAL DE EDUCAÇÃO;07;0.00;416666.67
02;2412509102;2022;146;Outras Transferências de Recursos do FNDE;5;PREFEITURA MUNICIPAL DE UBERLÂNDIA;Construção de Escola de Tempo Integral;SECRETARIA MUNICIPAL DE EDUCAÇÃO;07;0.00;416666.67
02;2412509102;2022;146;Outras Transferências de Recursos do FNDE;6;PREFEITURA MUNICIPAL DE UBERLÂNDIA;Construção de Escola de Tempo Integral;SECRETARIA MUNICIPAL DE EDUCAÇÃO;07;0.00;416666.67
02;2412509102;2022;146;Outras Transferências de Recursos do FNDE;7;PREFEITURA MUNICIPAL DE UBERLÂNDIA;Construção de Escola de Tempo Integral;SECRETARIA MUNICIPAL DE EDUCAÇÃO;07;0.00;416666.67
02;2412509102;2022;146;Outras Transferências de Recursos do FNDE;8;PREFEITURA MUNICIPAL DE UBERLÂNDIA;Construção de Escola de Tempo Integral;SECRETARIA MUNICIPAL DE EDUCAÇÃO;07;0.00;416666.67
02;2412509102;2022;146;Outras Transferências de Recursos do FNDE;9;PREFEITURA MUNICIPAL DE UBERLÂNDIA;Construção de Escola de Tempo Integral;SECRETARIA MUNICIPAL DE EDUCAÇÃO;07;0.00;416666.67
02;2412509102;2022;146;Outras Transferências de Recursos do FNDE;10;PREFEITURA MUNICIPAL DE UBERLÂNDIA;Construção de Escola de Tempo Integral;SECRETARIA MUNICIPAL DE EDUCAÇÃO;07;0.00;416666.67
02;2412509102;2022;146;Outras Transferências de Recursos do FNDE;11;PREFEITURA MUNICIPAL DE UBERLÂNDIA;Construção de Escola de Tempo Integral;SECRETARIA MUNICIPAL DE EDUCAÇÃO;07;0.00;416666.67
02;2412509102;2022;146;Outras Transferências de Recursos do FNDE;12;PREFEITURA MUNICIPAL DE UBERLÂNDIA;Construção de Escola de Tempo Integral;SECRETARIA MUNICIPAL DE EDUCAÇÃO;07;0.00;416666.63
02;2412509103;2022;146;Outras Transferências de Recursos do FNDE;1;PREFEITURA MUNICIPAL DE UBERLÂNDIA;Const Escola PROINFANCIA - TC - MEC/FNDE;SECRETARIA MUNICIPAL DE EDUCAÇÃO;07;0.00;2708333.33
02;2412509103;2022;146;Outras Transferências de Recursos do FNDE;2;PREFEITURA MUNICIPAL DE UBERLÂNDIA;Const Escola PROINFANCIA - TC - MEC/FNDE;SECRETARIA MUNICIPAL DE EDUCAÇÃO;07;0.00;2708333.33
02;2412509103;2022;146;Outras Transferências de Recursos do FNDE;3;PREFEITURA MUNICIPAL DE UBERLÂNDIA;Const Escola PROINFANCIA - TC - MEC/FNDE;SECRETARIA MUNICIPAL DE EDUCAÇÃO;07;0.00;2708333.33
02;2412509103;2022;146;Outras Transferências de Recursos do FNDE;4;PREFEITURA MUNICIPAL DE UBERLÂNDIA;Const Escola PROINFANCIA - TC - MEC/FNDE;SECRETARIA MUNICIPAL DE EDUCAÇÃO;07;0.00;2708333.33
02;2412509103;2022;146;Outras Transferências de Recursos do FNDE;5;PREFEITURA MUNICIPAL DE UBERLÂNDIA;Const Escola PROINFANCIA - TC - MEC/FNDE;SECRETARIA MUNICIPAL DE EDUCAÇÃO;07;0.00;2708333.33
02;2412509103;2022;146;Outras Transferências de Recursos do FNDE;6;PREFEITURA MUNICIPAL DE UBERLÂNDIA;Const Escola PROINFANCIA - TC - MEC/FNDE;SECRETARIA MUNICIPAL DE EDUCAÇÃO;07;0.00;2708333.33
02;2412509103;2022;146;Outras Transferências de Recursos do FNDE;7;PREFEITURA MUNICIPAL DE UBERLÂNDIA;Const Escola PROINFANCIA - TC - MEC/FNDE;SECRETARIA MUNICIPAL DE EDUCAÇÃO;07;0.00;2708333.33
02;2412509103;2022;146;Outras Transferências de Recursos do FNDE;8;PREFEITURA MUNICIPAL DE UBERLÂNDIA;Const Escola PROINFANCIA - TC - MEC/FNDE;SECRETARIA MUNICIPAL DE EDUCAÇÃO;07;0.00;2708333.33
02;2412509103;2022;146;Outras Transferências de Recursos do FNDE;9;PREFEITURA MUNICIPAL DE UBERLÂNDIA;Const Escola PROINFANCIA - TC - MEC/FNDE;SECRETARIA MUNICIPAL DE EDUCAÇÃO;07;0.00;2708333.33
02;2412509103;2022;146;Outras Transferências de Recursos do FNDE;10;PREFEITURA MUNICIPAL DE UBERLÂNDIA;Const Escola PROINFANCIA - TC - MEC/FNDE;SECRETARIA MUNICIPAL DE EDUCAÇÃO;07;0.00;2708333.33
02;2412509103;2022;146;Outras Transferências de Recursos do FNDE;11;PREFEITURA MUNICIPAL DE UBERLÂNDIA;Const Escola PROINFANCIA - TC - MEC/FNDE;SECRETARIA MUNICIPAL DE EDUCAÇÃO;07;0.00;2708333.33
02;2412509103;2022;146;Outras Transferências de Recursos do FNDE;12;PREFEITURA MUNICIPAL DE UBERLÂNDIA;Const Escola PROINFANCIA - TC - MEC/FNDE;SECRETARIA MUNICIPAL DE EDUCAÇÃO;07;0.00;2708333.37
02;2412509104;2022;146;Outras Transferências de Recursos do FNDE;1;PREFEITURA MUNICIPAL DE UBERLÂNDIA;TC PAC2 8684/14 MEC/FNDE Cobertura 2 Quadras Espor;SECRETARIA MUNICIPAL DE EDUCAÇÃO;07;0.00;30416.67
02;2412509104;2022;146;Outras Transferências de Recursos do FNDE;2;PREFEITURA MUNICIPAL DE UBERLÂNDIA;TC PAC2 8684/14 MEC/FNDE Cobertura 2 Quadras Espor;SECRETARIA MUNICIPAL DE EDUCAÇÃO;07;0.00;30416.67
02;2412509104;2022;146;Outras Transferências de Recursos do FNDE;3;PREFEITURA MUNICIPAL DE UBERLÂNDIA;TC PAC2 8684/14 MEC/FNDE Cobertura 2 Quadras Espor;SECRETARIA MUNICIPAL DE EDUCAÇÃO;07;0.00;30416.67
02;2412509104;2022;146;Outras Transferências de Recursos do FNDE;4;PREFEITURA MUNICIPAL DE UBERLÂNDIA;TC PAC2 8684/14 MEC/FNDE Cobertura 2 Quadras Espor;SECRETARIA MUNICIPAL DE EDUCAÇÃO;07;0.00;30416.67
02;2412509104;2022;146;Outras Transferências de Recursos do FNDE;5;PREFEITURA MUNICIPAL DE UBERLÂNDIA;TC PAC2 8684/14 MEC/FNDE Cobertura 2 Quadras Espor;SECRETARIA MUNICIPAL DE EDUCAÇÃO;07;0.00;30416.67
02;2412509104;2022;146;Outras Transferências de Recursos do FNDE;6;PREFEITURA MUNICIPAL DE UBERLÂNDIA;TC PAC2 8684/14 MEC/FNDE Cobertura 2 Quadras Espor;SECRETARIA MUNICIPAL DE EDUCAÇÃO;07;0.00;30416.67
02;2412509104;2022;146;Outras Transferências de Recursos do FNDE;7;PREFEITURA MUNICIPAL DE UBERLÂNDIA;TC PAC2 8684/14 MEC/FNDE Cobertura 2 Quadras Espor;SECRETARIA MUNICIPAL DE EDUCAÇÃO;07;0.00;30416.67
02;2412509104;2022;146;Outras Transferências de Recursos do FNDE;8;PREFEITURA MUNICIPAL DE UBERLÂNDIA;TC PAC2 8684/14 MEC/FNDE Cobertura 2 Quadras Espor;SECRETARIA MUNICIPAL DE EDUCAÇÃO;07;0.00;30416.67
02;2412509104;2022;146;Outras Transferências de Recursos do FNDE;9;PREFEITURA MUNICIPAL DE UBERLÂNDIA;TC PAC2 8684/14 MEC/FNDE Cobertura 2 Quadras Espor;SECRETARIA MUNICIPAL DE EDUCAÇÃO;07;0.00;30416.67
02;2412509104;2022;146;Outras Transferências de Recursos do FNDE;10;PREFEITURA MUNICIPAL DE UBERLÂNDIA;TC PAC2 8684/14 MEC/FNDE Cobertura 2 Quadras Espor;SECRETARIA MUNICIPAL DE EDUCAÇÃO;07;0.00;30416.67
02;2412509104;2022;146;Outras Transferências de Recursos do FNDE;11;PREFEITURA MUNICIPAL DE UBERLÂNDIA;TC PAC2 8684/14 MEC/FNDE Cobertura 2 Quadras Espor;SECRETARIA MUNICIPAL DE EDUCAÇÃO;07;0.00;30416.67
02;2412509104;2022;146;Outras Transferências de Recursos do FNDE;12;PREFEITURA MUNICIPAL DE UBERLÂNDIA;TC PAC2 8684/14 MEC/FNDE Cobertura 2 Quadras Espor;SECRETARIA MUNICIPAL DE EDUCAÇÃO;07;0.00;30416.63
02;2412509105;2022;146;Outras Transferências de Recursos do FNDE;1;PREFEITURA MUNICIPAL DE UBERLÂNDIA;TC PAC2 6984/13 - Construir 3 Cobertura de Quadra;SECRETARIA MUNICIPAL DE EDUCAÇÃO;07;0.00;32500.00
02;2412509105;2022;146;Outras Transferências de Recursos do FNDE;2;PREFEITURA MUNICIPAL DE UBERLÂNDIA;TC PAC2 6984/13 - Construir 3 Cobertura de Quadra;SECRETARIA MUNICIPAL DE EDUCAÇÃO;07;0.00;32500.00
02;2412509105;2022;146;Outras Transferências de Recursos do FNDE;3;PREFEITURA MUNICIPAL DE UBERLÂNDIA;TC PAC2 6984/13 - Construir 3 Cobertura de Quadra;SECRETARIA MUNICIPAL DE EDUCAÇÃO;07;0.00;32500.00
02;2412509105;2022;146;Outras Transferências de Recursos do FNDE;4;PREFEITURA MUNICIPAL DE UBERLÂNDIA;TC PAC2 6984/13 - Construir 3 Cobertura de Quadra;SECRETARIA MUNICIPAL DE EDUCAÇÃO;07;0.00;32500.00
02;2412509105;2022;146;Outras Transferências de Recursos do FNDE;5;PREFEITURA MUNICIPAL DE UBERLÂNDIA;TC PAC2 6984/13 - Construir 3 Cobertura de Quadra;SECRETARIA MUNICIPAL DE EDUCAÇÃO;07;0.00;32500.00
02;2412509105;2022;146;Outras Transferências de Recursos do FNDE;6;PREFEITURA MUNICIPAL DE UBERLÂNDIA;TC PAC2 6984/13 - Construir 3 Cobertura de Quadra;SECRETARIA MUNICIPAL DE EDUCAÇÃO;07;0.00;32500.00
02;2412509105;2022;146;Outras Transferências de Recursos do FNDE;7;PREFEITURA MUNICIPAL DE UBERLÂNDIA;TC PAC2 6984/13 - Construir 3 Cobertura de Quadra;SECRETARIA MUNICIPAL DE EDUCAÇÃO;07;0.00;32500.00
02;2412509105;2022;146;Outras Transferências de Recursos do FNDE;8;PREFEITURA MUNICIPAL DE UBERLÂNDIA;TC PAC2 6984/13 - Construir 3 Cobertura de Quadra;SECRETARIA MUNICIPAL DE EDUCAÇÃO;07;0.00;32500.00
02;2412509105;2022;146;Outras Transferências de Recursos do FNDE;9;PREFEITURA MUNICIPAL DE UBERLÂNDIA;TC PAC2 6984/13 - Construir 3 Cobertura de Quadra;SECRETARIA MUNICIPAL DE EDUCAÇÃO;07;0.00;32500.00
02;2412509105;2022;146;Outras Transferências de Recursos do FNDE;10;PREFEITURA MUNICIPAL DE UBERLÂNDIA;TC PAC2 6984/13 - Construir 3 Cobertura de Quadra;SECRETARIA MUNICIPAL DE EDUCAÇÃO;07;0.00;32500.00
02;2412509105;2022;146;Outras Transferências de Recursos do FNDE;11;PREFEITURA MUNICIPAL DE UBERLÂNDIA;TC PAC2 6984/13 - Construir 3 Cobertura de Quadra;SECRETARIA MUNICIPAL DE EDUCAÇÃO;07;0.00;32500.00
02;2412509105;2022;146;Outras Transferências de Recursos do FNDE;12;PREFEITURA MUNICIPAL DE UBERLÂNDIA;TC PAC2 6984/13 - Construir 3 Cobertura de Quadra;SECRETARIA MUNICIPAL DE EDUCAÇÃO;07;0.00;32500.00
02;2412509106;2022;146;Outras Transferências de Recursos do FNDE;1;PREFEITURA MUNICIPAL DE UBERLÂNDIA;Transf FNDE Estruturação Escolas Municipais;SECRETARIA MUNICIPAL DE EDUCAÇÃO;07;0.00;1545416.67
02;2412509106;2022;146;Outras Transferências de Recursos do FNDE;2;PREFEITURA MUNICIPAL DE UBERLÂNDIA;Transf FNDE Estruturação Escolas Municipais;SECRETARIA MUNICIPAL DE EDUCAÇÃO;07;0.00;1545416.67
02;2412509106;2022;146;Outras Transferências de Recursos do FNDE;3;PREFEITURA MUNICIPAL DE UBERLÂNDIA;Transf FNDE Estruturação Escolas Municipais;SECRETARIA MUNICIPAL DE EDUCAÇÃO;07;0.00;1545416.67
02;2412509106;2022;146;Outras Transferências de Recursos do FNDE;4;PREFEITURA MUNICIPAL DE UBERLÂNDIA;Transf FNDE Estruturação Escolas Municipais;SECRETARIA MUNICIPAL DE EDUCAÇÃO;07;0.00;1545416.67
02;2412509106;2022;146;Outras Transferências de Recursos do FNDE;5;PREFEITURA MUNICIPAL DE UBERLÂNDIA;Transf FNDE Estruturação Escolas Municipais;SECRETARIA MUNICIPAL DE EDUCAÇÃO;07;0.00;1545416.67
02;2412509106;2022;146;Outras Transferências de Recursos do FNDE;6;PREFEITURA MUNICIPAL DE UBERLÂNDIA;Transf FNDE Estruturação Escolas Municipais;SECRETARIA MUNICIPAL DE EDUCAÇÃO;07;0.00;1545416.67
02;2412509106;2022;146;Outras Transferências de Recursos do FNDE;7;PREFEITURA MUNICIPAL DE UBERLÂNDIA;Transf FNDE Estruturação Escolas Municipais;SECRETARIA MUNICIPAL DE EDUCAÇÃO;07;0.00;1545416.67
02;2412509106;2022;146;Outras Transferências de Recursos do FNDE;8;PREFEITURA MUNICIPAL DE UBERLÂNDIA;Transf FNDE Estruturação Escolas Municipais;SECRETARIA MUNICIPAL DE EDUCAÇÃO;07;0.00;1545416.67
02;2412509106;2022;146;Outras Transferências de Recursos do FNDE;9;PREFEITURA MUNICIPAL DE UBERLÂNDIA;Transf FNDE Estruturação Escolas Municipais;SECRETARIA MUNICIPAL DE EDUCAÇÃO;07;0.00;1545416.67
02;2412509106;2022;146;Outras Transferências de Recursos do FNDE;10;PREFEITURA MUNICIPAL DE UBERLÂNDIA;Transf FNDE Estruturação Escolas Municipais;SECRETARIA MUNICIPAL DE EDUCAÇÃO;07;0.00;1545416.67
02;2412509106;2022;146;Outras Transferências de Recursos do FNDE;11;PREFEITURA MUNICIPAL DE UBERLÂNDIA;Transf FNDE Estruturação Escolas Municipais;SECRETARIA MUNICIPAL DE EDUCAÇÃO;07;0.00;1545416.67
02;2412509106;2022;146;Outras Transferências de Recursos do FNDE;12;PREFEITURA MUNICIPAL DE UBERLÂNDIA;Transf FNDE Estruturação Escolas Municipais;SECRETARIA MUNICIPAL DE EDUCAÇÃO;07;0.00;1545416.63
02;2413500101;2022;129;Transferências de Recursos do Fundo Nacional de Assistência Social (FNAS);1;PREFEITURA MUNICIPAL DE UBERLÂNDIA;FNAS - Estrut. Rede Socioassistencial - Covid-19;SECRETARIA MUNICIPAL DE DESENVOLVIMENTO SOCIAL E T;10;0.00;8333.33
02;2413500101;2022;129;Transferências de Recursos do Fundo Nacional de Assistência Social (FNAS);2;PREFEITURA MUNICIPAL DE UBERLÂNDIA;FNAS - Estrut. Rede Socioassistencial - Covid-19;SECRETARIA MUNICIPAL DE DESENVOLVIMENTO SOCIAL E T;10;0.00;8333.33
02;2413500101;2022;129;Transferências de Recursos do Fundo Nacional de Assistência Social (FNAS);3;PREFEITURA MUNICIPAL DE UBERLÂNDIA;FNAS - Estrut. Rede Socioassistencial - Covid-19;SECRETARIA MUNICIPAL DE DESENVOLVIMENTO SOCIAL E T;10;0.00;8333.33
02;2413500101;2022;129;Transferências de Recursos do Fundo Nacional de Assistência Social (FNAS);4;PREFEITURA MUNICIPAL DE UBERLÂNDIA;FNAS - Estrut. Rede Socioassistencial - Covid-19;SECRETARIA MUNICIPAL DE DESENVOLVIMENTO SOCIAL E T;10;0.00;8333.33
02;2413500101;2022;129;Transferências de Recursos do Fundo Nacional de Assistência Social (FNAS);5;PREFEITURA MUNICIPAL DE UBERLÂNDIA;FNAS - Estrut. Rede Socioassistencial - Covid-19;SECRETARIA MUNICIPAL DE DESENVOLVIMENTO SOCIAL E T;10;0.00;8333.33
02;2413500101;2022;129;Transferências de Recursos do Fundo Nacional de Assistência Social (FNAS);6;PREFEITURA MUNICIPAL DE UBERLÂNDIA;FNAS - Estrut. Rede Socioassistencial - Covid-19;SECRETARIA MUNICIPAL DE DESENVOLVIMENTO SOCIAL E T;10;0.00;8333.33
02;2413500101;2022;129;Transferências de Recursos do Fundo Nacional de Assistência Social (FNAS);7;PREFEITURA MUNICIPAL DE UBERLÂNDIA;FNAS - Estrut. Rede Socioassistencial - Covid-19;SECRETARIA MUNICIPAL DE DESENVOLVIMENTO SOCIAL E T;10;0.00;8333.33
02;2413500101;2022;129;Transferências de Recursos do Fundo Nacional de Assistência Social (FNAS);8;PREFEITURA MUNICIPAL DE UBERLÂNDIA;FNAS - Estrut. Rede Socioassistencial - Covid-19;SECRETARIA MUNICIPAL DE DESENVOLVIMENTO SOCIAL E T;10;0.00;8333.33
02;2413500101;2022;129;Transferências de Recursos do Fundo Nacional de Assistência Social (FNAS);9;PREFEITURA MUNICIPAL DE UBERLÂNDIA;FNAS - Estrut. Rede Socioassistencial - Covid-19;SECRETARIA MUNICIPAL DE DESENVOLVIMENTO SOCIAL E T;10;0.00;8333.33
02;2413500101;2022;129;Transferências de Recursos do Fundo Nacional de Assistência Social (FNAS);10;PREFEITURA MUNICIPAL DE UBERLÂNDIA;FNAS - Estrut. Rede Socioassistencial - Covid-19;SECRETARIA MUNICIPAL DE DESENVOLVIMENTO SOCIAL E T;10;0.00;8333.33
02;2413500101;2022;129;Transferências de Recursos do Fundo Nacional de Assistência Social (FNAS);11;PREFEITURA MUNICIPAL DE UBERLÂNDIA;FNAS - Estrut. Rede Socioassistencial - Covid-19;SECRETARIA MUNICIPAL DE DESENVOLVIMENTO SOCIAL E T;10;0.00;8333.33
02;2413500101;2022;129;Transferências de Recursos do Fundo Nacional de Assistência Social (FNAS);12;PREFEITURA MUNICIPAL DE UBERLÂNDIA;FNAS - Estrut. Rede Socioassistencial - Covid-19;SECRETARIA MUNICIPAL DE DESENVOLVIMENTO SOCIAL E T;10;0.00;8333.37
02;2413500102;2022;129;Transferências de Recursos do Fundo Nacional de Assistência Social (FNAS);2;PREFEITURA MUNICIPAL DE UBERLÂNDIA;FNAS - Estruturação SUAS SIGTV - Emenda;SECRETARIA MUNICIPAL DE DESENVOLVIMENTO SOCIAL E T;10;289000.00;0.00
02;2414540101;2022;124;Outras Transferências de Convênios/ Outras Transferências de Convênios ou Repasses da União/ Transferências de Convênios Não Relacionados à Educação, à Saúde nem à Assistência Social;1;PREFEITURA MUNICIPAL DE UBERLÂNDIA;Pavimentação de Vias Urbanas - CR 906331/2020/MDR/;SECRETARIA MUNICIPAL DE OBRAS;13;0.00;159416.67
02;2414540101;2022;124;Outras Transferências de Convênios/ Outras Transferências de Convênios ou Repasses da União/ Transferências de Convênios Não Relacionados à Educação, à Saúde nem à Assistência Social;2;PREFEITURA MUNICIPAL DE UBERLÂNDIA;Pavimentação de Vias Urbanas - CR 906331/2020/MDR/;SECRETARIA MUNICIPAL DE OBRAS;13;0.00;159416.67
02;2414540101;2022;124;Outras Transferências de Convênios/ Outras Transferências de Convênios ou Repasses da União/ Transferências de Convênios Não Relacionados à Educação, à Saúde nem à Assistência Social;3;PREFEITURA MUNICIPAL DE UBERLÂNDIA;Pavimentação de Vias Urbanas - CR 906331/2020/MDR/;SECRETARIA MUNICIPAL DE OBRAS;13;0.00;159416.67
02;2414540101;2022;124;Outras Transferências de Convênios/ Outras Transferências de Convênios ou Repasses da União/ Transferências de Convênios Não Relacionados à Educação, à Saúde nem à Assistência Social;4;PREFEITURA MUNICIPAL DE UBERLÂNDIA;Pavimentação de Vias Urbanas - CR 906331/2020/MDR/;SECRETARIA MUNICIPAL DE OBRAS;13;382471.20;159416.67
02;2414540101;2022;124;Outras Transferências de Convênios/ Outras Transferências de Convênios ou Repasses da União/ Transferências de Convênios Não Relacionados à Educação, à Saúde nem à Assistência Social;5;PREFEITURA MUNICIPAL DE UBERLÂNDIA;Pavimentação de Vias Urbanas - CR 906331/2020/MDR/;SECRETARIA MUNICIPAL DE OBRAS;13;0.00;159416.67
02;2414540101;2022;124;Outras Transferências de Convênios/ Outras Transferências de Convênios ou Repasses da União/ Transferências de Convênios Não Relacionados à Educação, à Saúde nem à Assistência Social;6;PREFEITURA MUNICIPAL DE UBERLÂNDIA;Pavimentação de Vias Urbanas - CR 906331/2020/MDR/;SECRETARIA MUNICIPAL DE OBRAS;13;0.00;159416.67
02;2414540101;2022;124;Outras Transferências de Convênios/ Outras Transferências de Convênios ou Repasses da União/ Transferências de Convênios Não Relacionados à Educação, à Saúde nem à Assistência Social;7;PREFEITURA MUNICIPAL DE UBERLÂNDIA;Pavimentação de Vias Urbanas - CR 906331/2020/MDR/;SECRETARIA MUNICIPAL DE OBRAS;13;0.00;159416.67
02;2414540101;2022;124;Outras Transferências de Convênios/ Outras Transferências de Convênios ou Repasses da União/ Transferências de Convênios Não Relacionados à Educação, à Saúde nem à Assistência Social;8;PREFEITURA MUNICIPAL DE UBERLÂNDIA;Pavimentação de Vias Urbanas - CR 906331/2020/MDR/;SECRETARIA MUNICIPAL DE OBRAS;13;0.00;159416.67
02;2414540101;2022;124;Outras Transferências de Convênios/ Outras Transferências de Convênios ou Repasses da União/ Transferências de Convênios Não Relacionados à Educação, à Saúde nem à Assistência Social;9;PREFEITURA MUNICIPAL DE UBERLÂNDIA;Pavimentação de Vias Urbanas - CR 906331/2020/MDR/;SECRETARIA MUNICIPAL DE OBRAS;13;964401.13;159416.67
02;2414540101;2022;124;Outras Transferências de Convênios/ Outras Transferências de Convênios ou Repasses da União/ Transferências de Convênios Não Relacionados à Educação, à Saúde nem à Assistência Social;10;PREFEITURA MUNICIPAL DE UBERLÂNDIA;Pavimentação de Vias Urbanas - CR 906331/2020/MDR/;SECRETARIA MUNICIPAL DE OBRAS;13;0.00;159416.67
02;2414540101;2022;124;Outras Transferências de Convênios/ Outras Transferências de Convênios ou Repasses da União/ Transferências de Convênios Não Relacionados à Educação, à Saúde nem à Assistência Social;11;PREFEITURA MUNICIPAL DE UBERLÂNDIA;Pavimentação de Vias Urbanas - CR 906331/2020/MDR/;SECRETARIA MUNICIPAL DE OBRAS;13;0.00;159416.67
02;2414540101;2022;124;Outras Transferências de Convênios/ Outras Transferências de Convênios ou Repasses da União/ Transferências de Convênios Não Relacionados à Educação, à Saúde nem à Assistência Social;12;PREFEITURA MUNICIPAL DE UBERLÂNDIA;Pavimentação de Vias Urbanas - CR 906331/2020/MDR/;SECRETARIA MUNICIPAL DE OBRAS;13;0.00;159416.63
02;2414990101;2022;124;Outras Transferências de Convênios/ Outras Transferências de Convênios ou Repasses da União/ Transferências de Convênios Não Relacionados à Educação, à Saúde nem à Assistência Social;1;PREFEITURA MUNICIPAL DE UBERLÂNDIA;Aquisiçao de Máquinas e Equipamentos MAPA/CAIXA;SECRETARIA MUNICIPAL DE AGROPECUÁRIA E ABASTECIMEN;12;0.00;12500.00
02;2414990101;2022;124;Outras Transferências de Convênios/ Outras Transferências de Convênios ou Repasses da União/ Transferências de Convênios Não Relacionados à Educação, à Saúde nem à Assistência Social;2;PREFEITURA MUNICIPAL DE UBERLÂNDIA;Aquisiçao de Máquinas e Equipamentos MAPA/CAIXA;SECRETARIA MUNICIPAL DE AGROPECUÁRIA E ABASTECIMEN;12;0.00;12500.00
02;2414990101;2022;124;Outras Transferências de Convênios/ Outras Transferências de Convênios ou Repasses da União/ Transferências de Convênios Não Relacionados à Educação, à Saúde nem à Assistência Social;3;PREFEITURA MUNICIPAL DE UBERLÂNDIA;Aquisiçao de Máquinas e Equipamentos MAPA/CAIXA;SECRETARIA MUNICIPAL DE AGROPECUÁRIA E ABASTECIMEN;12;0.00;12500.00
02;2414990101;2022;124;Outras Transferências de Convênios/ Outras Transferências de Convênios ou Repasses da União/ Transferências de Convênios Não Relacionados à Educação, à Saúde nem à Assistência Social;4;PREFEITURA MUNICIPAL DE UBERLÂNDIA;Aquisiçao de Máquinas e Equipamentos MAPA/CAIXA;SECRETARIA MUNICIPAL DE AGROPECUÁRIA E ABASTECIMEN;12;0.00;12500.00
02;2414990101;2022;124;Outras Transferências de Convênios/ Outras Transferências de Convênios ou Repasses da União/ Transferências de Convênios Não Relacionados à Educação, à Saúde nem à Assistência Social;5;PREFEITURA MUNICIPAL DE UBERLÂNDIA;Aquisiçao de Máquinas e Equipamentos MAPA/CAIXA;SECRETARIA MUNICIPAL DE AGROPECUÁRIA E ABASTECIMEN;12;0.00;12500.00
02;2414990101;2022;124;Outras Transferências de Convênios/ Outras Transferências de Convênios ou Repasses da União/ Transferências de Convênios Não Relacionados à Educação, à Saúde nem à Assistência Social;6;PREFEITURA MUNICIPAL DE UBERLÂNDIA;Aquisiçao de Máquinas e Equipamentos MAPA/CAIXA;SECRETARIA MUNICIPAL DE AGROPECUÁRIA E ABASTECIMEN;12;0.00;12500.00
02;2414990101;2022;124;Outras Transferências de Convênios/ Outras Transferências de Convênios ou Repasses da União/ Transferências de Convênios Não Relacionados à Educação, à Saúde nem à Assistência Social;7;PREFEITURA MUNICIPAL DE UBERLÂNDIA;Aquisiçao de Máquinas e Equipamentos MAPA/CAIXA;SECRETARIA MUNICIPAL DE AGROPECUÁRIA E ABASTECIMEN;12;0.00;12500.00
02;2414990101;2022;124;Outras Transferências de Convênios/ Outras Transferências de Convênios ou Repasses da União/ Transferências de Convênios Não Relacionados à Educação, à Saúde nem à Assistência Social;8;PREFEITURA MUNICIPAL DE UBERLÂNDIA;Aquisiçao de Máquinas e Equipamentos MAPA/CAIXA;SECRETARIA MUNICIPAL DE AGROPECUÁRIA E ABASTECIMEN;12;0.00;12500.00
02;2414990101;2022;124;Outras Transferências de Convênios/ Outras Transferências de Convênios ou Repasses da União/ Transferências de Convênios Não Relacionados à Educação, à Saúde nem à Assistência Social;9;PREFEITURA MUNICIPAL DE UBERLÂNDIA;Aquisiçao de Máquinas e Equipamentos MAPA/CAIXA;SECRETARIA MUNICIPAL DE AGROPECUÁRIA E ABASTECIMEN;12;0.00;12500.00
02;2414990101;2022;124;Outras Transferências de Convênios/ Outras Transferências de Convênios ou Repasses da União/ Transferências de Convênios Não Relacionados à Educação, à Saúde nem à Assistência Social;10;PREFEITURA MUNICIPAL DE UBERLÂNDIA;Aquisiçao de Máquinas e Equipamentos MAPA/CAIXA;SECRETARIA MUNICIPAL DE AGROPECUÁRIA E ABASTECIMEN;12;0.00;12500.00
02;2414990101;2022;124;Outras Transferências de Convênios/ Outras Transferências de Convênios ou Repasses da União/ Transferências de Convênios Não Relacionados à Educação, à Saúde nem à Assistência Social;11;PREFEITURA MUNICIPAL DE UBERLÂNDIA;Aquisiçao de Máquinas e Equipamentos MAPA/CAIXA;SECRETARIA MUNICIPAL DE AGROPECUÁRIA E ABASTECIMEN;12;0.00;12500.00
02;2414990101;2022;124;Outras Transferências de Convênios/ Outras Transferências de Convênios ou Repasses da União/ Transferências de Convênios Não Relacionados à Educação, à Saúde nem à Assistência Social;12;PREFEITURA MUNICIPAL DE UBERLÂNDIA;Aquisiçao de Máquinas e Equipamentos MAPA/CAIXA;SECRETARIA MUNICIPAL DE AGROPECUÁRIA E ABASTECIMEN;12;0.00;12500.00
02;2414990103;2022;124;Outras Transferências de Convênios/ Outras Transferências de Convênios ou Repasses da União/ Transferências de Convênios Não Relacionados à Educação, à Saúde nem à Assistência Social;1;PREFEITURA MUNICIPAL DE UBERLÂNDIA;Transferência 770044/12/ME/CEF Implantação Praça d;SECRETARIA MUNICIPAL DE OBRAS;13;0.00;0.00
02;2414990103;2022;124;Outras Transferências de Convênios/ Outras Transferências de Convênios ou Repasses da União/ Transferências de Convênios Não Relacionados à Educação, à Saúde nem à Assistência Social;2;PREFEITURA MUNICIPAL DE UBERLÂNDIA;Transferência 770044/12/ME/CEF Implantação Praça d;SECRETARIA MUNICIPAL DE OBRAS;13;0.00;0.00
02;2414990103;2022;124;Outras Transferências de Convênios/ Outras Transferências de Convênios ou Repasses da União/ Transferências de Convênios Não Relacionados à Educação, à Saúde nem à Assistência Social;3;PREFEITURA MUNICIPAL DE UBERLÂNDIA;Transferência 770044/12/ME/CEF Implantação Praça d;SECRETARIA MUNICIPAL DE OBRAS;13;0.00;0.00
02;2414990103;2022;124;Outras Transferências de Convênios/ Outras Transferências de Convênios ou Repasses da União/ Transferências de Convênios Não Relacionados à Educação, à Saúde nem à Assistência Social;4;PREFEITURA MUNICIPAL DE UBERLÂNDIA;Transferência 770044/12/ME/CEF Implantação Praça d;SECRETARIA MUNICIPAL DE OBRAS;13;0.00;0.00
02;2414990103;2022;124;Outras Transferências de Convênios/ Outras Transferências de Convênios ou Repasses da União/ Transferências de Convênios Não Relacionados à Educação, à Saúde nem à Assistência Social;5;PREFEITURA MUNICIPAL DE UBERLÂNDIA;Transferência 770044/12/ME/CEF Implantação Praça d;SECRETARIA MUNICIPAL DE OBRAS;13;0.00;0.00
02;2414990103;2022;124;Outras Transferências de Convênios/ Outras Transferências de Convênios ou Repasses da União/ Transferências de Convênios Não Relacionados à Educação, à Saúde nem à Assistência Social;6;PREFEITURA MUNICIPAL DE UBERLÂNDIA;Transferência 770044/12/ME/CEF Implantação Praça d;SECRETARIA MUNICIPAL DE OBRAS;13;0.00;0.00
02;2414990103;2022;124;Outras Transferências de Convênios/ Outras Transferências de Convênios ou Repasses da União/ Transferências de Convênios Não Relacionados à Educação, à Saúde nem à Assistência Social;7;PREFEITURA MUNICIPAL DE UBERLÂNDIA;Transferência 770044/12/ME/CEF Implantação Praça d;SECRETARIA MUNICIPAL DE OBRAS;13;0.00;0.00
02;2414990103;2022;124;Outras Transferências de Convênios/ Outras Transferências de Convênios ou Repasses da União/ Transferências de Convênios Não Relacionados à Educação, à Saúde nem à Assistência Social;8;PREFEITURA MUNICIPAL DE UBERLÂNDIA;Transferência 770044/12/ME/CEF Implantação Praça d;SECRETARIA MUNICIPAL DE OBRAS;13;0.00;320151.98
02;2414990103;2022;124;Outras Transferências de Convênios/ Outras Transferências de Convênios ou Repasses da União/ Transferências de Convênios Não Relacionados à Educação, à Saúde nem à Assistência Social;9;PREFEITURA MUNICIPAL DE UBERLÂNDIA;Transferência 770044/12/ME/CEF Implantação Praça d;SECRETARIA MUNICIPAL DE OBRAS;13;0.00;0.00
02;2414990103;2022;124;Outras Transferências de Convênios/ Outras Transferências de Convênios ou Repasses da União/ Transferências de Convênios Não Relacionados à Educação, à Saúde nem à Assistência Social;10;PREFEITURA MUNICIPAL DE UBERLÂNDIA;Transferência 770044/12/ME/CEF Implantação Praça d;SECRETARIA MUNICIPAL DE OBRAS;13;0.00;0.00
02;2414990103;2022;124;Outras Transferências de Convênios/ Outras Transferências de Convênios ou Repasses da União/ Transferências de Convênios Não Relacionados à Educação, à Saúde nem à Assistência Social;11;PREFEITURA MUNICIPAL DE UBERLÂNDIA;Transferência 770044/12/ME/CEF Implantação Praça d;SECRETARIA MUNICIPAL DE OBRAS;13;0.00;0.00
02;2414990103;2022;124;Outras Transferências de Convênios/ Outras Transferências de Convênios ou Repasses da União/ Transferências de Convênios Não Relacionados à Educação, à Saúde nem à Assistência Social;12;PREFEITURA MUNICIPAL DE UBERLÂNDIA;Transferência 770044/12/ME/CEF Implantação Praça d;SECRETARIA MUNICIPAL DE OBRAS;13;0.00;379848.02
02;2414990104;2022;124;Outras Transferências de Convênios/ Outras Transferências de Convênios ou Repasses da União/ Transferências de Convênios Não Relacionados à Educação, à Saúde nem à Assistência Social;1;PREFEITURA MUNICIPAL DE UBERLÂNDIA;Convênio 26748937/08 Projeto Infra Turistica;SECRETARIA MUNICIPAL DE CULTURA;08;0.00;14583.33
02;2414990104;2022;124;Outras Transferências de Convênios/ Outras Transferências de Convênios ou Repasses da União/ Transferências de Convênios Não Relacionados à Educação, à Saúde nem à Assistência Social;2;PREFEITURA MUNICIPAL DE UBERLÂNDIA;Convênio 26748937/08 Projeto Infra Turistica;SECRETARIA MUNICIPAL DE CULTURA;08;0.00;14583.33
02;2414990104;2022;124;Outras Transferências de Convênios/ Outras Transferências de Convênios ou Repasses da União/ Transferências de Convênios Não Relacionados à Educação, à Saúde nem à Assistência Social;3;PREFEITURA MUNICIPAL DE UBERLÂNDIA;Convênio 26748937/08 Projeto Infra Turistica;SECRETARIA MUNICIPAL DE CULTURA;08;0.00;14583.33
02;2414990104;2022;124;Outras Transferências de Convênios/ Outras Transferências de Convênios ou Repasses da União/ Transferências de Convênios Não Relacionados à Educação, à Saúde nem à Assistência Social;4;PREFEITURA MUNICIPAL DE UBERLÂNDIA;Convênio 26748937/08 Projeto Infra Turistica;SECRETARIA MUNICIPAL DE CULTURA;08;0.00;14583.33
02;2414990104;2022;124;Outras Transferências de Convênios/ Outras Transferências de Convênios ou Repasses da União/ Transferências de Convênios Não Relacionados à Educação, à Saúde nem à Assistência Social;5;PREFEITURA MUNICIPAL DE UBERLÂNDIA;Convênio 26748937/08 Projeto Infra Turistica;SECRETARIA MUNICIPAL DE CULTURA;08;0.00;14583.33
02;2414990104;2022;124;Outras Transferências de Convênios/ Outras Transferências de Convênios ou Repasses da União/ Transferências de Convênios Não Relacionados à Educação, à Saúde nem à Assistência Social;6;PREFEITURA MUNICIPAL DE UBERLÂNDIA;Convênio 26748937/08 Projeto Infra Turistica;SECRETARIA MUNICIPAL DE CULTURA;08;0.00;14583.33
02;2414990104;2022;124;Outras Transferências de Convênios/ Outras Transferências de Convênios ou Repasses da União/ Transferências de Convênios Não Relacionados à Educação, à Saúde nem à Assistência Social;7;PREFEITURA MUNICIPAL DE UBERLÂNDIA;Convênio 26748937/08 Projeto Infra Turistica;SECRETARIA MUNICIPAL DE CULTURA;08;0.00;14583.33
02;2414990104;2022;124;Outras Transferências de Convênios/ Outras Transferências de Convênios ou Repasses da União/ Transferências de Convênios Não Relacionados à Educação, à Saúde nem à Assistência Social;8;PREFEITURA MUNICIPAL DE UBERLÂNDIA;Convênio 26748937/08 Projeto Infra Turistica;SECRETARIA MUNICIPAL DE CULTURA;08;0.00;14583.33
02;2414990104;2022;124;Outras Transferências de Convênios/ Outras Transferências de Convênios ou Repasses da União/ Transferências de Convênios Não Relacionados à Educação, à Saúde nem à Assistência Social;9;PREFEITURA MUNICIPAL DE UBERLÂNDIA;Convênio 26748937/08 Projeto Infra Turistica;SECRETARIA MUNICIPAL DE CULTURA;08;0.00;14583.33
02;2414990104;2022;124;Outras Transferências de Convênios/ Outras Transferências de Convênios ou Repasses da União/ Transferências de Convênios Não Relacionados à Educação, à Saúde nem à Assistência Social;10;PREFEITURA MUNICIPAL DE UBERLÂNDIA;Convênio 26748937/08 Projeto Infra Turistica;SECRETARIA MUNICIPAL DE CULTURA;08;0.00;14583.33
02;2414990104;2022;124;Outras Transferências de Convênios/ Outras Transferências de Convênios ou Repasses da União/ Transferências de Convênios Não Relacionados à Educação, à Saúde nem à Assistência Social;11;PREFEITURA MUNICIPAL DE UBERLÂNDIA;Convênio 26748937/08 Projeto Infra Turistica;SECRETARIA MUNICIPAL DE CULTURA;08;0.00;14583.33
02;2414990104;2022;124;Outras Transferências de Convênios/ Outras Transferências de Convênios ou Repasses da União/ Transferências de Convênios Não Relacionados à Educação, à Saúde nem à Assistência Social;12;PREFEITURA MUNICIPAL DE UBERLÂNDIA;Convênio 26748937/08 Projeto Infra Turistica;SECRETARIA MUNICIPAL DE CULTURA;08;0.00;14583.37
02;2414990105;2022;124;Outras Transferências de Convênios/ Outras Transferências de Convênios ou Repasses da União/ Transferências de Convênios Não Relacionados à Educação, à Saúde nem à Assistência Social;1;PREFEITURA MUNICIPAL DE UBERLÂNDIA;Transf CR 786992/13 Aquis Equipamento Academia Ar ;SECRETARIA MUNICIPAL DE OBRAS;13;0.00;3333.33
02;2414990105;2022;124;Outras Transferências de Convênios/ Outras Transferências de Convênios ou Repasses da União/ Transferências de Convênios Não Relacionados à Educação, à Saúde nem à Assistência Social;2;PREFEITURA MUNICIPAL DE UBERLÂNDIA;Transf CR 786992/13 Aquis Equipamento Academia Ar ;SECRETARIA MUNICIPAL DE OBRAS;13;0.00;3333.33
02;2414990105;2022;124;Outras Transferências de Convênios/ Outras Transferências de Convênios ou Repasses da União/ Transferências de Convênios Não Relacionados à Educação, à Saúde nem à Assistência Social;3;PREFEITURA MUNICIPAL DE UBERLÂNDIA;Transf CR 786992/13 Aquis Equipamento Academia Ar ;SECRETARIA MUNICIPAL DE OBRAS;13;0.00;3333.33
02;2414990105;2022;124;Outras Transferências de Convênios/ Outras Transferências de Convênios ou Repasses da União/ Transferências de Convênios Não Relacionados à Educação, à Saúde nem à Assistência Social;4;PREFEITURA MUNICIPAL DE UBERLÂNDIA;Transf CR 786992/13 Aquis Equipamento Academia Ar ;SECRETARIA MUNICIPAL DE OBRAS;13;0.00;3333.33
02;2414990105;2022;124;Outras Transferências de Convênios/ Outras Transferências de Convênios ou Repasses da União/ Transferências de Convênios Não Relacionados à Educação, à Saúde nem à Assistência Social;5;PREFEITURA MUNICIPAL DE UBERLÂNDIA;Transf CR 786992/13 Aquis Equipamento Academia Ar ;SECRETARIA MUNICIPAL DE OBRAS;13;0.00;3333.33
02;2414990105;2022;124;Outras Transferências de Convênios/ Outras Transferências de Convênios ou Repasses da União/ Transferências de Convênios Não Relacionados à Educação, à Saúde nem à Assistência Social;6;PREFEITURA MUNICIPAL DE UBERLÂNDIA;Transf CR 786992/13 Aquis Equipamento Academia Ar ;SECRETARIA MUNICIPAL DE OBRAS;13;0.00;3333.33
02;2414990105;2022;124;Outras Transferências de Convênios/ Outras Transferências de Convênios ou Repasses da União/ Transferências de Convênios Não Relacionados à Educação, à Saúde nem à Assistência Social;7;PREFEITURA MUNICIPAL DE UBERLÂNDIA;Transf CR 786992/13 Aquis Equipamento Academia Ar ;SECRETARIA MUNICIPAL DE OBRAS;13;0.00;3333.33
02;2414990105;2022;124;Outras Transferências de Convênios/ Outras Transferências de Convênios ou Repasses da União/ Transferências de Convênios Não Relacionados à Educação, à Saúde nem à Assistência Social;8;PREFEITURA MUNICIPAL DE UBERLÂNDIA;Transf CR 786992/13 Aquis Equipamento Academia Ar ;SECRETARIA MUNICIPAL DE OBRAS;13;0.00;3333.33
02;2414990105;2022;124;Outras Transferências de Convênios/ Outras Transferências de Convênios ou Repasses da União/ Transferências de Convênios Não Relacionados à Educação, à Saúde nem à Assistência Social;9;PREFEITURA MUNICIPAL DE UBERLÂNDIA;Transf CR 786992/13 Aquis Equipamento Academia Ar ;SECRETARIA MUNICIPAL DE OBRAS;13;0.00;3333.33
02;2414990105;2022;124;Outras Transferências de Convênios/ Outras Transferências de Convênios ou Repasses da União/ Transferências de Convênios Não Relacionados à Educação, à Saúde nem à Assistência Social;10;PREFEITURA MUNICIPAL DE UBERLÂNDIA;Transf CR 786992/13 Aquis Equipamento Academia Ar ;SECRETARIA MUNICIPAL DE OBRAS;13;0.00;3333.33
02;2414990105;2022;124;Outras Transferências de Convênios/ Outras Transferências de Convênios ou Repasses da União/ Transferências de Convênios Não Relacionados à Educação, à Saúde nem à Assistência Social;11;PREFEITURA MUNICIPAL DE UBERLÂNDIA;Transf CR 786992/13 Aquis Equipamento Academia Ar ;SECRETARIA MUNICIPAL DE OBRAS;13;0.00;3333.33
02;2414990105;2022;124;Outras Transferências de Convênios/ Outras Transferências de Convênios ou Repasses da União/ Transferências de Convênios Não Relacionados à Educação, à Saúde nem à Assistência Social;12;PREFEITURA MUNICIPAL DE UBERLÂNDIA;Transf CR 786992/13 Aquis Equipamento Academia Ar ;SECRETARIA MUNICIPAL DE OBRAS;13;0.00;3333.37
02;2414990106;2022;124;Outras Transferências de Convênios/ Outras Transferências de Convênios ou Repasses da União/ Transferências de Convênios Não Relacionados à Educação, à Saúde nem à Assistência Social;1;PREFEITURA MUNICIPAL DE UBERLÂNDIA;Trasnf CV 846420  Recapeamento em Vias Urbanas - O;SECRETARIA MUNICIPAL DE OBRAS;13;0.00;8333.33
02;2414990106;2022;124;Outras Transferências de Convênios/ Outras Transferências de Convênios ou Repasses da União/ Transferências de Convênios Não Relacionados à Educação, à Saúde nem à Assistência Social;2;PREFEITURA MUNICIPAL DE UBERLÂNDIA;Trasnf CV 846420  Recapeamento em Vias Urbanas - O;SECRETARIA MUNICIPAL DE OBRAS;13;0.00;8333.33
02;2414990106;2022;124;Outras Transferências de Convênios/ Outras Transferências de Convênios ou Repasses da União/ Transferências de Convênios Não Relacionados à Educação, à Saúde nem à Assistência Social;3;PREFEITURA MUNICIPAL DE UBERLÂNDIA;Trasnf CV 846420  Recapeamento em Vias Urbanas - O;SECRETARIA MUNICIPAL DE OBRAS;13;0.00;8333.33
02;2414990106;2022;124;Outras Transferências de Convênios/ Outras Transferências de Convênios ou Repasses da União/ Transferências de Convênios Não Relacionados à Educação, à Saúde nem à Assistência Social;4;PREFEITURA MUNICIPAL DE UBERLÂNDIA;Trasnf CV 846420  Recapeamento em Vias Urbanas - O;SECRETARIA MUNICIPAL DE OBRAS;13;0.00;8333.33
02;2414990106;2022;124;Outras Transferências de Convênios/ Outras Transferências de Convênios ou Repasses da União/ Transferências de Convênios Não Relacionados à Educação, à Saúde nem à Assistência Social;5;PREFEITURA MUNICIPAL DE UBERLÂNDIA;Trasnf CV 846420  Recapeamento em Vias Urbanas - O;SECRETARIA MUNICIPAL DE OBRAS;13;0.00;8333.33
02;2414990106;2022;124;Outras Transferências de Convênios/ Outras Transferências de Convênios ou Repasses da União/ Transferências de Convênios Não Relacionados à Educação, à Saúde nem à Assistência Social;6;PREFEITURA MUNICIPAL DE UBERLÂNDIA;Trasnf CV 846420  Recapeamento em Vias Urbanas - O;SECRETARIA MUNICIPAL DE OBRAS;13;0.00;8333.33
02;2414990106;2022;124;Outras Transferências de Convênios/ Outras Transferências de Convênios ou Repasses da União/ Transferências de Convênios Não Relacionados à Educação, à Saúde nem à Assistência Social;7;PREFEITURA MUNICIPAL DE UBERLÂNDIA;Trasnf CV 846420  Recapeamento em Vias Urbanas - O;SECRETARIA MUNICIPAL DE OBRAS;13;0.00;8333.33
02;2414990106;2022;124;Outras Transferências de Convênios/ Outras Transferências de Convênios ou Repasses da União/ Transferências de Convênios Não Relacionados à Educação, à Saúde nem à Assistência Social;8;PREFEITURA MUNICIPAL DE UBERLÂNDIA;Trasnf CV 846420  Recapeamento em Vias Urbanas - O;SECRETARIA MUNICIPAL DE OBRAS;13;0.00;8333.33
02;2414990106;2022;124;Outras Transferências de Convênios/ Outras Transferências de Convênios ou Repasses da União/ Transferências de Convênios Não Relacionados à Educação, à Saúde nem à Assistência Social;9;PREFEITURA MUNICIPAL DE UBERLÂNDIA;Trasnf CV 846420  Recapeamento em Vias Urbanas - O;SECRETARIA MUNICIPAL DE OBRAS;13;0.00;8333.33
02;2414990106;2022;124;Outras Transferências de Convênios/ Outras Transferências de Convênios ou Repasses da União/ Transferências de Convênios Não Relacionados à Educação, à Saúde nem à Assistência Social;10;PREFEITURA MUNICIPAL DE UBERLÂNDIA;Trasnf CV 846420  Recapeamento em Vias Urbanas - O;SECRETARIA MUNICIPAL DE OBRAS;13;0.00;8333.33
02;2414990106;2022;124;Outras Transferências de Convênios/ Outras Transferências de Convênios ou Repasses da União/ Transferências de Convênios Não Relacionados à Educação, à Saúde nem à Assistência Social;11;PREFEITURA MUNICIPAL DE UBERLÂNDIA;Trasnf CV 846420  Recapeamento em Vias Urbanas - O;SECRETARIA MUNICIPAL DE OBRAS;13;0.00;8333.33
02;2414990106;2022;124;Outras Transferências de Convênios/ Outras Transferências de Convênios ou Repasses da União/ Transferências de Convênios Não Relacionados à Educação, à Saúde nem à Assistência Social;12;PREFEITURA MUNICIPAL DE UBERLÂNDIA;Trasnf CV 846420  Recapeamento em Vias Urbanas - O;SECRETARIA MUNICIPAL DE OBRAS;13;0.00;8333.37
02;2414990107;2022;124;Outras Transferências de Convênios/ Outras Transferências de Convênios ou Repasses da União/ Transferências de Convênios Não Relacionados à Educação, à Saúde nem à Assistência Social;1;PREFEITURA MUNICIPAL DE UBERLÂNDIA;Transf TC/PAC759/14 FUNASA Abaste de Agua-Agrop;SECRETARIA MUNICIPAL DE AGROPECUÁRIA E ABASTECIMEN;12;0.00;24750.00
02;2414990107;2022;124;Outras Transferências de Convênios/ Outras Transferências de Convênios ou Repasses da União/ Transferências de Convênios Não Relacionados à Educação, à Saúde nem à Assistência Social;2;PREFEITURA MUNICIPAL DE UBERLÂNDIA;Transf TC/PAC759/14 FUNASA Abaste de Agua-Agrop;SECRETARIA MUNICIPAL DE AGROPECUÁRIA E ABASTECIMEN;12;0.00;24750.00
02;2414990107;2022;124;Outras Transferências de Convênios/ Outras Transferências de Convênios ou Repasses da União/ Transferências de Convênios Não Relacionados à Educação, à Saúde nem à Assistência Social;3;PREFEITURA MUNICIPAL DE UBERLÂNDIA;Transf TC/PAC759/14 FUNASA Abaste de Agua-Agrop;SECRETARIA MUNICIPAL DE AGROPECUÁRIA E ABASTECIMEN;12;0.00;24750.00
02;2414990107;2022;124;Outras Transferências de Convênios/ Outras Transferências de Convênios ou Repasses da União/ Transferências de Convênios Não Relacionados à Educação, à Saúde nem à Assistência Social;4;PREFEITURA MUNICIPAL DE UBERLÂNDIA;Transf TC/PAC759/14 FUNASA Abaste de Agua-Agrop;SECRETARIA MUNICIPAL DE AGROPECUÁRIA E ABASTECIMEN;12;0.00;24750.00
02;2414990107;2022;124;Outras Transferências de Convênios/ Outras Transferências de Convênios ou Repasses da União/ Transferências de Convênios Não Relacionados à Educação, à Saúde nem à Assistência Social;5;PREFEITURA MUNICIPAL DE UBERLÂNDIA;Transf TC/PAC759/14 FUNASA Abaste de Agua-Agrop;SECRETARIA MUNICIPAL DE AGROPECUÁRIA E ABASTECIMEN;12;0.00;24750.00
02;2414990107;2022;124;Outras Transferências de Convênios/ Outras Transferências de Convênios ou Repasses da União/ Transferências de Convênios Não Relacionados à Educação, à Saúde nem à Assistência Social;6;PREFEITURA MUNICIPAL DE UBERLÂNDIA;Transf TC/PAC759/14 FUNASA Abaste de Agua-Agrop;SECRETARIA MUNICIPAL DE AGROPECUÁRIA E ABASTECIMEN;12;0.00;24750.00
02;2414990107;2022;124;Outras Transferências de Convênios/ Outras Transferências de Convênios ou Repasses da União/ Transferências de Convênios Não Relacionados à Educação, à Saúde nem à Assistência Social;7;PREFEITURA MUNICIPAL DE UBERLÂNDIA;Transf TC/PAC759/14 FUNASA Abaste de Agua-Agrop;SECRETARIA MUNICIPAL DE AGROPECUÁRIA E ABASTECIMEN;12;0.00;24750.00
02;2414990107;2022;124;Outras Transferências de Convênios/ Outras Transferências de Convênios ou Repasses da União/ Transferências de Convênios Não Relacionados à Educação, à Saúde nem à Assistência Social;8;PREFEITURA MUNICIPAL DE UBERLÂNDIA;Transf TC/PAC759/14 FUNASA Abaste de Agua-Agrop;SECRETARIA MUNICIPAL DE AGROPECUÁRIA E ABASTECIMEN;12;0.00;24750.00
02;2414990107;2022;124;Outras Transferências de Convênios/ Outras Transferências de Convênios ou Repasses da União/ Transferências de Convênios Não Relacionados à Educação, à Saúde nem à Assistência Social;9;PREFEITURA MUNICIPAL DE UBERLÂNDIA;Transf TC/PAC759/14 FUNASA Abaste de Agua-Agrop;SECRETARIA MUNICIPAL DE AGROPECUÁRIA E ABASTECIMEN;12;0.00;24750.00
02;2414990107;2022;124;Outras Transferências de Convênios/ Outras Transferências de Convênios ou Repasses da União/ Transferências de Convênios Não Relacionados à Educação, à Saúde nem à Assistência Social;10;PREFEITURA MUNICIPAL DE UBERLÂNDIA;Transf TC/PAC759/14 FUNASA Abaste de Agua-Agrop;SECRETARIA MUNICIPAL DE AGROPECUÁRIA E ABASTECIMEN;12;0.00;24750.00
02;2414990107;2022;124;Outras Transferências de Convênios/ Outras Transferências de Convênios ou Repasses da União/ Transferências de Convênios Não Relacionados à Educação, à Saúde nem à Assistência Social;11;PREFEITURA MUNICIPAL DE UBERLÂNDIA;Transf TC/PAC759/14 FUNASA Abaste de Agua-Agrop;SECRETARIA MUNICIPAL DE AGROPECUÁRIA E ABASTECIMEN;12;0.00;24750.00
02;2414990107;2022;124;Outras Transferências de Convênios/ Outras Transferências de Convênios ou Repasses da União/ Transferências de Convênios Não Relacionados à Educação, à Saúde nem à Assistência Social;12;PREFEITURA MUNICIPAL DE UBERLÂNDIA;Transf TC/PAC759/14 FUNASA Abaste de Agua-Agrop;SECRETARIA MUNICIPAL DE AGROPECUÁRIA E ABASTECIMEN;12;0.00;24750.00
02;2414990108;2022;142;Transferências de Convênios Vinculados à Assistência Social;1;PREFEITURA MUNICIPAL DE UBERLÂNDIA;Transf CV 827890/16 Aquis. Bens - D.Social;SECRETARIA MUNICIPAL DE DESENVOLVIMENTO SOCIAL E T;10;0.00;8333.33
02;2414990108;2022;142;Transferências de Convênios Vinculados à Assistência Social;2;PREFEITURA MUNICIPAL DE UBERLÂNDIA;Transf CV 827890/16 Aquis. Bens - D.Social;SECRETARIA MUNICIPAL DE DESENVOLVIMENTO SOCIAL E T;10;0.00;8333.33
02;2414990108;2022;142;Transferências de Convênios Vinculados à Assistência Social;3;PREFEITURA MUNICIPAL DE UBERLÂNDIA;Transf CV 827890/16 Aquis. Bens - D.Social;SECRETARIA MUNICIPAL DE DESENVOLVIMENTO SOCIAL E T;10;0.00;8333.33
02;2414990108;2022;142;Transferências de Convênios Vinculados à Assistência Social;4;PREFEITURA MUNICIPAL DE UBERLÂNDIA;Transf CV 827890/16 Aquis. Bens - D.Social;SECRETARIA MUNICIPAL DE DESENVOLVIMENTO SOCIAL E T;10;0.00;8333.33
02;2414990108;2022;142;Transferências de Convênios Vinculados à Assistência Social;5;PREFEITURA MUNICIPAL DE UBERLÂNDIA;Transf CV 827890/16 Aquis. Bens - D.Social;SECRETARIA MUNICIPAL DE DESENVOLVIMENTO SOCIAL E T;10;0.00;8333.33
02;2414990108;2022;142;Transferências de Convênios Vinculados à Assistência Social;6;PREFEITURA MUNICIPAL DE UBERLÂNDIA;Transf CV 827890/16 Aquis. Bens - D.Social;SECRETARIA MUNICIPAL DE DESENVOLVIMENTO SOCIAL E T;10;0.00;8333.33
02;2414990108;2022;142;Transferências de Convênios Vinculados à Assistência Social;7;PREFEITURA MUNICIPAL DE UBERLÂNDIA;Transf CV 827890/16 Aquis. Bens - D.Social;SECRETARIA MUNICIPAL DE DESENVOLVIMENTO SOCIAL E T;10;0.00;8333.33
02;2414990108;2022;142;Transferências de Convênios Vinculados à Assistência Social;8;PREFEITURA MUNICIPAL DE UBERLÂNDIA;Transf CV 827890/16 Aquis. Bens - D.Social;SECRETARIA MUNICIPAL DE DESENVOLVIMENTO SOCIAL E T;10;0.00;8333.33
02;2414990108;2022;142;Transferências de Convênios Vinculados à Assistência Social;9;PREFEITURA MUNICIPAL DE UBERLÂNDIA;Transf CV 827890/16 Aquis. Bens - D.Social;SECRETARIA MUNICIPAL DE DESENVOLVIMENTO SOCIAL E T;10;0.00;8333.33
02;2414990108;2022;142;Transferências de Convênios Vinculados à Assistência Social;10;PREFEITURA MUNICIPAL DE UBERLÂNDIA;Transf CV 827890/16 Aquis. Bens - D.Social;SECRETARIA MUNICIPAL DE DESENVOLVIMENTO SOCIAL E T;10;0.00;8333.33
02;2414990108;2022;142;Transferências de Convênios Vinculados à Assistência Social;11;PREFEITURA MUNICIPAL DE UBERLÂNDIA;Transf CV 827890/16 Aquis. Bens - D.Social;SECRETARIA MUNICIPAL DE DESENVOLVIMENTO SOCIAL E T;10;0.00;8333.33
02;2414990108;2022;142;Transferências de Convênios Vinculados à Assistência Social;12;PREFEITURA MUNICIPAL DE UBERLÂNDIA;Transf CV 827890/16 Aquis. Bens - D.Social;SECRETARIA MUNICIPAL DE DESENVOLVIMENTO SOCIAL E T;10;0.00;8333.37
02;2414990109;2022;124;Outras Transferências de Convênios/ Outras Transferências de Convênios ou Repasses da União/ Transferências de Convênios Não Relacionados à Educação, à Saúde nem à Assistência Social;1;PREFEITURA MUNICIPAL DE UBERLÂNDIA;CV 849790/2017  Pavimentação/ Revitalização de Est;SECRETARIA MUNICIPAL DE OBRAS;13;0.00;22500.00
02;2414990109;2022;124;Outras Transferências de Convênios/ Outras Transferências de Convênios ou Repasses da União/ Transferências de Convênios Não Relacionados à Educação, à Saúde nem à Assistência Social;2;PREFEITURA MUNICIPAL DE UBERLÂNDIA;CV 849790/2017  Pavimentação/ Revitalização de Est;SECRETARIA MUNICIPAL DE OBRAS;13;0.00;22500.00
02;2414990109;2022;124;Outras Transferências de Convênios/ Outras Transferências de Convênios ou Repasses da União/ Transferências de Convênios Não Relacionados à Educação, à Saúde nem à Assistência Social;3;PREFEITURA MUNICIPAL DE UBERLÂNDIA;CV 849790/2017  Pavimentação/ Revitalização de Est;SECRETARIA MUNICIPAL DE OBRAS;13;0.00;22500.00
02;2414990109;2022;124;Outras Transferências de Convênios/ Outras Transferências de Convênios ou Repasses da União/ Transferências de Convênios Não Relacionados à Educação, à Saúde nem à Assistência Social;4;PREFEITURA MUNICIPAL DE UBERLÂNDIA;CV 849790/2017  Pavimentação/ Revitalização de Est;SECRETARIA MUNICIPAL DE OBRAS;13;0.00;22500.00
02;2414990109;2022;124;Outras Transferências de Convênios/ Outras Transferências de Convênios ou Repasses da União/ Transferências de Convênios Não Relacionados à Educação, à Saúde nem à Assistência Social;5;PREFEITURA MUNICIPAL DE UBERLÂNDIA;CV 849790/2017  Pavimentação/ Revitalização de Est;SECRETARIA MUNICIPAL DE OBRAS;13;0.00;22500.00
02;2414990109;2022;124;Outras Transferências de Convênios/ Outras Transferências de Convênios ou Repasses da União/ Transferências de Convênios Não Relacionados à Educação, à Saúde nem à Assistência Social;6;PREFEITURA MUNICIPAL DE UBERLÂNDIA;CV 849790/2017  Pavimentação/ Revitalização de Est;SECRETARIA MUNICIPAL DE OBRAS;13;0.00;22500.00
02;2414990109;2022;124;Outras Transferências de Convênios/ Outras Transferências de Convênios ou Repasses da União/ Transferências de Convênios Não Relacionados à Educação, à Saúde nem à Assistência Social;7;PREFEITURA MUNICIPAL DE UBERLÂNDIA;CV 849790/2017  Pavimentação/ Revitalização de Est;SECRETARIA MUNICIPAL DE OBRAS;13;0.00;22500.00
02;2414990109;2022;124;Outras Transferências de Convênios/ Outras Transferências de Convênios ou Repasses da União/ Transferências de Convênios Não Relacionados à Educação, à Saúde nem à Assistência Social;8;PREFEITURA MUNICIPAL DE UBERLÂNDIA;CV 849790/2017  Pavimentação/ Revitalização de Est;SECRETARIA MUNICIPAL DE OBRAS;13;0.00;22500.00
02;2414990109;2022;124;Outras Transferências de Convênios/ Outras Transferências de Convênios ou Repasses da União/ Transferências de Convênios Não Relacionados à Educação, à Saúde nem à Assistência Social;9;PREFEITURA MUNICIPAL DE UBERLÂNDIA;CV 849790/2017  Pavimentação/ Revitalização de Est;SECRETARIA MUNICIPAL DE OBRAS;13;0.00;22500.00
02;2414990109;2022;124;Outras Transferências de Convênios/ Outras Transferências de Convênios ou Repasses da União/ Transferências de Convênios Não Relacionados à Educação, à Saúde nem à Assistência Social;10;PREFEITURA MUNICIPAL DE UBERLÂNDIA;CV 849790/2017  Pavimentação/ Revitalização de Est;SECRETARIA MUNICIPAL DE OBRAS;13;0.00;22500.00
02;2414990109;2022;124;Outras Transferências de Convênios/ Outras Transferências de Convênios ou Repasses da União/ Transferências de Convênios Não Relacionados à Educação, à Saúde nem à Assistência Social;11;PREFEITURA MUNICIPAL DE UBERLÂNDIA;CV 849790/2017  Pavimentação/ Revitalização de Est;SECRETARIA MUNICIPAL DE OBRAS;13;0.00;22500.00
02;2414990109;2022;124;Outras Transferências de Convênios/ Outras Transferências de Convênios ou Repasses da União/ Transferências de Convênios Não Relacionados à Educação, à Saúde nem à Assistência Social;12;PREFEITURA MUNICIPAL DE UBERLÂNDIA;CV 849790/2017  Pavimentação/ Revitalização de Est;SECRETARIA MUNICIPAL DE OBRAS;13;0.00;22500.00
02;2414990110;2022;142;Transferências de Convênios Vinculados à Assistência Social;1;PREFEITURA MUNICIPAL DE UBERLÂNDIA;Transf CV 888220/19 Aquis. Equip SUAS - Desenvol S;SECRETARIA MUNICIPAL DE DESENVOLVIMENTO SOCIAL E T;10;0.00;8333.33
02;2414990110;2022;142;Transferências de Convênios Vinculados à Assistência Social;2;PREFEITURA MUNICIPAL DE UBERLÂNDIA;Transf CV 888220/19 Aquis. Equip SUAS - Desenvol S;SECRETARIA MUNICIPAL DE DESENVOLVIMENTO SOCIAL E T;10;0.00;8333.33
02;2414990110;2022;142;Transferências de Convênios Vinculados à Assistência Social;3;PREFEITURA MUNICIPAL DE UBERLÂNDIA;Transf CV 888220/19 Aquis. Equip SUAS - Desenvol S;SECRETARIA MUNICIPAL DE DESENVOLVIMENTO SOCIAL E T;10;0.00;8333.33
02;2414990110;2022;142;Transferências de Convênios Vinculados à Assistência Social;4;PREFEITURA MUNICIPAL DE UBERLÂNDIA;Transf CV 888220/19 Aquis. Equip SUAS - Desenvol S;SECRETARIA MUNICIPAL DE DESENVOLVIMENTO SOCIAL E T;10;0.00;8333.33
02;2414990110;2022;142;Transferências de Convênios Vinculados à Assistência Social;5;PREFEITURA MUNICIPAL DE UBERLÂNDIA;Transf CV 888220/19 Aquis. Equip SUAS - Desenvol S;SECRETARIA MUNICIPAL DE DESENVOLVIMENTO SOCIAL E T;10;0.00;8333.33
02;2414990110;2022;142;Transferências de Convênios Vinculados à Assistência Social;6;PREFEITURA MUNICIPAL DE UBERLÂNDIA;Transf CV 888220/19 Aquis. Equip SUAS - Desenvol S;SECRETARIA MUNICIPAL DE DESENVOLVIMENTO SOCIAL E T;10;0.00;8333.33
02;2414990110;2022;142;Transferências de Convênios Vinculados à Assistência Social;7;PREFEITURA MUNICIPAL DE UBERLÂNDIA;Transf CV 888220/19 Aquis. Equip SUAS - Desenvol S;SECRETARIA MUNICIPAL DE DESENVOLVIMENTO SOCIAL E T;10;0.00;8333.33
02;2414990110;2022;142;Transferências de Convênios Vinculados à Assistência Social;8;PREFEITURA MUNICIPAL DE UBERLÂNDIA;Transf CV 888220/19 Aquis. Equip SUAS - Desenvol S;SECRETARIA MUNICIPAL DE DESENVOLVIMENTO SOCIAL E T;10;0.00;8333.33
02;2414990110;2022;142;Transferências de Convênios Vinculados à Assistência Social;9;PREFEITURA MUNICIPAL DE UBERLÂNDIA;Transf CV 888220/19 Aquis. Equip SUAS - Desenvol S;SECRETARIA MUNICIPAL DE DESENVOLVIMENTO SOCIAL E T;10;0.00;8333.33
02;2414990110;2022;142;Transferências de Convênios Vinculados à Assistência Social;10;PREFEITURA MUNICIPAL DE UBERLÂNDIA;Transf CV 888220/19 Aquis. Equip SUAS - Desenvol S;SECRETARIA MUNICIPAL DE DESENVOLVIMENTO SOCIAL E T;10;0.00;8333.33
02;2414990110;2022;142;Transferências de Convênios Vinculados à Assistência Social;11;PREFEITURA MUNICIPAL DE UBERLÂNDIA;Transf CV 888220/19 Aquis. Equip SUAS - Desenvol S;SECRETARIA MUNICIPAL DE DESENVOLVIMENTO SOCIAL E T;10;0.00;8333.33
02;2414990110;2022;142;Transferências de Convênios Vinculados à Assistência Social;12;PREFEITURA MUNICIPAL DE UBERLÂNDIA;Transf CV 888220/19 Aquis. Equip SUAS - Desenvol S;SECRETARIA MUNICIPAL DE DESENVOLVIMENTO SOCIAL E T;10;0.00;8333.37
02;2414990111;2022;124;Outras Transferências de Convênios/ Outras Transferências de Convênios ou Repasses da União/ Transferências de Convênios Não Relacionados à Educação, à Saúde nem à Assistência Social;1;PREFEITURA MUNICIPAL DE UBERLÂNDIA;CR 888169/19 MTUR Revit Parque Do Sabiá;SECRETARIA MUNICIPAL DE OBRAS;13;0.00;39833.33
02;2414990111;2022;124;Outras Transferências de Convênios/ Outras Transferências de Convênios ou Repasses da União/ Transferências de Convênios Não Relacionados à Educação, à Saúde nem à Assistência Social;2;PREFEITURA MUNICIPAL DE UBERLÂNDIA;CR 888169/19 MTUR Revit Parque Do Sabiá;SECRETARIA MUNICIPAL DE OBRAS;13;0.00;39833.33
02;2414990111;2022;124;Outras Transferências de Convênios/ Outras Transferências de Convênios ou Repasses da União/ Transferências de Convênios Não Relacionados à Educação, à Saúde nem à Assistência Social;3;PREFEITURA MUNICIPAL DE UBERLÂNDIA;CR 888169/19 MTUR Revit Parque Do Sabiá;SECRETARIA MUNICIPAL DE OBRAS;13;95500.00;39833.33
02;2414990111;2022;124;Outras Transferências de Convênios/ Outras Transferências de Convênios ou Repasses da União/ Transferências de Convênios Não Relacionados à Educação, à Saúde nem à Assistência Social;4;PREFEITURA MUNICIPAL DE UBERLÂNDIA;CR 888169/19 MTUR Revit Parque Do Sabiá;SECRETARIA MUNICIPAL DE OBRAS;13;0.00;39833.33
02;2414990111;2022;124;Outras Transferências de Convênios/ Outras Transferências de Convênios ou Repasses da União/ Transferências de Convênios Não Relacionados à Educação, à Saúde nem à Assistência Social;5;PREFEITURA MUNICIPAL DE UBERLÂNDIA;CR 888169/19 MTUR Revit Parque Do Sabiá;SECRETARIA MUNICIPAL DE OBRAS;13;0.00;39833.33
02;2414990111;2022;124;Outras Transferências de Convênios/ Outras Transferências de Convênios ou Repasses da União/ Transferências de Convênios Não Relacionados à Educação, à Saúde nem à Assistência Social;6;PREFEITURA MUNICIPAL DE UBERLÂNDIA;CR 888169/19 MTUR Revit Parque Do Sabiá;SECRETARIA MUNICIPAL DE OBRAS;13;0.00;39833.33
02;2414990111;2022;124;Outras Transferências de Convênios/ Outras Transferências de Convênios ou Repasses da União/ Transferências de Convênios Não Relacionados à Educação, à Saúde nem à Assistência Social;7;PREFEITURA MUNICIPAL DE UBERLÂNDIA;CR 888169/19 MTUR Revit Parque Do Sabiá;SECRETARIA MUNICIPAL DE OBRAS;13;0.00;39833.33
02;2414990111;2022;124;Outras Transferências de Convênios/ Outras Transferências de Convênios ou Repasses da União/ Transferências de Convênios Não Relacionados à Educação, à Saúde nem à Assistência Social;8;PREFEITURA MUNICIPAL DE UBERLÂNDIA;CR 888169/19 MTUR Revit Parque Do Sabiá;SECRETARIA MUNICIPAL DE OBRAS;13;0.00;39833.33
02;2414990111;2022;124;Outras Transferências de Convênios/ Outras Transferências de Convênios ou Repasses da União/ Transferências de Convênios Não Relacionados à Educação, à Saúde nem à Assistência Social;9;PREFEITURA MUNICIPAL DE UBERLÂNDIA;CR 888169/19 MTUR Revit Parque Do Sabiá;SECRETARIA MUNICIPAL DE OBRAS;13;0.00;39833.33
02;2414990111;2022;124;Outras Transferências de Convênios/ Outras Transferências de Convênios ou Repasses da União/ Transferências de Convênios Não Relacionados à Educação, à Saúde nem à Assistência Social;10;PREFEITURA MUNICIPAL DE UBERLÂNDIA;CR 888169/19 MTUR Revit Parque Do Sabiá;SECRETARIA MUNICIPAL DE OBRAS;13;0.00;39833.33
02;2414990111;2022;124;Outras Transferências de Convênios/ Outras Transferências de Convênios ou Repasses da União/ Transferências de Convênios Não Relacionados à Educação, à Saúde nem à Assistência Social;11;PREFEITURA MUNICIPAL DE UBERLÂNDIA;CR 888169/19 MTUR Revit Parque Do Sabiá;SECRETARIA MUNICIPAL DE OBRAS;13;0.00;39833.33
02;2414990111;2022;124;Outras Transferências de Convênios/ Outras Transferências de Convênios ou Repasses da União/ Transferências de Convênios Não Relacionados à Educação, à Saúde nem à Assistência Social;12;PREFEITURA MUNICIPAL DE UBERLÂNDIA;CR 888169/19 MTUR Revit Parque Do Sabiá;SECRETARIA MUNICIPAL DE OBRAS;13;0.00;39833.37
02;2414990112;2022;124;Outras Transferências de Convênios/ Outras Transferências de Convênios ou Repasses da União/ Transferências de Convênios Não Relacionados à Educação, à Saúde nem à Assistência Social;1;PREFEITURA MUNICIPAL DE UBERLÂNDIA;CV 908098/20/MAPA Aquis de Implementos ;SECRETARIA MUNICIPAL DE AGROPECUÁRIA E ABASTECIMEN;12;0.00;23333.33
02;2414990112;2022;124;Outras Transferências de Convênios/ Outras Transferências de Convênios ou Repasses da União/ Transferências de Convênios Não Relacionados à Educação, à Saúde nem à Assistência Social;2;PREFEITURA MUNICIPAL DE UBERLÂNDIA;CV 908098/20/MAPA Aquis de Implementos ;SECRETARIA MUNICIPAL DE AGROPECUÁRIA E ABASTECIMEN;12;0.00;23333.33
02;2414990112;2022;124;Outras Transferências de Convênios/ Outras Transferências de Convênios ou Repasses da União/ Transferências de Convênios Não Relacionados à Educação, à Saúde nem à Assistência Social;3;PREFEITURA MUNICIPAL DE UBERLÂNDIA;CV 908098/20/MAPA Aquis de Implementos ;SECRETARIA MUNICIPAL DE AGROPECUÁRIA E ABASTECIMEN;12;0.00;23333.33
02;2414990112;2022;124;Outras Transferências de Convênios/ Outras Transferências de Convênios ou Repasses da União/ Transferências de Convênios Não Relacionados à Educação, à Saúde nem à Assistência Social;4;PREFEITURA MUNICIPAL DE UBERLÂNDIA;CV 908098/20/MAPA Aquis de Implementos ;SECRETARIA MUNICIPAL DE AGROPECUÁRIA E ABASTECIMEN;12;0.00;23333.33
02;2414990112;2022;124;Outras Transferências de Convênios/ Outras Transferências de Convênios ou Repasses da União/ Transferências de Convênios Não Relacionados à Educação, à Saúde nem à Assistência Social;5;PREFEITURA MUNICIPAL DE UBERLÂNDIA;CV 908098/20/MAPA Aquis de Implementos ;SECRETARIA MUNICIPAL DE AGROPECUÁRIA E ABASTECIMEN;12;0.00;23333.33
02;2414990112;2022;124;Outras Transferências de Convênios/ Outras Transferências de Convênios ou Repasses da União/ Transferências de Convênios Não Relacionados à Educação, à Saúde nem à Assistência Social;6;PREFEITURA MUNICIPAL DE UBERLÂNDIA;CV 908098/20/MAPA Aquis de Implementos ;SECRETARIA MUNICIPAL DE AGROPECUÁRIA E ABASTECIMEN;12;0.00;23333.33
02;2414990112;2022;124;Outras Transferências de Convênios/ Outras Transferências de Convênios ou Repasses da União/ Transferências de Convênios Não Relacionados à Educação, à Saúde nem à Assistência Social;7;PREFEITURA MUNICIPAL DE UBERLÂNDIA;CV 908098/20/MAPA Aquis de Implementos ;SECRETARIA MUNICIPAL DE AGROPECUÁRIA E ABASTECIMEN;12;0.00;23333.33
02;2414990112;2022;124;Outras Transferências de Convênios/ Outras Transferências de Convênios ou Repasses da União/ Transferências de Convênios Não Relacionados à Educação, à Saúde nem à Assistência Social;8;PREFEITURA MUNICIPAL DE UBERLÂNDIA;CV 908098/20/MAPA Aquis de Implementos ;SECRETARIA MUNICIPAL DE AGROPECUÁRIA E ABASTECIMEN;12;0.00;23333.33
02;2414990112;2022;124;Outras Transferências de Convênios/ Outras Transferências de Convênios ou Repasses da União/ Transferências de Convênios Não Relacionados à Educação, à Saúde nem à Assistência Social;9;PREFEITURA MUNICIPAL DE UBERLÂNDIA;CV 908098/20/MAPA Aquis de Implementos ;SECRETARIA MUNICIPAL DE AGROPECUÁRIA E ABASTECIMEN;12;0.00;23333.33
02;2414990112;2022;124;Outras Transferências de Convênios/ Outras Transferências de Convênios ou Repasses da União/ Transferências de Convênios Não Relacionados à Educação, à Saúde nem à Assistência Social;10;PREFEITURA MUNICIPAL DE UBERLÂNDIA;CV 908098/20/MAPA Aquis de Implementos ;SECRETARIA MUNICIPAL DE AGROPECUÁRIA E ABASTECIMEN;12;0.00;23333.33
02;2414990112;2022;124;Outras Transferências de Convênios/ Outras Transferências de Convênios ou Repasses da União/ Transferências de Convênios Não Relacionados à Educação, à Saúde nem à Assistência Social;11;PREFEITURA MUNICIPAL DE UBERLÂNDIA;CV 908098/20/MAPA Aquis de Implementos ;SECRETARIA MUNICIPAL DE AGROPECUÁRIA E ABASTECIMEN;12;0.00;23333.33
02;2414990112;2022;124;Outras Transferências de Convênios/ Outras Transferências de Convênios ou Repasses da União/ Transferências de Convênios Não Relacionados à Educação, à Saúde nem à Assistência Social;12;PREFEITURA MUNICIPAL DE UBERLÂNDIA;CV 908098/20/MAPA Aquis de Implementos ;SECRETARIA MUNICIPAL DE AGROPECUÁRIA E ABASTECIMEN;12;0.00;23333.37
02;2419510101;2022;164;Emendas Parlamentares Individuais-Transferência Especial/ Transferência Especial da União;12;PREFEITURA MUNICIPAL DE UBERLÂNDIA;Transferência Especial da União - Saúde;SECRETARIA MUNICIPAL DE SAÚDE;09;380000.00;0.00
02;2419990101;2022;170;Outros Recursos Não Vinculados;1;PREFEITURA MUNICIPAL DE UBERLÂNDIA;Transferência MPU Multas Trabalhistas Termo de Aju;SECRETARIA MUNICIPAL DE SAÚDE;09;0.00;83333.33
02;2419990101;2022;170;Outros Recursos Não Vinculados;2;PREFEITURA MUNICIPAL DE UBERLÂNDIA;Transferência MPU Multas Trabalhistas Termo de Aju;SECRETARIA MUNICIPAL DE SAÚDE;09;0.00;83333.33
02;2419990101;2022;170;Outros Recursos Não Vinculados;3;PREFEITURA MUNICIPAL DE UBERLÂNDIA;Transferência MPU Multas Trabalhistas Termo de Aju;SECRETARIA MUNICIPAL DE SAÚDE;09;0.00;83333.33
02;2419990101;2022;170;Outros Recursos Não Vinculados;4;PREFEITURA MUNICIPAL DE UBERLÂNDIA;Transferência MPU Multas Trabalhistas Termo de Aju;SECRETARIA MUNICIPAL DE SAÚDE;09;0.00;83333.33
02;2419990101;2022;170;Outros Recursos Não Vinculados;5;PREFEITURA MUNICIPAL DE UBERLÂNDIA;Transferência MPU Multas Trabalhistas Termo de Aju;SECRETARIA MUNICIPAL DE SAÚDE;09;0.00;83333.33
02;2419990101;2022;170;Outros Recursos Não Vinculados;6;PREFEITURA MUNICIPAL DE UBERLÂNDIA;Transferência MPU Multas Trabalhistas Termo de Aju;SECRETARIA MUNICIPAL DE SAÚDE;09;0.00;83333.33
02;2419990101;2022;170;Outros Recursos Não Vinculados;7;PREFEITURA MUNICIPAL DE UBERLÂNDIA;Transferência MPU Multas Trabalhistas Termo de Aju;SECRETARIA MUNICIPAL DE SAÚDE;09;0.00;83333.33
02;2419990101;2022;170;Outros Recursos Não Vinculados;8;PREFEITURA MUNICIPAL DE UBERLÂNDIA;Transferência MPU Multas Trabalhistas Termo de Aju;SECRETARIA MUNICIPAL DE SAÚDE;09;0.00;83333.33
02;2419990101;2022;170;Outros Recursos Não Vinculados;9;PREFEITURA MUNICIPAL DE UBERLÂNDIA;Transferência MPU Multas Trabalhistas Termo de Aju;SECRETARIA MUNICIPAL DE SAÚDE;09;0.00;83333.33
02;2419990101;2022;170;Outros Recursos Não Vinculados;10;PREFEITURA MUNICIPAL DE UBERLÂNDIA;Transferência MPU Multas Trabalhistas Termo de Aju;SECRETARIA MUNICIPAL DE SAÚDE;09;0.00;83333.33
02;2419990101;2022;170;Outros Recursos Não Vinculados;11;PREFEITURA MUNICIPAL DE UBERLÂNDIA;Transferência MPU Multas Trabalhistas Termo de Aju;SECRETARIA MUNICIPAL DE SAÚDE;09;0.00;83333.33
02;2419990101;2022;170;Outros Recursos Não Vinculados;12;PREFEITURA MUNICIPAL DE UBERLÂNDIA;Transferência MPU Multas Trabalhistas Termo de Aju;SECRETARIA MUNICIPAL DE SAÚDE;09;0.00;83333.37
02;2419990102;2022;170;Outros Recursos Não Vinculados;1;PREFEITURA MUNICIPAL DE UBERLÂNDIA;Transferência MPT - Reforma Estac. Cidadania - Des;SECRETARIA MUNICIPAL DE DESENVOLVIMENTO SOCIAL E T;10;0.00;25000.00
02;2419990102;2022;170;Outros Recursos Não Vinculados;2;PREFEITURA MUNICIPAL DE UBERLÂNDIA;Transferência MPT - Reforma Estac. Cidadania - Des;SECRETARIA MUNICIPAL DE DESENVOLVIMENTO SOCIAL E T;10;0.00;25000.00
02;2419990102;2022;170;Outros Recursos Não Vinculados;3;PREFEITURA MUNICIPAL DE UBERLÂNDIA;Transferência MPT - Reforma Estac. Cidadania - Des;SECRETARIA MUNICIPAL DE DESENVOLVIMENTO SOCIAL E T;10;0.00;25000.00
02;2419990102;2022;170;Outros Recursos Não Vinculados;4;PREFEITURA MUNICIPAL DE UBERLÂNDIA;Transferência MPT - Reforma Estac. Cidadania - Des;SECRETARIA MUNICIPAL DE DESENVOLVIMENTO SOCIAL E T;10;0.00;25000.00
02;2419990102;2022;170;Outros Recursos Não Vinculados;5;PREFEITURA MUNICIPAL DE UBERLÂNDIA;Transferência MPT - Reforma Estac. Cidadania - Des;SECRETARIA MUNICIPAL DE DESENVOLVIMENTO SOCIAL E T;10;0.00;25000.00
02;2419990102;2022;170;Outros Recursos Não Vinculados;6;PREFEITURA MUNICIPAL DE UBERLÂNDIA;Transferência MPT - Reforma Estac. Cidadania - Des;SECRETARIA MUNICIPAL DE DESENVOLVIMENTO SOCIAL E T;10;0.00;25000.00
02;2419990102;2022;170;Outros Recursos Não Vinculados;7;PREFEITURA MUNICIPAL DE UBERLÂNDIA;Transferência MPT - Reforma Estac. Cidadania - Des;SECRETARIA MUNICIPAL DE DESENVOLVIMENTO SOCIAL E T;10;0.00;25000.00
02;2419990102;2022;170;Outros Recursos Não Vinculados;8;PREFEITURA MUNICIPAL DE UBERLÂNDIA;Transferência MPT - Reforma Estac. Cidadania - Des;SECRETARIA MUNICIPAL DE DESENVOLVIMENTO SOCIAL E T;10;0.00;25000.00
02;2419990102;2022;170;Outros Recursos Não Vinculados;9;PREFEITURA MUNICIPAL DE UBERLÂNDIA;Transferência MPT - Reforma Estac. Cidadania - Des;SECRETARIA MUNICIPAL DE DESENVOLVIMENTO SOCIAL E T;10;0.00;25000.00
02;2419990102;2022;170;Outros Recursos Não Vinculados;10;PREFEITURA MUNICIPAL DE UBERLÂNDIA;Transferência MPT - Reforma Estac. Cidadania - Des;SECRETARIA MUNICIPAL DE DESENVOLVIMENTO SOCIAL E T;10;0.00;25000.00
02;2419990102;2022;170;Outros Recursos Não Vinculados;11;PREFEITURA MUNICIPAL DE UBERLÂNDIA;Transferência MPT - Reforma Estac. Cidadania - Des;SECRETARIA MUNICIPAL DE DESENVOLVIMENTO SOCIAL E T;10;0.00;25000.00
02;2419990102;2022;170;Outros Recursos Não Vinculados;12;PREFEITURA MUNICIPAL DE UBERLÂNDIA;Transferência MPT - Reforma Estac. Cidadania - Des;SECRETARIA MUNICIPAL DE DESENVOLVIMENTO SOCIAL E T;10;0.00;25000.00
02;2419990103;2022;170;Outros Recursos Não Vinculados;1;PREFEITURA MUNICIPAL DE UBERLÂNDIA;Transf MPT MG Equipamento e Material Permanente - ;SECRETARIA MUNICIPAL DE SAÚDE;09;0.00;0.00
02;2419990103;2022;170;Outros Recursos Não Vinculados;2;PREFEITURA MUNICIPAL DE UBERLÂNDIA;Transf MPT MG Equipamento e Material Permanente - ;SECRETARIA MUNICIPAL DE SAÚDE;09;0.00;0.00
02;2419990103;2022;170;Outros Recursos Não Vinculados;3;PREFEITURA MUNICIPAL DE UBERLÂNDIA;Transf MPT MG Equipamento e Material Permanente - ;SECRETARIA MUNICIPAL DE SAÚDE;09;0.00;0.00
02;2419990103;2022;170;Outros Recursos Não Vinculados;4;PREFEITURA MUNICIPAL DE UBERLÂNDIA;Transf MPT MG Equipamento e Material Permanente - ;SECRETARIA MUNICIPAL DE SAÚDE;09;0.00;1248589.14
02;2419990103;2022;170;Outros Recursos Não Vinculados;5;PREFEITURA MUNICIPAL DE UBERLÂNDIA;Transf MPT MG Equipamento e Material Permanente - ;SECRETARIA MUNICIPAL DE SAÚDE;09;0.00;312852.72
02;2419990103;2022;170;Outros Recursos Não Vinculados;6;PREFEITURA MUNICIPAL DE UBERLÂNDIA;Transf MPT MG Equipamento e Material Permanente - ;SECRETARIA MUNICIPAL DE SAÚDE;09;0.00;312852.72
02;2419990103;2022;170;Outros Recursos Não Vinculados;7;PREFEITURA MUNICIPAL DE UBERLÂNDIA;Transf MPT MG Equipamento e Material Permanente - ;SECRETARIA MUNICIPAL DE SAÚDE;09;0.00;312852.72
02;2419990103;2022;170;Outros Recursos Não Vinculados;8;PREFEITURA MUNICIPAL DE UBERLÂNDIA;Transf MPT MG Equipamento e Material Permanente - ;SECRETARIA MUNICIPAL DE SAÚDE;09;0.00;312852.70
02;2419990103;2022;170;Outros Recursos Não Vinculados;9;PREFEITURA MUNICIPAL DE UBERLÂNDIA;Transf MPT MG Equipamento e Material Permanente - ;SECRETARIA MUNICIPAL DE SAÚDE;09;0.00;0.00
02;2419990103;2022;170;Outros Recursos Não Vinculados;10;PREFEITURA MUNICIPAL DE UBERLÂNDIA;Transf MPT MG Equipamento e Material Permanente - ;SECRETARIA MUNICIPAL DE SAÚDE;09;0.00;0.00
02;2419990103;2022;170;Outros Recursos Não Vinculados;11;PREFEITURA MUNICIPAL DE UBERLÂNDIA;Transf MPT MG Equipamento e Material Permanente - ;SECRETARIA MUNICIPAL DE SAÚDE;09;0.00;0.00
02;2419990103;2022;170;Outros Recursos Não Vinculados;12;PREFEITURA MUNICIPAL DE UBERLÂNDIA;Transf MPT MG Equipamento e Material Permanente - ;SECRETARIA MUNICIPAL DE SAÚDE;09;0.00;0.00
02;2419990104;2022;170;Outros Recursos Não Vinculados;1;PREFEITURA MUNICIPAL DE UBERLÂNDIA;Transf MPT Udi Aquis Ultrasson - Saúde;SECRETARIA MUNICIPAL DE SAÚDE;09;0.00;21786.80
02;2419990104;2022;170;Outros Recursos Não Vinculados;2;PREFEITURA MUNICIPAL DE UBERLÂNDIA;Transf MPT Udi Aquis Ultrasson - Saúde;SECRETARIA MUNICIPAL DE SAÚDE;09;0.00;13035.53
02;2419990104;2022;170;Outros Recursos Não Vinculados;3;PREFEITURA MUNICIPAL DE UBERLÂNDIA;Transf MPT Udi Aquis Ultrasson - Saúde;SECRETARIA MUNICIPAL DE SAÚDE;09;0.00;8690.36
02;2419990104;2022;170;Outros Recursos Não Vinculados;4;PREFEITURA MUNICIPAL DE UBERLÂNDIA;Transf MPT Udi Aquis Ultrasson - Saúde;SECRETARIA MUNICIPAL DE SAÚDE;09;0.00;21725.89
02;2419990104;2022;170;Outros Recursos Não Vinculados;5;PREFEITURA MUNICIPAL DE UBERLÂNDIA;Transf MPT Udi Aquis Ultrasson - Saúde;SECRETARIA MUNICIPAL DE SAÚDE;09;0.00;4345.18
02;2419990104;2022;170;Outros Recursos Não Vinculados;6;PREFEITURA MUNICIPAL DE UBERLÂNDIA;Transf MPT Udi Aquis Ultrasson - Saúde;SECRETARIA MUNICIPAL DE SAÚDE;09;0.00;4345.18
02;2419990104;2022;170;Outros Recursos Não Vinculados;7;PREFEITURA MUNICIPAL DE UBERLÂNDIA;Transf MPT Udi Aquis Ultrasson - Saúde;SECRETARIA MUNICIPAL DE SAÚDE;09;0.00;4345.18
02;2419990104;2022;170;Outros Recursos Não Vinculados;8;PREFEITURA MUNICIPAL DE UBERLÂNDIA;Transf MPT Udi Aquis Ultrasson - Saúde;SECRETARIA MUNICIPAL DE SAÚDE;09;0.00;4345.18
02;2419990104;2022;170;Outros Recursos Não Vinculados;9;PREFEITURA MUNICIPAL DE UBERLÂNDIA;Transf MPT Udi Aquis Ultrasson - Saúde;SECRETARIA MUNICIPAL DE SAÚDE;09;0.00;4345.18
02;2419990104;2022;170;Outros Recursos Não Vinculados;10;PREFEITURA MUNICIPAL DE UBERLÂNDIA;Transf MPT Udi Aquis Ultrasson - Saúde;SECRETARIA MUNICIPAL DE SAÚDE;09;0.00;0.00
02;2419990104;2022;170;Outros Recursos Não Vinculados;11;PREFEITURA MUNICIPAL DE UBERLÂNDIA;Transf MPT Udi Aquis Ultrasson - Saúde;SECRETARIA MUNICIPAL DE SAÚDE;09;0.00;8690.36
02;2419990104;2022;170;Outros Recursos Não Vinculados;12;PREFEITURA MUNICIPAL DE UBERLÂNDIA;Transf MPT Udi Aquis Ultrasson - Saúde;SECRETARIA MUNICIPAL DE SAÚDE;09;0.00;4345.16
02;2421500101;2022;155;Transferências de Recursos do Fundo Estadual de Saúde;1;PREFEITURA MUNICIPAL DE UBERLÂNDIA;Resolução 213/09 SES Ostomia ;SECRETARIA MUNICIPAL DE SAÚDE;09;0.00;2500.00
02;2421500101;2022;155;Transferências de Recursos do Fundo Estadual de Saúde;2;PREFEITURA MUNICIPAL DE UBERLÂNDIA;Resolução 213/09 SES Ostomia ;SECRETARIA MUNICIPAL DE SAÚDE;09;0.00;2500.00
02;2421500101;2022;155;Transferências de Recursos do Fundo Estadual de Saúde;3;PREFEITURA MUNICIPAL DE UBERLÂNDIA;Resolução 213/09 SES Ostomia ;SECRETARIA MUNICIPAL DE SAÚDE;09;0.00;2500.00
02;2421500101;2022;155;Transferências de Recursos do Fundo Estadual de Saúde;4;PREFEITURA MUNICIPAL DE UBERLÂNDIA;Resolução 213/09 SES Ostomia ;SECRETARIA MUNICIPAL DE SAÚDE;09;0.00;2500.00
02;2421500101;2022;155;Transferências de Recursos do Fundo Estadual de Saúde;5;PREFEITURA MUNICIPAL DE UBERLÂNDIA;Resolução 213/09 SES Ostomia ;SECRETARIA MUNICIPAL DE SAÚDE;09;0.00;2500.00
02;2421500101;2022;155;Transferências de Recursos do Fundo Estadual de Saúde;6;PREFEITURA MUNICIPAL DE UBERLÂNDIA;Resolução 213/09 SES Ostomia ;SECRETARIA MUNICIPAL DE SAÚDE;09;0.00;2500.00
02;2421500101;2022;155;Transferências de Recursos do Fundo Estadual de Saúde;7;PREFEITURA MUNICIPAL DE UBERLÂNDIA;Resolução 213/09 SES Ostomia ;SECRETARIA MUNICIPAL DE SAÚDE;09;0.00;2500.00
02;2421500101;2022;155;Transferências de Recursos do Fundo Estadual de Saúde;8;PREFEITURA MUNICIPAL DE UBERLÂNDIA;Resolução 213/09 SES Ostomia ;SECRETARIA MUNICIPAL DE SAÚDE;09;0.00;2500.00
02;2421500101;2022;155;Transferências de Recursos do Fundo Estadual de Saúde;9;PREFEITURA MUNICIPAL DE UBERLÂNDIA;Resolução 213/09 SES Ostomia ;SECRETARIA MUNICIPAL DE SAÚDE;09;0.00;2500.00
02;2421500101;2022;155;Transferências de Recursos do Fundo Estadual de Saúde;10;PREFEITURA MUNICIPAL DE UBERLÂNDIA;Resolução 213/09 SES Ostomia ;SECRETARIA MUNICIPAL DE SAÚDE;09;0.00;2500.00
02;2421500101;2022;155;Transferências de Recursos do Fundo Estadual de Saúde;11;PREFEITURA MUNICIPAL DE UBERLÂNDIA;Resolução 213/09 SES Ostomia ;SECRETARIA MUNICIPAL DE SAÚDE;09;0.00;2500.00
02;2421500101;2022;155;Transferências de Recursos do Fundo Estadual de Saúde;12;PREFEITURA MUNICIPAL DE UBERLÂNDIA;Resolução 213/09 SES Ostomia ;SECRETARIA MUNICIPAL DE SAÚDE;09;0.00;2500.00
02;2421500102;2022;155;Transferências de Recursos do Fundo Estadual de Saúde;1;PREFEITURA MUNICIPAL DE UBERLÂNDIA;TC 820/4058 Construir CAPSi;SECRETARIA MUNICIPAL DE SAÚDE;09;0.00;416.67
02;2421500102;2022;155;Transferências de Recursos do Fundo Estadual de Saúde;2;PREFEITURA MUNICIPAL DE UBERLÂNDIA;TC 820/4058 Construir CAPSi;SECRETARIA MUNICIPAL DE SAÚDE;09;0.00;416.67
02;2421500102;2022;155;Transferências de Recursos do Fundo Estadual de Saúde;3;PREFEITURA MUNICIPAL DE UBERLÂNDIA;TC 820/4058 Construir CAPSi;SECRETARIA MUNICIPAL DE SAÚDE;09;0.00;416.67
02;2421500102;2022;155;Transferências de Recursos do Fundo Estadual de Saúde;4;PREFEITURA MUNICIPAL DE UBERLÂNDIA;TC 820/4058 Construir CAPSi;SECRETARIA MUNICIPAL DE SAÚDE;09;0.00;416.67
02;2421500102;2022;155;Transferências de Recursos do Fundo Estadual de Saúde;5;PREFEITURA MUNICIPAL DE UBERLÂNDIA;TC 820/4058 Construir CAPSi;SECRETARIA MUNICIPAL DE SAÚDE;09;0.00;416.67
02;2421500102;2022;155;Transferências de Recursos do Fundo Estadual de Saúde;6;PREFEITURA MUNICIPAL DE UBERLÂNDIA;TC 820/4058 Construir CAPSi;SECRETARIA MUNICIPAL DE SAÚDE;09;0.00;416.67
02;2421500102;2022;155;Transferências de Recursos do Fundo Estadual de Saúde;7;PREFEITURA MUNICIPAL DE UBERLÂNDIA;TC 820/4058 Construir CAPSi;SECRETARIA MUNICIPAL DE SAÚDE;09;0.00;416.67
02;2421500102;2022;155;Transferências de Recursos do Fundo Estadual de Saúde;8;PREFEITURA MUNICIPAL DE UBERLÂNDIA;TC 820/4058 Construir CAPSi;SECRETARIA MUNICIPAL DE SAÚDE;09;0.00;416.67
02;2421500102;2022;155;Transferências de Recursos do Fundo Estadual de Saúde;9;PREFEITURA MUNICIPAL DE UBERLÂNDIA;TC 820/4058 Construir CAPSi;SECRETARIA MUNICIPAL DE SAÚDE;09;0.00;416.67
02;2421500102;2022;155;Transferências de Recursos do Fundo Estadual de Saúde;10;PREFEITURA MUNICIPAL DE UBERLÂNDIA;TC 820/4058 Construir CAPSi;SECRETARIA MUNICIPAL DE SAÚDE;09;0.00;416.67
02;2421500102;2022;155;Transferências de Recursos do Fundo Estadual de Saúde;11;PREFEITURA MUNICIPAL DE UBERLÂNDIA;TC 820/4058 Construir CAPSi;SECRETARIA MUNICIPAL DE SAÚDE;09;0.00;416.67
02;2421500102;2022;155;Transferências de Recursos do Fundo Estadual de Saúde;12;PREFEITURA MUNICIPAL DE UBERLÂNDIA;TC 820/4058 Construir CAPSi;SECRETARIA MUNICIPAL DE SAÚDE;09;0.00;416.63
02;2421500103;2022;155;Transferências de Recursos do Fundo Estadual de Saúde;1;PREFEITURA MUNICIPAL DE UBERLÂNDIA;Transf 4227 - Aquis Equip e Mat Permanente CAPS AD;SECRETARIA MUNICIPAL DE SAÚDE;09;0.00;12500.00
02;2421500103;2022;155;Transferências de Recursos do Fundo Estadual de Saúde;2;PREFEITURA MUNICIPAL DE UBERLÂNDIA;Transf 4227 - Aquis Equip e Mat Permanente CAPS AD;SECRETARIA MUNICIPAL DE SAÚDE;09;0.00;12500.00
02;2421500103;2022;155;Transferências de Recursos do Fundo Estadual de Saúde;3;PREFEITURA MUNICIPAL DE UBERLÂNDIA;Transf 4227 - Aquis Equip e Mat Permanente CAPS AD;SECRETARIA MUNICIPAL DE SAÚDE;09;0.00;12500.00
02;2421500103;2022;155;Transferências de Recursos do Fundo Estadual de Saúde;4;PREFEITURA MUNICIPAL DE UBERLÂNDIA;Transf 4227 - Aquis Equip e Mat Permanente CAPS AD;SECRETARIA MUNICIPAL DE SAÚDE;09;0.00;12500.00
02;2421500103;2022;155;Transferências de Recursos do Fundo Estadual de Saúde;5;PREFEITURA MUNICIPAL DE UBERLÂNDIA;Transf 4227 - Aquis Equip e Mat Permanente CAPS AD;SECRETARIA MUNICIPAL DE SAÚDE;09;0.00;12500.00
02;2421500103;2022;155;Transferências de Recursos do Fundo Estadual de Saúde;6;PREFEITURA MUNICIPAL DE UBERLÂNDIA;Transf 4227 - Aquis Equip e Mat Permanente CAPS AD;SECRETARIA MUNICIPAL DE SAÚDE;09;0.00;12500.00
02;2421500103;2022;155;Transferências de Recursos do Fundo Estadual de Saúde;7;PREFEITURA MUNICIPAL DE UBERLÂNDIA;Transf 4227 - Aquis Equip e Mat Permanente CAPS AD;SECRETARIA MUNICIPAL DE SAÚDE;09;0.00;12500.00
02;2421500103;2022;155;Transferências de Recursos do Fundo Estadual de Saúde;8;PREFEITURA MUNICIPAL DE UBERLÂNDIA;Transf 4227 - Aquis Equip e Mat Permanente CAPS AD;SECRETARIA MUNICIPAL DE SAÚDE;09;0.00;12500.00
02;2421500103;2022;155;Transferências de Recursos do Fundo Estadual de Saúde;9;PREFEITURA MUNICIPAL DE UBERLÂNDIA;Transf 4227 - Aquis Equip e Mat Permanente CAPS AD;SECRETARIA MUNICIPAL DE SAÚDE;09;0.00;12500.00
02;2421500103;2022;155;Transferências de Recursos do Fundo Estadual de Saúde;10;PREFEITURA MUNICIPAL DE UBERLÂNDIA;Transf 4227 - Aquis Equip e Mat Permanente CAPS AD;SECRETARIA MUNICIPAL DE SAÚDE;09;0.00;12500.00
02;2421500103;2022;155;Transferências de Recursos do Fundo Estadual de Saúde;11;PREFEITURA MUNICIPAL DE UBERLÂNDIA;Transf 4227 - Aquis Equip e Mat Permanente CAPS AD;SECRETARIA MUNICIPAL DE SAÚDE;09;0.00;12500.00
02;2421500103;2022;155;Transferências de Recursos do Fundo Estadual de Saúde;12;PREFEITURA MUNICIPAL DE UBERLÂNDIA;Transf 4227 - Aquis Equip e Mat Permanente CAPS AD;SECRETARIA MUNICIPAL DE SAÚDE;09;0.00;12500.00
02;2421500104;2022;155;Transferências de Recursos do Fundo Estadual de Saúde;1;PREFEITURA MUNICIPAL DE UBERLÂNDIA;Transferência SES 5318/16 Aquisição Equipamentos U;SECRETARIA MUNICIPAL DE SAÚDE;09;0.00;1666.67
02;2421500104;2022;155;Transferências de Recursos do Fundo Estadual de Saúde;2;PREFEITURA MUNICIPAL DE UBERLÂNDIA;Transferência SES 5318/16 Aquisição Equipamentos U;SECRETARIA MUNICIPAL DE SAÚDE;09;0.00;1666.67
02;2421500104;2022;155;Transferências de Recursos do Fundo Estadual de Saúde;3;PREFEITURA MUNICIPAL DE UBERLÂNDIA;Transferência SES 5318/16 Aquisição Equipamentos U;SECRETARIA MUNICIPAL DE SAÚDE;09;0.00;1666.67
02;2421500104;2022;155;Transferências de Recursos do Fundo Estadual de Saúde;4;PREFEITURA MUNICIPAL DE UBERLÂNDIA;Transferência SES 5318/16 Aquisição Equipamentos U;SECRETARIA MUNICIPAL DE SAÚDE;09;0.00;1666.67
02;2421500104;2022;155;Transferências de Recursos do Fundo Estadual de Saúde;5;PREFEITURA MUNICIPAL DE UBERLÂNDIA;Transferência SES 5318/16 Aquisição Equipamentos U;SECRETARIA MUNICIPAL DE SAÚDE;09;0.00;1666.67
02;2421500104;2022;155;Transferências de Recursos do Fundo Estadual de Saúde;6;PREFEITURA MUNICIPAL DE UBERLÂNDIA;Transferência SES 5318/16 Aquisição Equipamentos U;SECRETARIA MUNICIPAL DE SAÚDE;09;0.00;1666.67
02;2421500104;2022;155;Transferências de Recursos do Fundo Estadual de Saúde;7;PREFEITURA MUNICIPAL DE UBERLÂNDIA;Transferência SES 5318/16 Aquisição Equipamentos U;SECRETARIA MUNICIPAL DE SAÚDE;09;0.00;1666.67
02;2421500104;2022;155;Transferências de Recursos do Fundo Estadual de Saúde;8;PREFEITURA MUNICIPAL DE UBERLÂNDIA;Transferência SES 5318/16 Aquisição Equipamentos U;SECRETARIA MUNICIPAL DE SAÚDE;09;0.00;1666.67
02;2421500104;2022;155;Transferências de Recursos do Fundo Estadual de Saúde;9;PREFEITURA MUNICIPAL DE UBERLÂNDIA;Transferência SES 5318/16 Aquisição Equipamentos U;SECRETARIA MUNICIPAL DE SAÚDE;09;0.00;1666.67
02;2421500104;2022;155;Transferências de Recursos do Fundo Estadual de Saúde;10;PREFEITURA MUNICIPAL DE UBERLÂNDIA;Transferência SES 5318/16 Aquisição Equipamentos U;SECRETARIA MUNICIPAL DE SAÚDE;09;0.00;1666.67
02;2421500104;2022;155;Transferências de Recursos do Fundo Estadual de Saúde;11;PREFEITURA MUNICIPAL DE UBERLÂNDIA;Transferência SES 5318/16 Aquisição Equipamentos U;SECRETARIA MUNICIPAL DE SAÚDE;09;0.00;1666.67
02;2421500104;2022;155;Transferências de Recursos do Fundo Estadual de Saúde;12;PREFEITURA MUNICIPAL DE UBERLÂNDIA;Transferência SES 5318/16 Aquisição Equipamentos U;SECRETARIA MUNICIPAL DE SAÚDE;09;0.00;1666.63
02;2421500105;2022;155;Transferências de Recursos do Fundo Estadual de Saúde;1;PREFEITURA MUNICIPAL DE UBERLÂNDIA;Res SES 6820/19 Aquis De Equip e Mat Perman ;SECRETARIA MUNICIPAL DE SAÚDE;09;0.00;416.67
02;2421500105;2022;155;Transferências de Recursos do Fundo Estadual de Saúde;2;PREFEITURA MUNICIPAL DE UBERLÂNDIA;Res SES 6820/19 Aquis De Equip e Mat Perman ;SECRETARIA MUNICIPAL DE SAÚDE;09;0.00;416.67
02;2421500105;2022;155;Transferências de Recursos do Fundo Estadual de Saúde;3;PREFEITURA MUNICIPAL DE UBERLÂNDIA;Res SES 6820/19 Aquis De Equip e Mat Perman ;SECRETARIA MUNICIPAL DE SAÚDE;09;0.00;416.67
02;2421500105;2022;155;Transferências de Recursos do Fundo Estadual de Saúde;4;PREFEITURA MUNICIPAL DE UBERLÂNDIA;Res SES 6820/19 Aquis De Equip e Mat Perman ;SECRETARIA MUNICIPAL DE SAÚDE;09;0.00;416.67
02;2421500105;2022;155;Transferências de Recursos do Fundo Estadual de Saúde;5;PREFEITURA MUNICIPAL DE UBERLÂNDIA;Res SES 6820/19 Aquis De Equip e Mat Perman ;SECRETARIA MUNICIPAL DE SAÚDE;09;0.00;416.67
02;2421500105;2022;155;Transferências de Recursos do Fundo Estadual de Saúde;6;PREFEITURA MUNICIPAL DE UBERLÂNDIA;Res SES 6820/19 Aquis De Equip e Mat Perman ;SECRETARIA MUNICIPAL DE SAÚDE;09;0.00;416.67
02;2421500105;2022;155;Transferências de Recursos do Fundo Estadual de Saúde;7;PREFEITURA MUNICIPAL DE UBERLÂNDIA;Res SES 6820/19 Aquis De Equip e Mat Perman ;SECRETARIA MUNICIPAL DE SAÚDE;09;0.00;416.67
02;2421500105;2022;155;Transferências de Recursos do Fundo Estadual de Saúde;8;PREFEITURA MUNICIPAL DE UBERLÂNDIA;Res SES 6820/19 Aquis De Equip e Mat Perman ;SECRETARIA MUNICIPAL DE SAÚDE;09;0.00;416.67
02;2421500105;2022;155;Transferências de Recursos do Fundo Estadual de Saúde;9;PREFEITURA MUNICIPAL DE UBERLÂNDIA;Res SES 6820/19 Aquis De Equip e Mat Perman ;SECRETARIA MUNICIPAL DE SAÚDE;09;0.00;416.67
02;2421500105;2022;155;Transferências de Recursos do Fundo Estadual de Saúde;10;PREFEITURA MUNICIPAL DE UBERLÂNDIA;Res SES 6820/19 Aquis De Equip e Mat Perman ;SECRETARIA MUNICIPAL DE SAÚDE;09;0.00;416.67
02;2421500105;2022;155;Transferências de Recursos do Fundo Estadual de Saúde;11;PREFEITURA MUNICIPAL DE UBERLÂNDIA;Res SES 6820/19 Aquis De Equip e Mat Perman ;SECRETARIA MUNICIPAL DE SAÚDE;09;0.00;416.67
02;2421500105;2022;155;Transferências de Recursos do Fundo Estadual de Saúde;12;PREFEITURA MUNICIPAL DE UBERLÂNDIA;Res SES 6820/19 Aquis De Equip e Mat Perman ;SECRETARIA MUNICIPAL DE SAÚDE;09;0.00;416.63
02;2421500106;2022;155;Transferências de Recursos do Fundo Estadual de Saúde;3;PREFEITURA MUNICIPAL DE UBERLÂNDIA;Res 7791/21, 8096/22 e 8097/22 - Aquisição Veiculo;SECRETARIA MUNICIPAL DE SAÚDE;09;285654.00;0.00
02;2421500106;2022;155;Transferências de Recursos do Fundo Estadual de Saúde;8;PREFEITURA MUNICIPAL DE UBERLÂNDIA;Res 7791/21, 8096/22 e 8097/22 - Aquisição Veiculo;SECRETARIA MUNICIPAL DE SAÚDE;09;349349.00;0.00
02;2421500107;2022;155;Transferências de Recursos do Fundo Estadual de Saúde;3;PREFEITURA MUNICIPAL DE UBERLÂNDIA;Res 7723/21 Adequações Espaços Físicos;SECRETARIA MUNICIPAL DE SAÚDE;09;100000.00;0.00
02;2421500108;2022;155;Transferências de Recursos do Fundo Estadual de Saúde;3;PREFEITURA MUNICIPAL DE UBERLÂNDIA;Res 7897/21 - Investimento Ações de imunização;SECRETARIA MUNICIPAL DE SAÚDE;09;361840.56;0.00
02;2421500109;2022;155;Transferências de Recursos do Fundo Estadual de Saúde;3;PREFEITURA MUNICIPAL DE UBERLÂNDIA;Res 7874/21 Aquis Equip Tomografia Comput;SECRETARIA MUNICIPAL DE SAÚDE;09;3080522.00;0.00
02;2421500110;2022;155;Transferências de Recursos do Fundo Estadual de Saúde;3;PREFEITURA MUNICIPAL DE UBERLÂNDIA;Res 7795/21 Incent Financ Enfrent Hanseníase;SECRETARIA MUNICIPAL DE SAÚDE;09;5000000.00;0.00
02;2421500111;2022;155;Transferências de Recursos do Fundo Estadual de Saúde;3;PREFEITURA MUNICIPAL DE UBERLÂNDIA;Res 7732/21 Incent Vigilância das Causas Externas;SECRETARIA MUNICIPAL DE SAÚDE;09;362935.13;0.00
02;2421500112;2022;155;Transferências de Recursos do Fundo Estadual de Saúde;3;PREFEITURA MUNICIPAL DE UBERLÂNDIA;Res 7796 e 7608/21 Ampl Rede Vigilan Epidem Hosp;SECRETARIA MUNICIPAL DE SAÚDE;09;43301.88;0.00
02;2421500113;2022;155;Transferências de Recursos do Fundo Estadual de Saúde;3;PREFEITURA MUNICIPAL DE UBERLÂNDIA;Res 6962/19 e 7733/21 - Enfrentamento  Arboviroses;SECRETARIA MUNICIPAL DE SAÚDE;09;590640.48;0.00
02;2421500113;2022;155;Transferências de Recursos do Fundo Estadual de Saúde;12;PREFEITURA MUNICIPAL DE UBERLÂNDIA;Res 6962/19 e 7733/21 - Enfrentamento  Arboviroses;SECRETARIA MUNICIPAL DE SAÚDE;09;654188.00;0.00
02;2421500114;2022;155;Transferências de Recursos do Fundo Estadual de Saúde;3;PREFEITURA MUNICIPAL DE UBERLÂNDIA;Res 7550/21 Incen Finan Serv Atenção Especializada;SECRETARIA MUNICIPAL DE SAÚDE;09;27500.00;0.00
02;2421500114;2022;155;Transferências de Recursos do Fundo Estadual de Saúde;12;PREFEITURA MUNICIPAL DE UBERLÂNDIA;Res 7550/21 Incen Finan Serv Atenção Especializada;SECRETARIA MUNICIPAL DE SAÚDE;09;689662.00;0.00
02;2421500115;2022;155;Transferências de Recursos do Fundo Estadual de Saúde;3;PREFEITURA MUNICIPAL DE UBERLÂNDIA;Res 7731/21 - Plano de Enfretamento a Sifilis;SECRETARIA MUNICIPAL DE SAÚDE;09;479487.80;0.00
02;2421500116;2022;155;Transferências de Recursos do Fundo Estadual de Saúde;3;PREFEITURA MUNICIPAL DE UBERLÂNDIA;Res 7734/21 Incentivo VigiMinas;SECRETARIA MUNICIPAL DE SAÚDE;09;734051.85;0.00
02;2421500117;2022;155;Transferências de Recursos do Fundo Estadual de Saúde;3;PREFEITURA MUNICIPAL DE UBERLÂNDIA;Res 7798/21 Incent Vigilan Sentinela do Influenza;SECRETARIA MUNICIPAL DE SAÚDE;09;60000.00;0.00
02;2421500118;2022;155;Transferências de Recursos do Fundo Estadual de Saúde;8;PREFEITURA MUNICIPAL DE UBERLÂNDIA;Res 8192/22 - Fortalecimento - At Especializada;SECRETARIA MUNICIPAL DE SAÚDE;09;146165.00;0.00
02;2422510101;2022;171;Transferências do Estado referentes a Convênios ou de Contratos de Repasse vinculados à Educação;1;PREFEITURA MUNICIPAL DE UBERLÂNDIA;CV 1261000463/2 - Aqui Equip Escolares;SECRETARIA MUNICIPAL DE EDUCAÇÃO;07;0.00;14166.67
02;2422510101;2022;171;Transferências do Estado referentes a Convênios ou de Contratos de Repasse vinculados à Educação;2;PREFEITURA MUNICIPAL DE UBERLÂNDIA;CV 1261000463/2 - Aqui Equip Escolares;SECRETARIA MUNICIPAL DE EDUCAÇÃO;07;0.00;14166.67
02;2422510101;2022;171;Transferências do Estado referentes a Convênios ou de Contratos de Repasse vinculados à Educação;3;PREFEITURA MUNICIPAL DE UBERLÂNDIA;CV 1261000463/2 - Aqui Equip Escolares;SECRETARIA MUNICIPAL DE EDUCAÇÃO;07;0.00;14166.67
02;2422510101;2022;171;Transferências do Estado referentes a Convênios ou de Contratos de Repasse vinculados à Educação;4;PREFEITURA MUNICIPAL DE UBERLÂNDIA;CV 1261000463/2 - Aqui Equip Escolares;SECRETARIA MUNICIPAL DE EDUCAÇÃO;07;0.00;14166.67
02;2422510101;2022;171;Transferências do Estado referentes a Convênios ou de Contratos de Repasse vinculados à Educação;5;PREFEITURA MUNICIPAL DE UBERLÂNDIA;CV 1261000463/2 - Aqui Equip Escolares;SECRETARIA MUNICIPAL DE EDUCAÇÃO;07;0.00;14166.67
02;2422510101;2022;171;Transferências do Estado referentes a Convênios ou de Contratos de Repasse vinculados à Educação;6;PREFEITURA MUNICIPAL DE UBERLÂNDIA;CV 1261000463/2 - Aqui Equip Escolares;SECRETARIA MUNICIPAL DE EDUCAÇÃO;07;0.00;14166.67
02;2422510101;2022;171;Transferências do Estado referentes a Convênios ou de Contratos de Repasse vinculados à Educação;7;PREFEITURA MUNICIPAL DE UBERLÂNDIA;CV 1261000463/2 - Aqui Equip Escolares;SECRETARIA MUNICIPAL DE EDUCAÇÃO;07;0.00;14166.67
02;2422510101;2022;171;Transferências do Estado referentes a Convênios ou de Contratos de Repasse vinculados à Educação;8;PREFEITURA MUNICIPAL DE UBERLÂNDIA;CV 1261000463/2 - Aqui Equip Escolares;SECRETARIA MUNICIPAL DE EDUCAÇÃO;07;0.00;14166.67
02;2422510101;2022;171;Transferências do Estado referentes a Convênios ou de Contratos de Repasse vinculados à Educação;9;PREFEITURA MUNICIPAL DE UBERLÂNDIA;CV 1261000463/2 - Aqui Equip Escolares;SECRETARIA MUNICIPAL DE EDUCAÇÃO;07;0.00;14166.67
02;2422510101;2022;171;Transferências do Estado referentes a Convênios ou de Contratos de Repasse vinculados à Educação;10;PREFEITURA MUNICIPAL DE UBERLÂNDIA;CV 1261000463/2 - Aqui Equip Escolares;SECRETARIA MUNICIPAL DE EDUCAÇÃO;07;0.00;14166.67
02;2422510101;2022;171;Transferências do Estado referentes a Convênios ou de Contratos de Repasse vinculados à Educação;11;PREFEITURA MUNICIPAL DE UBERLÂNDIA;CV 1261000463/2 - Aqui Equip Escolares;SECRETARIA MUNICIPAL DE EDUCAÇÃO;07;0.00;14166.67
02;2422510101;2022;171;Transferências do Estado referentes a Convênios ou de Contratos de Repasse vinculados à Educação;12;PREFEITURA MUNICIPAL DE UBERLÂNDIA;CV 1261000463/2 - Aqui Equip Escolares;SECRETARIA MUNICIPAL DE EDUCAÇÃO;07;0.00;14166.63
02;2422510102;2022;171;Transferências do Estado referentes a Convênios ou de Contratos de Repasse vinculados à Educação;3;PREFEITURA MUNICIPAL DE UBERLÂNDIA;CV 1261000299/22 Aquis Mob Escolares;SECRETARIA MUNICIPAL DE EDUCAÇÃO;07;1199984.43;0.00
02;2422510103;2022;171;Transferências do Estado referentes a Convênios ou de Contratos de Repasse vinculados à Educação;6;PREFEITURA MUNICIPAL DE UBERLÂNDIA;CV 1261000896/22 Execução de Obras nas Escolas ;SECRETARIA MUNICIPAL DE EDUCAÇÃO;07;572825.09;0.00
02;2422510104;2022;171;Transferências do Estado referentes a Convênios ou de Contratos de Repasse vinculados à Educação;7;PREFEITURA MUNICIPAL DE UBERLÂNDIA;CV 1261002099/22 Aquis Mob / Equip Escolar;SECRETARIA MUNICIPAL DE EDUCAÇÃO;07;99937.60;0.00
02;2422990102;2022;181;Outras Transferências de Convênios ou Contratos de Repasse dos Estados;1;PREFEITURA MUNICIPAL DE UBERLÂNDIA;Convênios 1/14 Reforma Defensoria Pública;SECRETARIA MUNICIPAL DE OBRAS;13;0.00;3750.00
02;2422990102;2022;181;Outras Transferências de Convênios ou Contratos de Repasse dos Estados;2;PREFEITURA MUNICIPAL DE UBERLÂNDIA;Convênios 1/14 Reforma Defensoria Pública;SECRETARIA MUNICIPAL DE OBRAS;13;0.00;3750.00
02;2422990102;2022;181;Outras Transferências de Convênios ou Contratos de Repasse dos Estados;3;PREFEITURA MUNICIPAL DE UBERLÂNDIA;Convênios 1/14 Reforma Defensoria Pública;SECRETARIA MUNICIPAL DE OBRAS;13;0.00;3750.00
02;2422990102;2022;181;Outras Transferências de Convênios ou Contratos de Repasse dos Estados;4;PREFEITURA MUNICIPAL DE UBERLÂNDIA;Convênios 1/14 Reforma Defensoria Pública;SECRETARIA MUNICIPAL DE OBRAS;13;0.00;3750.00
02;2422990102;2022;181;Outras Transferências de Convênios ou Contratos de Repasse dos Estados;5;PREFEITURA MUNICIPAL DE UBERLÂNDIA;Convênios 1/14 Reforma Defensoria Pública;SECRETARIA MUNICIPAL DE OBRAS;13;0.00;3750.00
02;2422990102;2022;181;Outras Transferências de Convênios ou Contratos de Repasse dos Estados;6;PREFEITURA MUNICIPAL DE UBERLÂNDIA;Convênios 1/14 Reforma Defensoria Pública;SECRETARIA MUNICIPAL DE OBRAS;13;0.00;3750.00
02;2422990102;2022;181;Outras Transferências de Convênios ou Contratos de Repasse dos Estados;7;PREFEITURA MUNICIPAL DE UBERLÂNDIA;Convênios 1/14 Reforma Defensoria Pública;SECRETARIA MUNICIPAL DE OBRAS;13;0.00;3750.00
02;2422990102;2022;181;Outras Transferências de Convênios ou Contratos de Repasse dos Estados;8;PREFEITURA MUNICIPAL DE UBERLÂNDIA;Convênios 1/14 Reforma Defensoria Pública;SECRETARIA MUNICIPAL DE OBRAS;13;0.00;3750.00
02;2422990102;2022;181;Outras Transferências de Convênios ou Contratos de Repasse dos Estados;9;PREFEITURA MUNICIPAL DE UBERLÂNDIA;Convênios 1/14 Reforma Defensoria Pública;SECRETARIA MUNICIPAL DE OBRAS;13;0.00;3750.00
02;2422990102;2022;181;Outras Transferências de Convênios ou Contratos de Repasse dos Estados;10;PREFEITURA MUNICIPAL DE UBERLÂNDIA;Convênios 1/14 Reforma Defensoria Pública;SECRETARIA MUNICIPAL DE OBRAS;13;0.00;3750.00
02;2422990102;2022;181;Outras Transferências de Convênios ou Contratos de Repasse dos Estados;11;PREFEITURA MUNICIPAL DE UBERLÂNDIA;Convênios 1/14 Reforma Defensoria Pública;SECRETARIA MUNICIPAL DE OBRAS;13;0.00;3750.00
02;2422990102;2022;181;Outras Transferências de Convênios ou Contratos de Repasse dos Estados;12;PREFEITURA MUNICIPAL DE UBERLÂNDIA;Convênios 1/14 Reforma Defensoria Pública;SECRETARIA MUNICIPAL DE OBRAS;13;0.00;3750.00
02;2422990103;2022;142;Transferências de Convênios Vinculados à Assistência Social;1;PREFEITURA MUNICIPAL DE UBERLÂNDIA;Convênios 1491003684/15 Reforma esta. Luizote;SECRETARIA MUNICIPAL DE DESENVOLVIMENTO SOCIAL E T;10;0.00;833.33
02;2422990103;2022;142;Transferências de Convênios Vinculados à Assistência Social;2;PREFEITURA MUNICIPAL DE UBERLÂNDIA;Convênios 1491003684/15 Reforma esta. Luizote;SECRETARIA MUNICIPAL DE DESENVOLVIMENTO SOCIAL E T;10;0.00;833.33
02;2422990103;2022;142;Transferências de Convênios Vinculados à Assistência Social;3;PREFEITURA MUNICIPAL DE UBERLÂNDIA;Convênios 1491003684/15 Reforma esta. Luizote;SECRETARIA MUNICIPAL DE DESENVOLVIMENTO SOCIAL E T;10;0.00;833.33
02;2422990103;2022;142;Transferências de Convênios Vinculados à Assistência Social;4;PREFEITURA MUNICIPAL DE UBERLÂNDIA;Convênios 1491003684/15 Reforma esta. Luizote;SECRETARIA MUNICIPAL DE DESENVOLVIMENTO SOCIAL E T;10;0.00;833.33
02;2422990103;2022;142;Transferências de Convênios Vinculados à Assistência Social;5;PREFEITURA MUNICIPAL DE UBERLÂNDIA;Convênios 1491003684/15 Reforma esta. Luizote;SECRETARIA MUNICIPAL DE DESENVOLVIMENTO SOCIAL E T;10;0.00;833.33
02;2422990103;2022;142;Transferências de Convênios Vinculados à Assistência Social;6;PREFEITURA MUNICIPAL DE UBERLÂNDIA;Convênios 1491003684/15 Reforma esta. Luizote;SECRETARIA MUNICIPAL DE DESENVOLVIMENTO SOCIAL E T;10;0.00;833.33
02;2422990103;2022;142;Transferências de Convênios Vinculados à Assistência Social;7;PREFEITURA MUNICIPAL DE UBERLÂNDIA;Convênios 1491003684/15 Reforma esta. Luizote;SECRETARIA MUNICIPAL DE DESENVOLVIMENTO SOCIAL E T;10;0.00;833.33
02;2422990103;2022;142;Transferências de Convênios Vinculados à Assistência Social;8;PREFEITURA MUNICIPAL DE UBERLÂNDIA;Convênios 1491003684/15 Reforma esta. Luizote;SECRETARIA MUNICIPAL DE DESENVOLVIMENTO SOCIAL E T;10;0.00;833.33
02;2422990103;2022;142;Transferências de Convênios Vinculados à Assistência Social;9;PREFEITURA MUNICIPAL DE UBERLÂNDIA;Convênios 1491003684/15 Reforma esta. Luizote;SECRETARIA MUNICIPAL DE DESENVOLVIMENTO SOCIAL E T;10;0.00;833.33
02;2422990103;2022;142;Transferências de Convênios Vinculados à Assistência Social;10;PREFEITURA MUNICIPAL DE UBERLÂNDIA;Convênios 1491003684/15 Reforma esta. Luizote;SECRETARIA MUNICIPAL DE DESENVOLVIMENTO SOCIAL E T;10;0.00;833.33
02;2422990103;2022;142;Transferências de Convênios Vinculados à Assistência Social;11;PREFEITURA MUNICIPAL DE UBERLÂNDIA;Convênios 1491003684/15 Reforma esta. Luizote;SECRETARIA MUNICIPAL DE DESENVOLVIMENTO SOCIAL E T;10;0.00;833.33
02;2422990103;2022;142;Transferências de Convênios Vinculados à Assistência Social;12;PREFEITURA MUNICIPAL DE UBERLÂNDIA;Convênios 1491003684/15 Reforma esta. Luizote;SECRETARIA MUNICIPAL DE DESENVOLVIMENTO SOCIAL E T;10;0.00;833.37
02;2422990104;2022;181;Outras Transferências de Convênios ou Contratos de Repasse dos Estados;1;PREFEITURA MUNICIPAL DE UBERLÂNDIA;CV 123000354/SEAPA-MG Aqui Caminhão Agro;SECRETARIA MUNICIPAL DE AGROPECUÁRIA E ABASTECIMEN;12;0.00;10000.00
02;2422990104;2022;181;Outras Transferências de Convênios ou Contratos de Repasse dos Estados;2;PREFEITURA MUNICIPAL DE UBERLÂNDIA;CV 123000354/SEAPA-MG Aqui Caminhão Agro;SECRETARIA MUNICIPAL DE AGROPECUÁRIA E ABASTECIMEN;12;0.00;0.00
02;2422990104;2022;181;Outras Transferências de Convênios ou Contratos de Repasse dos Estados;3;PREFEITURA MUNICIPAL DE UBERLÂNDIA;CV 123000354/SEAPA-MG Aqui Caminhão Agro;SECRETARIA MUNICIPAL DE AGROPECUÁRIA E ABASTECIMEN;12;0.00;0.00
02;2422990104;2022;181;Outras Transferências de Convênios ou Contratos de Repasse dos Estados;4;PREFEITURA MUNICIPAL DE UBERLÂNDIA;CV 123000354/SEAPA-MG Aqui Caminhão Agro;SECRETARIA MUNICIPAL DE AGROPECUÁRIA E ABASTECIMEN;12;0.00;0.00
02;2422990104;2022;181;Outras Transferências de Convênios ou Contratos de Repasse dos Estados;5;PREFEITURA MUNICIPAL DE UBERLÂNDIA;CV 123000354/SEAPA-MG Aqui Caminhão Agro;SECRETARIA MUNICIPAL DE AGROPECUÁRIA E ABASTECIMEN;12;0.00;0.00
02;2422990104;2022;181;Outras Transferências de Convênios ou Contratos de Repasse dos Estados;6;PREFEITURA MUNICIPAL DE UBERLÂNDIA;CV 123000354/SEAPA-MG Aqui Caminhão Agro;SECRETARIA MUNICIPAL DE AGROPECUÁRIA E ABASTECIMEN;12;0.00;0.00
02;2422990104;2022;181;Outras Transferências de Convênios ou Contratos de Repasse dos Estados;7;PREFEITURA MUNICIPAL DE UBERLÂNDIA;CV 123000354/SEAPA-MG Aqui Caminhão Agro;SECRETARIA MUNICIPAL DE AGROPECUÁRIA E ABASTECIMEN;12;0.00;0.00
02;2422990104;2022;181;Outras Transferências de Convênios ou Contratos de Repasse dos Estados;8;PREFEITURA MUNICIPAL DE UBERLÂNDIA;CV 123000354/SEAPA-MG Aqui Caminhão Agro;SECRETARIA MUNICIPAL DE AGROPECUÁRIA E ABASTECIMEN;12;0.00;0.00
02;2422990104;2022;181;Outras Transferências de Convênios ou Contratos de Repasse dos Estados;9;PREFEITURA MUNICIPAL DE UBERLÂNDIA;CV 123000354/SEAPA-MG Aqui Caminhão Agro;SECRETARIA MUNICIPAL DE AGROPECUÁRIA E ABASTECIMEN;12;0.00;0.00
02;2422990104;2022;181;Outras Transferências de Convênios ou Contratos de Repasse dos Estados;10;PREFEITURA MUNICIPAL DE UBERLÂNDIA;CV 123000354/SEAPA-MG Aqui Caminhão Agro;SECRETARIA MUNICIPAL DE AGROPECUÁRIA E ABASTECIMEN;12;0.00;0.00
02;2422990104;2022;181;Outras Transferências de Convênios ou Contratos de Repasse dos Estados;11;PREFEITURA MUNICIPAL DE UBERLÂNDIA;CV 123000354/SEAPA-MG Aqui Caminhão Agro;SECRETARIA MUNICIPAL DE AGROPECUÁRIA E ABASTECIMEN;12;0.00;0.00
02;2422990104;2022;181;Outras Transferências de Convênios ou Contratos de Repasse dos Estados;12;PREFEITURA MUNICIPAL DE UBERLÂNDIA;CV 123000354/SEAPA-MG Aqui Caminhão Agro;SECRETARIA MUNICIPAL DE AGROPECUÁRIA E ABASTECIMEN;12;0.00;0.00
02;2422990105;2022;181;Outras Transferências de Convênios ou Contratos de Repasse dos Estados;1;PREFEITURA MUNICIPAL DE UBERLÂNDIA;CV 1231001599/SEAPA-MG Aqui Caminhão Agro;SECRETARIA MUNICIPAL DE AGROPECUÁRIA E ABASTECIMEN;12;0.00;10000.00
02;2422990105;2022;181;Outras Transferências de Convênios ou Contratos de Repasse dos Estados;2;PREFEITURA MUNICIPAL DE UBERLÂNDIA;CV 1231001599/SEAPA-MG Aqui Caminhão Agro;SECRETARIA MUNICIPAL DE AGROPECUÁRIA E ABASTECIMEN;12;0.00;0.00
02;2422990105;2022;181;Outras Transferências de Convênios ou Contratos de Repasse dos Estados;3;PREFEITURA MUNICIPAL DE UBERLÂNDIA;CV 1231001599/SEAPA-MG Aqui Caminhão Agro;SECRETARIA MUNICIPAL DE AGROPECUÁRIA E ABASTECIMEN;12;0.00;0.00
02;2422990105;2022;181;Outras Transferências de Convênios ou Contratos de Repasse dos Estados;4;PREFEITURA MUNICIPAL DE UBERLÂNDIA;CV 1231001599/SEAPA-MG Aqui Caminhão Agro;SECRETARIA MUNICIPAL DE AGROPECUÁRIA E ABASTECIMEN;12;0.00;0.00
02;2422990105;2022;181;Outras Transferências de Convênios ou Contratos de Repasse dos Estados;5;PREFEITURA MUNICIPAL DE UBERLÂNDIA;CV 1231001599/SEAPA-MG Aqui Caminhão Agro;SECRETARIA MUNICIPAL DE AGROPECUÁRIA E ABASTECIMEN;12;0.00;0.00
02;2422990105;2022;181;Outras Transferências de Convênios ou Contratos de Repasse dos Estados;6;PREFEITURA MUNICIPAL DE UBERLÂNDIA;CV 1231001599/SEAPA-MG Aqui Caminhão Agro;SECRETARIA MUNICIPAL DE AGROPECUÁRIA E ABASTECIMEN;12;0.00;0.00
02;2422990105;2022;181;Outras Transferências de Convênios ou Contratos de Repasse dos Estados;7;PREFEITURA MUNICIPAL DE UBERLÂNDIA;CV 1231001599/SEAPA-MG Aqui Caminhão Agro;SECRETARIA MUNICIPAL DE AGROPECUÁRIA E ABASTECIMEN;12;0.00;0.00
02;2422990105;2022;181;Outras Transferências de Convênios ou Contratos de Repasse dos Estados;8;PREFEITURA MUNICIPAL DE UBERLÂNDIA;CV 1231001599/SEAPA-MG Aqui Caminhão Agro;SECRETARIA MUNICIPAL DE AGROPECUÁRIA E ABASTECIMEN;12;0.00;0.00
02;2422990105;2022;181;Outras Transferências de Convênios ou Contratos de Repasse dos Estados;9;PREFEITURA MUNICIPAL DE UBERLÂNDIA;CV 1231001599/SEAPA-MG Aqui Caminhão Agro;SECRETARIA MUNICIPAL DE AGROPECUÁRIA E ABASTECIMEN;12;0.00;0.00
02;2422990105;2022;181;Outras Transferências de Convênios ou Contratos de Repasse dos Estados;10;PREFEITURA MUNICIPAL DE UBERLÂNDIA;CV 1231001599/SEAPA-MG Aqui Caminhão Agro;SECRETARIA MUNICIPAL DE AGROPECUÁRIA E ABASTECIMEN;12;0.00;0.00
02;2422990105;2022;181;Outras Transferências de Convênios ou Contratos de Repasse dos Estados;11;PREFEITURA MUNICIPAL DE UBERLÂNDIA;CV 1231001599/SEAPA-MG Aqui Caminhão Agro;SECRETARIA MUNICIPAL DE AGROPECUÁRIA E ABASTECIMEN;12;0.00;0.00
02;2422990105;2022;181;Outras Transferências de Convênios ou Contratos de Repasse dos Estados;12;PREFEITURA MUNICIPAL DE UBERLÂNDIA;CV 1231001599/SEAPA-MG Aqui Caminhão Agro;SECRETARIA MUNICIPAL DE AGROPECUÁRIA E ABASTECIMEN;12;0.00;0.00
02;2422990106;2022;181;Outras Transferências de Convênios ou Contratos de Repasse dos Estados;1;PREFEITURA MUNICIPAL DE UBERLÂNDIA;Aqui de Equip Agrícolas  469/19/SEGOV;SECRETARIA MUNICIPAL DE AGROPECUÁRIA E ABASTECIMEN;12;0.00;19166.67
02;2422990106;2022;181;Outras Transferências de Convênios ou Contratos de Repasse dos Estados;2;PREFEITURA MUNICIPAL DE UBERLÂNDIA;Aqui de Equip Agrícolas  469/19/SEGOV;SECRETARIA MUNICIPAL DE AGROPECUÁRIA E ABASTECIMEN;12;0.00;19166.67
02;2422990106;2022;181;Outras Transferências de Convênios ou Contratos de Repasse dos Estados;3;PREFEITURA MUNICIPAL DE UBERLÂNDIA;Aqui de Equip Agrícolas  469/19/SEGOV;SECRETARIA MUNICIPAL DE AGROPECUÁRIA E ABASTECIMEN;12;0.00;19166.67
02;2422990106;2022;181;Outras Transferências de Convênios ou Contratos de Repasse dos Estados;4;PREFEITURA MUNICIPAL DE UBERLÂNDIA;Aqui de Equip Agrícolas  469/19/SEGOV;SECRETARIA MUNICIPAL DE AGROPECUÁRIA E ABASTECIMEN;12;0.00;19166.67
02;2422990106;2022;181;Outras Transferências de Convênios ou Contratos de Repasse dos Estados;5;PREFEITURA MUNICIPAL DE UBERLÂNDIA;Aqui de Equip Agrícolas  469/19/SEGOV;SECRETARIA MUNICIPAL DE AGROPECUÁRIA E ABASTECIMEN;12;0.00;19166.67
02;2422990106;2022;181;Outras Transferências de Convênios ou Contratos de Repasse dos Estados;6;PREFEITURA MUNICIPAL DE UBERLÂNDIA;Aqui de Equip Agrícolas  469/19/SEGOV;SECRETARIA MUNICIPAL DE AGROPECUÁRIA E ABASTECIMEN;12;0.00;19166.67
02;2422990106;2022;181;Outras Transferências de Convênios ou Contratos de Repasse dos Estados;7;PREFEITURA MUNICIPAL DE UBERLÂNDIA;Aqui de Equip Agrícolas  469/19/SEGOV;SECRETARIA MUNICIPAL DE AGROPECUÁRIA E ABASTECIMEN;12;0.00;19166.67
02;2422990106;2022;181;Outras Transferências de Convênios ou Contratos de Repasse dos Estados;8;PREFEITURA MUNICIPAL DE UBERLÂNDIA;Aqui de Equip Agrícolas  469/19/SEGOV;SECRETARIA MUNICIPAL DE AGROPECUÁRIA E ABASTECIMEN;12;0.00;19166.67
02;2422990106;2022;181;Outras Transferências de Convênios ou Contratos de Repasse dos Estados;9;PREFEITURA MUNICIPAL DE UBERLÂNDIA;Aqui de Equip Agrícolas  469/19/SEGOV;SECRETARIA MUNICIPAL DE AGROPECUÁRIA E ABASTECIMEN;12;0.00;19166.67
02;2422990106;2022;181;Outras Transferências de Convênios ou Contratos de Repasse dos Estados;10;PREFEITURA MUNICIPAL DE UBERLÂNDIA;Aqui de Equip Agrícolas  469/19/SEGOV;SECRETARIA MUNICIPAL DE AGROPECUÁRIA E ABASTECIMEN;12;0.00;19166.67
02;2422990106;2022;181;Outras Transferências de Convênios ou Contratos de Repasse dos Estados;11;PREFEITURA MUNICIPAL DE UBERLÂNDIA;Aqui de Equip Agrícolas  469/19/SEGOV;SECRETARIA MUNICIPAL DE AGROPECUÁRIA E ABASTECIMEN;12;0.00;19166.67
02;2422990106;2022;181;Outras Transferências de Convênios ou Contratos de Repasse dos Estados;12;PREFEITURA MUNICIPAL DE UBERLÂNDIA;Aqui de Equip Agrícolas  469/19/SEGOV;SECRETARIA MUNICIPAL DE AGROPECUÁRIA E ABASTECIMEN;12;0.00;19166.63
02;2422990107;2022;181;Outras Transferências de Convênios ou Contratos de Repasse dos Estados;1;PREFEITURA MUNICIPAL DE UBERLÂNDIA;CV 1231000499/21/SEAPA Aquis Equip Agropecuários ;SECRETARIA MUNICIPAL DE AGROPECUÁRIA E ABASTECIMEN;12;0.00;18250.00
02;2422990107;2022;181;Outras Transferências de Convênios ou Contratos de Repasse dos Estados;2;PREFEITURA MUNICIPAL DE UBERLÂNDIA;CV 1231000499/21/SEAPA Aquis Equip Agropecuários ;SECRETARIA MUNICIPAL DE AGROPECUÁRIA E ABASTECIMEN;12;0.00;18250.00
02;2422990107;2022;181;Outras Transferências de Convênios ou Contratos de Repasse dos Estados;3;PREFEITURA MUNICIPAL DE UBERLÂNDIA;CV 1231000499/21/SEAPA Aquis Equip Agropecuários ;SECRETARIA MUNICIPAL DE AGROPECUÁRIA E ABASTECIMEN;12;0.00;18250.00
02;2422990107;2022;181;Outras Transferências de Convênios ou Contratos de Repasse dos Estados;4;PREFEITURA MUNICIPAL DE UBERLÂNDIA;CV 1231000499/21/SEAPA Aquis Equip Agropecuários ;SECRETARIA MUNICIPAL DE AGROPECUÁRIA E ABASTECIMEN;12;0.00;18250.00
02;2422990107;2022;181;Outras Transferências de Convênios ou Contratos de Repasse dos Estados;5;PREFEITURA MUNICIPAL DE UBERLÂNDIA;CV 1231000499/21/SEAPA Aquis Equip Agropecuários ;SECRETARIA MUNICIPAL DE AGROPECUÁRIA E ABASTECIMEN;12;0.00;18250.00
02;2422990107;2022;181;Outras Transferências de Convênios ou Contratos de Repasse dos Estados;6;PREFEITURA MUNICIPAL DE UBERLÂNDIA;CV 1231000499/21/SEAPA Aquis Equip Agropecuários ;SECRETARIA MUNICIPAL DE AGROPECUÁRIA E ABASTECIMEN;12;0.00;18250.00
02;2422990107;2022;181;Outras Transferências de Convênios ou Contratos de Repasse dos Estados;7;PREFEITURA MUNICIPAL DE UBERLÂNDIA;CV 1231000499/21/SEAPA Aquis Equip Agropecuários ;SECRETARIA MUNICIPAL DE AGROPECUÁRIA E ABASTECIMEN;12;0.00;18250.00
02;2422990107;2022;181;Outras Transferências de Convênios ou Contratos de Repasse dos Estados;8;PREFEITURA MUNICIPAL DE UBERLÂNDIA;CV 1231000499/21/SEAPA Aquis Equip Agropecuários ;SECRETARIA MUNICIPAL DE AGROPECUÁRIA E ABASTECIMEN;12;0.00;18250.00
02;2422990107;2022;181;Outras Transferências de Convênios ou Contratos de Repasse dos Estados;9;PREFEITURA MUNICIPAL DE UBERLÂNDIA;CV 1231000499/21/SEAPA Aquis Equip Agropecuários ;SECRETARIA MUNICIPAL DE AGROPECUÁRIA E ABASTECIMEN;12;0.00;18250.00
02;2422990107;2022;181;Outras Transferências de Convênios ou Contratos de Repasse dos Estados;10;PREFEITURA MUNICIPAL DE UBERLÂNDIA;CV 1231000499/21/SEAPA Aquis Equip Agropecuários ;SECRETARIA MUNICIPAL DE AGROPECUÁRIA E ABASTECIMEN;12;0.00;18250.00
02;2422990107;2022;181;Outras Transferências de Convênios ou Contratos de Repasse dos Estados;11;PREFEITURA MUNICIPAL DE UBERLÂNDIA;CV 1231000499/21/SEAPA Aquis Equip Agropecuários ;SECRETARIA MUNICIPAL DE AGROPECUÁRIA E ABASTECIMEN;12;0.00;18250.00
02;2422990107;2022;181;Outras Transferências de Convênios ou Contratos de Repasse dos Estados;12;PREFEITURA MUNICIPAL DE UBERLÂNDIA;CV 1231000499/21/SEAPA Aquis Equip Agropecuários ;SECRETARIA MUNICIPAL DE AGROPECUÁRIA E ABASTECIMEN;12;0.00;18250.00
02;2422990108;2022;181;Outras Transferências de Convênios ou Contratos de Repasse dos Estados;1;PREFEITURA MUNICIPAL DE UBERLÂNDIA;Obras de Infra Urbana  Assentamento Glória  - COHA;SECRETARIA MUNICIPAL DE OBRAS;13;0.00;833333.33
02;2422990108;2022;181;Outras Transferências de Convênios ou Contratos de Repasse dos Estados;2;PREFEITURA MUNICIPAL DE UBERLÂNDIA;Obras de Infra Urbana  Assentamento Glória  - COHA;SECRETARIA MUNICIPAL DE OBRAS;13;0.00;833333.33
02;2422990108;2022;181;Outras Transferências de Convênios ou Contratos de Repasse dos Estados;3;PREFEITURA MUNICIPAL DE UBERLÂNDIA;Obras de Infra Urbana  Assentamento Glória  - COHA;SECRETARIA MUNICIPAL DE OBRAS;13;0.00;833333.33
02;2422990108;2022;181;Outras Transferências de Convênios ou Contratos de Repasse dos Estados;4;PREFEITURA MUNICIPAL DE UBERLÂNDIA;Obras de Infra Urbana  Assentamento Glória  - COHA;SECRETARIA MUNICIPAL DE OBRAS;13;0.00;833333.33
02;2422990108;2022;181;Outras Transferências de Convênios ou Contratos de Repasse dos Estados;5;PREFEITURA MUNICIPAL DE UBERLÂNDIA;Obras de Infra Urbana  Assentamento Glória  - COHA;SECRETARIA MUNICIPAL DE OBRAS;13;0.00;833333.33
02;2422990108;2022;181;Outras Transferências de Convênios ou Contratos de Repasse dos Estados;6;PREFEITURA MUNICIPAL DE UBERLÂNDIA;Obras de Infra Urbana  Assentamento Glória  - COHA;SECRETARIA MUNICIPAL DE OBRAS;13;0.00;833333.33
02;2422990108;2022;181;Outras Transferências de Convênios ou Contratos de Repasse dos Estados;7;PREFEITURA MUNICIPAL DE UBERLÂNDIA;Obras de Infra Urbana  Assentamento Glória  - COHA;SECRETARIA MUNICIPAL DE OBRAS;13;0.00;833333.33
02;2422990108;2022;181;Outras Transferências de Convênios ou Contratos de Repasse dos Estados;8;PREFEITURA MUNICIPAL DE UBERLÂNDIA;Obras de Infra Urbana  Assentamento Glória  - COHA;SECRETARIA MUNICIPAL DE OBRAS;13;0.00;833333.33
02;2422990108;2022;181;Outras Transferências de Convênios ou Contratos de Repasse dos Estados;9;PREFEITURA MUNICIPAL DE UBERLÂNDIA;Obras de Infra Urbana  Assentamento Glória  - COHA;SECRETARIA MUNICIPAL DE OBRAS;13;0.00;833333.33
02;2422990108;2022;181;Outras Transferências de Convênios ou Contratos de Repasse dos Estados;10;PREFEITURA MUNICIPAL DE UBERLÂNDIA;Obras de Infra Urbana  Assentamento Glória  - COHA;SECRETARIA MUNICIPAL DE OBRAS;13;0.00;833333.33
02;2422990108;2022;181;Outras Transferências de Convênios ou Contratos de Repasse dos Estados;11;PREFEITURA MUNICIPAL DE UBERLÂNDIA;Obras de Infra Urbana  Assentamento Glória  - COHA;SECRETARIA MUNICIPAL DE OBRAS;13;0.00;833333.33
02;2422990108;2022;181;Outras Transferências de Convênios ou Contratos de Repasse dos Estados;12;PREFEITURA MUNICIPAL DE UBERLÂNDIA;Obras de Infra Urbana  Assentamento Glória  - COHA;SECRETARIA MUNICIPAL DE OBRAS;13;0.00;833333.37
02;2422990109;2022;181;Outras Transferências de Convênios ou Contratos de Repasse dos Estados;1;PREFEITURA MUNICIPAL DE UBERLÂNDIA;Transf CV Aquis Playgrounds - Meio Ambiente;SECRETARIA MUNICIPAL DE MEIO AMBIENTE;03;0.00;5000.00
02;2422990109;2022;181;Outras Transferências de Convênios ou Contratos de Repasse dos Estados;2;PREFEITURA MUNICIPAL DE UBERLÂNDIA;Transf CV Aquis Playgrounds - Meio Ambiente;SECRETARIA MUNICIPAL DE MEIO AMBIENTE;03;0.00;5000.00
02;2422990109;2022;181;Outras Transferências de Convênios ou Contratos de Repasse dos Estados;3;PREFEITURA MUNICIPAL DE UBERLÂNDIA;Transf CV Aquis Playgrounds - Meio Ambiente;SECRETARIA MUNICIPAL DE MEIO AMBIENTE;03;0.00;5000.00
02;2422990109;2022;181;Outras Transferências de Convênios ou Contratos de Repasse dos Estados;4;PREFEITURA MUNICIPAL DE UBERLÂNDIA;Transf CV Aquis Playgrounds - Meio Ambiente;SECRETARIA MUNICIPAL DE MEIO AMBIENTE;03;0.00;5000.00
02;2422990109;2022;181;Outras Transferências de Convênios ou Contratos de Repasse dos Estados;5;PREFEITURA MUNICIPAL DE UBERLÂNDIA;Transf CV Aquis Playgrounds - Meio Ambiente;SECRETARIA MUNICIPAL DE MEIO AMBIENTE;03;60000.00;5000.00
02;2422990109;2022;181;Outras Transferências de Convênios ou Contratos de Repasse dos Estados;6;PREFEITURA MUNICIPAL DE UBERLÂNDIA;Transf CV Aquis Playgrounds - Meio Ambiente;SECRETARIA MUNICIPAL DE MEIO AMBIENTE;03;0.00;5000.00
02;2422990109;2022;181;Outras Transferências de Convênios ou Contratos de Repasse dos Estados;7;PREFEITURA MUNICIPAL DE UBERLÂNDIA;Transf CV Aquis Playgrounds - Meio Ambiente;SECRETARIA MUNICIPAL DE MEIO AMBIENTE;03;0.00;5000.00
02;2422990109;2022;181;Outras Transferências de Convênios ou Contratos de Repasse dos Estados;8;PREFEITURA MUNICIPAL DE UBERLÂNDIA;Transf CV Aquis Playgrounds - Meio Ambiente;SECRETARIA MUNICIPAL DE MEIO AMBIENTE;03;0.00;5000.00
02;2422990109;2022;181;Outras Transferências de Convênios ou Contratos de Repasse dos Estados;9;PREFEITURA MUNICIPAL DE UBERLÂNDIA;Transf CV Aquis Playgrounds - Meio Ambiente;SECRETARIA MUNICIPAL DE MEIO AMBIENTE;03;0.00;5000.00
02;2422990109;2022;181;Outras Transferências de Convênios ou Contratos de Repasse dos Estados;10;PREFEITURA MUNICIPAL DE UBERLÂNDIA;Transf CV Aquis Playgrounds - Meio Ambiente;SECRETARIA MUNICIPAL DE MEIO AMBIENTE;03;0.00;5000.00
02;2422990109;2022;181;Outras Transferências de Convênios ou Contratos de Repasse dos Estados;11;PREFEITURA MUNICIPAL DE UBERLÂNDIA;Transf CV Aquis Playgrounds - Meio Ambiente;SECRETARIA MUNICIPAL DE MEIO AMBIENTE;03;0.00;5000.00
02;2422990109;2022;181;Outras Transferências de Convênios ou Contratos de Repasse dos Estados;12;PREFEITURA MUNICIPAL DE UBERLÂNDIA;Transf CV Aquis Playgrounds - Meio Ambiente;SECRETARIA MUNICIPAL DE MEIO AMBIENTE;03;0.00;5000.00
02;2422990110;2022;181;Outras Transferências de Convênios ou Contratos de Repasse dos Estados;1;PREFEITURA MUNICIPAL DE UBERLÂNDIA;Aquisiçao de Equipamentos Esportivos SEE CV 1202/1;SECRETARIA MUNICIPAL DE OBRAS;13;0.00;2500.00
02;2422990110;2022;181;Outras Transferências de Convênios ou Contratos de Repasse dos Estados;2;PREFEITURA MUNICIPAL DE UBERLÂNDIA;Aquisiçao de Equipamentos Esportivos SEE CV 1202/1;SECRETARIA MUNICIPAL DE OBRAS;13;0.00;2500.00
02;2422990110;2022;181;Outras Transferências de Convênios ou Contratos de Repasse dos Estados;3;PREFEITURA MUNICIPAL DE UBERLÂNDIA;Aquisiçao de Equipamentos Esportivos SEE CV 1202/1;SECRETARIA MUNICIPAL DE OBRAS;13;0.00;2500.00
02;2422990110;2022;181;Outras Transferências de Convênios ou Contratos de Repasse dos Estados;4;PREFEITURA MUNICIPAL DE UBERLÂNDIA;Aquisiçao de Equipamentos Esportivos SEE CV 1202/1;SECRETARIA MUNICIPAL DE OBRAS;13;0.00;2500.00
02;2422990110;2022;181;Outras Transferências de Convênios ou Contratos de Repasse dos Estados;5;PREFEITURA MUNICIPAL DE UBERLÂNDIA;Aquisiçao de Equipamentos Esportivos SEE CV 1202/1;SECRETARIA MUNICIPAL DE OBRAS;13;0.00;2500.00
02;2422990110;2022;181;Outras Transferências de Convênios ou Contratos de Repasse dos Estados;6;PREFEITURA MUNICIPAL DE UBERLÂNDIA;Aquisiçao de Equipamentos Esportivos SEE CV 1202/1;SECRETARIA MUNICIPAL DE OBRAS;13;0.00;2500.00
02;2422990110;2022;181;Outras Transferências de Convênios ou Contratos de Repasse dos Estados;7;PREFEITURA MUNICIPAL DE UBERLÂNDIA;Aquisiçao de Equipamentos Esportivos SEE CV 1202/1;SECRETARIA MUNICIPAL DE OBRAS;13;0.00;2500.00
02;2422990110;2022;181;Outras Transferências de Convênios ou Contratos de Repasse dos Estados;8;PREFEITURA MUNICIPAL DE UBERLÂNDIA;Aquisiçao de Equipamentos Esportivos SEE CV 1202/1;SECRETARIA MUNICIPAL DE OBRAS;13;0.00;2500.00
02;2422990110;2022;181;Outras Transferências de Convênios ou Contratos de Repasse dos Estados;9;PREFEITURA MUNICIPAL DE UBERLÂNDIA;Aquisiçao de Equipamentos Esportivos SEE CV 1202/1;SECRETARIA MUNICIPAL DE OBRAS;13;0.00;2500.00
02;2422990110;2022;181;Outras Transferências de Convênios ou Contratos de Repasse dos Estados;10;PREFEITURA MUNICIPAL DE UBERLÂNDIA;Aquisiçao de Equipamentos Esportivos SEE CV 1202/1;SECRETARIA MUNICIPAL DE OBRAS;13;0.00;2500.00
02;2422990110;2022;181;Outras Transferências de Convênios ou Contratos de Repasse dos Estados;11;PREFEITURA MUNICIPAL DE UBERLÂNDIA;Aquisiçao de Equipamentos Esportivos SEE CV 1202/1;SECRETARIA MUNICIPAL DE OBRAS;13;0.00;2500.00
02;2422990110;2022;181;Outras Transferências de Convênios ou Contratos de Repasse dos Estados;12;PREFEITURA MUNICIPAL DE UBERLÂNDIA;Aquisiçao de Equipamentos Esportivos SEE CV 1202/1;SECRETARIA MUNICIPAL DE OBRAS;13;0.00;2500.00
02;2429990101;2022;169;Transferência Especial dos Estados;1;PREFEITURA MUNICIPAL DE UBERLÂNDIA;Res 11/21 Aqui Equip Mat Perm p/ Escolas;SECRETARIA MUNICIPAL DE EDUCAÇÃO;07;0.00;0.00
02;2429990101;2022;169;Transferência Especial dos Estados;2;PREFEITURA MUNICIPAL DE UBERLÂNDIA;Res 11/21 Aqui Equip Mat Perm p/ Escolas;SECRETARIA MUNICIPAL DE EDUCAÇÃO;07;0.00;0.00
02;2429990101;2022;169;Transferência Especial dos Estados;3;PREFEITURA MUNICIPAL DE UBERLÂNDIA;Res 11/21 Aqui Equip Mat Perm p/ Escolas;SECRETARIA MUNICIPAL DE EDUCAÇÃO;07;0.00;0.00
02;2429990101;2022;169;Transferência Especial dos Estados;4;PREFEITURA MUNICIPAL DE UBERLÂNDIA;Res 11/21 Aqui Equip Mat Perm p/ Escolas;SECRETARIA MUNICIPAL DE EDUCAÇÃO;07;0.00;0.00
02;2429990101;2022;169;Transferência Especial dos Estados;5;PREFEITURA MUNICIPAL DE UBERLÂNDIA;Res 11/21 Aqui Equip Mat Perm p/ Escolas;SECRETARIA MUNICIPAL DE EDUCAÇÃO;07;0.00;0.00
02;2429990101;2022;169;Transferência Especial dos Estados;6;PREFEITURA MUNICIPAL DE UBERLÂNDIA;Res 11/21 Aqui Equip Mat Perm p/ Escolas;SECRETARIA MUNICIPAL DE EDUCAÇÃO;07;0.00;0.00
02;2429990101;2022;169;Transferência Especial dos Estados;7;PREFEITURA MUNICIPAL DE UBERLÂNDIA;Res 11/21 Aqui Equip Mat Perm p/ Escolas;SECRETARIA MUNICIPAL DE EDUCAÇÃO;07;0.00;0.00
02;2429990101;2022;169;Transferência Especial dos Estados;8;PREFEITURA MUNICIPAL DE UBERLÂNDIA;Res 11/21 Aqui Equip Mat Perm p/ Escolas;SECRETARIA MUNICIPAL DE EDUCAÇÃO;07;0.00;0.00
02;2429990101;2022;169;Transferência Especial dos Estados;9;PREFEITURA MUNICIPAL DE UBERLÂNDIA;Res 11/21 Aqui Equip Mat Perm p/ Escolas;SECRETARIA MUNICIPAL DE EDUCAÇÃO;07;0.00;49000.00
02;2429990101;2022;169;Transferência Especial dos Estados;10;PREFEITURA MUNICIPAL DE UBERLÂNDIA;Res 11/21 Aqui Equip Mat Perm p/ Escolas;SECRETARIA MUNICIPAL DE EDUCAÇÃO;07;0.00;0.00
02;2429990101;2022;169;Transferência Especial dos Estados;11;PREFEITURA MUNICIPAL DE UBERLÂNDIA;Res 11/21 Aqui Equip Mat Perm p/ Escolas;SECRETARIA MUNICIPAL DE EDUCAÇÃO;07;0.00;0.00
02;2429990101;2022;169;Transferência Especial dos Estados;12;PREFEITURA MUNICIPAL DE UBERLÂNDIA;Res 11/21 Aqui Equip Mat Perm p/ Escolas;SECRETARIA MUNICIPAL DE EDUCAÇÃO;07;0.00;0.00
02;2429990102;2022;168;Transferência Especial do Estado - Acordo Judicial de Reparação dos Impactos Socioeconômicos e Ambientais do Rompimento de Barragem em Brumadinho;1;PREFEITURA MUNICIPAL DE UBERLÂNDIA;Transferencia Especial do Estado - Brumadinho;SECRETARIA MUNICIPAL DE FINANÇAS;06;0.00;1483333.33
02;2429990102;2022;168;Transferência Especial do Estado - Acordo Judicial de Reparação dos Impactos Socioeconômicos e Ambientais do Rompimento de Barragem em Brumadinho;2;PREFEITURA MUNICIPAL DE UBERLÂNDIA;Transferencia Especial do Estado - Brumadinho;SECRETARIA MUNICIPAL DE FINANÇAS;06;9000000.00;1483333.33
02;2429990102;2022;168;Transferência Especial do Estado - Acordo Judicial de Reparação dos Impactos Socioeconômicos e Ambientais do Rompimento de Barragem em Brumadinho;3;PREFEITURA MUNICIPAL DE UBERLÂNDIA;Transferencia Especial do Estado - Brumadinho;SECRETARIA MUNICIPAL DE FINANÇAS;06;0.00;1483333.33
02;2429990102;2022;168;Transferência Especial do Estado - Acordo Judicial de Reparação dos Impactos Socioeconômicos e Ambientais do Rompimento de Barragem em Brumadinho;4;PREFEITURA MUNICIPAL DE UBERLÂNDIA;Transferencia Especial do Estado - Brumadinho;SECRETARIA MUNICIPAL DE FINANÇAS;06;0.00;1483333.33
02;2429990102;2022;168;Transferência Especial do Estado - Acordo Judicial de Reparação dos Impactos Socioeconômicos e Ambientais do Rompimento de Barragem em Brumadinho;5;PREFEITURA MUNICIPAL DE UBERLÂNDIA;Transferencia Especial do Estado - Brumadinho;SECRETARIA MUNICIPAL DE FINANÇAS;06;0.00;1483333.33
02;2429990102;2022;168;Transferência Especial do Estado - Acordo Judicial de Reparação dos Impactos Socioeconômicos e Ambientais do Rompimento de Barragem em Brumadinho;6;PREFEITURA MUNICIPAL DE UBERLÂNDIA;Transferencia Especial do Estado - Brumadinho;SECRETARIA MUNICIPAL DE FINANÇAS;06;0.00;1483333.33
02;2429990102;2022;168;Transferência Especial do Estado - Acordo Judicial de Reparação dos Impactos Socioeconômicos e Ambientais do Rompimento de Barragem em Brumadinho;7;PREFEITURA MUNICIPAL DE UBERLÂNDIA;Transferencia Especial do Estado - Brumadinho;SECRETARIA MUNICIPAL DE FINANÇAS;06;9000000.00;1483333.33
02;2429990102;2022;168;Transferência Especial do Estado - Acordo Judicial de Reparação dos Impactos Socioeconômicos e Ambientais do Rompimento de Barragem em Brumadinho;8;PREFEITURA MUNICIPAL DE UBERLÂNDIA;Transferencia Especial do Estado - Brumadinho;SECRETARIA MUNICIPAL DE FINANÇAS;06;0.00;1483333.33
02;2429990102;2022;168;Transferência Especial do Estado - Acordo Judicial de Reparação dos Impactos Socioeconômicos e Ambientais do Rompimento de Barragem em Brumadinho;9;PREFEITURA MUNICIPAL DE UBERLÂNDIA;Transferencia Especial do Estado - Brumadinho;SECRETARIA MUNICIPAL DE FINANÇAS;06;0.00;1483333.33
02;2429990102;2022;168;Transferência Especial do Estado - Acordo Judicial de Reparação dos Impactos Socioeconômicos e Ambientais do Rompimento de Barragem em Brumadinho;10;PREFEITURA MUNICIPAL DE UBERLÂNDIA;Transferencia Especial do Estado - Brumadinho;SECRETARIA MUNICIPAL DE FINANÇAS;06;0.00;1483333.33
02;2429990102;2022;168;Transferência Especial do Estado - Acordo Judicial de Reparação dos Impactos Socioeconômicos e Ambientais do Rompimento de Barragem em Brumadinho;11;PREFEITURA MUNICIPAL DE UBERLÂNDIA;Transferencia Especial do Estado - Brumadinho;SECRETARIA MUNICIPAL DE FINANÇAS;06;0.00;1483333.33
02;2429990102;2022;168;Transferência Especial do Estado - Acordo Judicial de Reparação dos Impactos Socioeconômicos e Ambientais do Rompimento de Barragem em Brumadinho;12;PREFEITURA MUNICIPAL DE UBERLÂNDIA;Transferencia Especial do Estado - Brumadinho;SECRETARIA MUNICIPAL DE FINANÇAS;06;0.00;1483333.37
02;2429990103;2022;165;Outros Recursos Vinculados;4;PREFEITURA MUNICIPAL DE UBERLÂNDIA;Transf TAC - MPMG para Investimentos - Saúde;SECRETARIA MUNICIPAL DE SAÚDE;09;124285.00;0.00
02;2429990103;2022;165;Outros Recursos Vinculados;5;PREFEITURA MUNICIPAL DE UBERLÂNDIA;Transf TAC - MPMG para Investimentos - Saúde;SECRETARIA MUNICIPAL DE SAÚDE;09;257820.00;0.00
02;2429990103;2022;165;Outros Recursos Vinculados;6;PREFEITURA MUNICIPAL DE UBERLÂNDIA;Transf TAC - MPMG para Investimentos - Saúde;SECRETARIA MUNICIPAL DE SAÚDE;09;20000.00;0.00
02;2429990103;2022;165;Outros Recursos Vinculados;7;PREFEITURA MUNICIPAL DE UBERLÂNDIA;Transf TAC - MPMG para Investimentos - Saúde;SECRETARIA MUNICIPAL DE SAÚDE;09;135560.00;0.00
02;2429990103;2022;165;Outros Recursos Vinculados;8;PREFEITURA MUNICIPAL DE UBERLÂNDIA;Transf TAC - MPMG para Investimentos - Saúde;SECRETARIA MUNICIPAL DE SAÚDE;09;920000.00;0.00
02;2429990103;2022;165;Outros Recursos Vinculados;9;PREFEITURA MUNICIPAL DE UBERLÂNDIA;Transf TAC - MPMG para Investimentos - Saúde;SECRETARIA MUNICIPAL DE SAÚDE;09;20000.00;0.00
02;2429990103;2022;165;Outros Recursos Vinculados;10;PREFEITURA MUNICIPAL DE UBERLÂNDIA;Transf TAC - MPMG para Investimentos - Saúde;SECRETARIA MUNICIPAL DE SAÚDE;09;344065.17;0.00
02;2429990103;2022;165;Outros Recursos Vinculados;11;PREFEITURA MUNICIPAL DE UBERLÂNDIA;Transf TAC - MPMG para Investimentos - Saúde;SECRETARIA MUNICIPAL DE SAÚDE;09;300000.00;0.00
02;2429990104;2022;169;Transferência Especial dos Estados;12;PREFEITURA MUNICIPAL DE UBERLÂNDIA;Transf. Especial SEGOV 21/22;SECRETARIA MUNICIPAL DE MEIO AMBIENTE;03;25000.00;0.00
02;2429990104;2022;169;Transferência Especial dos Estados;7;PREFEITURA MUNICIPAL DE UBERLÂNDIA;Transf. Especial SEGOV 21/22;SECRETARIA MUNICIPAL DE CULTURA;08;35000.00;0.00
02;2429990104;2022;169;Transferência Especial dos Estados;12;PREFEITURA MUNICIPAL DE UBERLÂNDIA;Transf. Especial SEGOV 21/22;SECRETARIA MUNICIPAL DE CULTURA;08;130000.00;0.00
05;7215021101;2022;103;Contribuição para o Regime Próprio de Previdência Social (RPPS): Patronal, dos Servidores, Compensação Financeira/ Recursos Vinculados ao RPPS - Fundo em Capitalização (Plano Previdenciário);1;Instituto Prev. Serv. Pub. Mun. Uberlândia;Contribuição Servidor Ativo Civil - PMU - ADM;INST. DE PREV. DOS SERVID. PÚB. DO MUN. DE UBERLÂN;18;28615881.39;13826101.17
05;7215021101;2022;105;Taxa de Administração do RPPS;1;Instituto Prev. Serv. Pub. Mun. Uberlândia;Contribuição Servidor Ativo Civil - PMU - ADM;INST. DE PREV. DOS SERVID. PÚB. DO MUN. DE UBERLÂN;18;0.00;673898.83
05;7215021101;2022;103;Contribuição para o Regime Próprio de Previdência Social (RPPS): Patronal, dos Servidores, Compensação Financeira/ Recursos Vinculados ao RPPS - Fundo em Capitalização (Plano Previdenciário);2;Instituto Prev. Serv. Pub. Mun. Uberlândia;Contribuição Servidor Ativo Civil - PMU - ADM;INST. DE PREV. DOS SERVID. PÚB. DO MUN. DE UBERLÂN;18;12886854.26;13826101.17
05;7215021101;2022;105;Taxa de Administração do RPPS;2;Instituto Prev. Serv. Pub. Mun. Uberlândia;Contribuição Servidor Ativo Civil - PMU - ADM;INST. DE PREV. DOS SERVID. PÚB. DO MUN. DE UBERLÂN;18;0.00;673898.83
05;7215021101;2022;103;Contribuição para o Regime Próprio de Previdência Social (RPPS): Patronal, dos Servidores, Compensação Financeira/ Recursos Vinculados ao RPPS - Fundo em Capitalização (Plano Previdenciário);3;Instituto Prev. Serv. Pub. Mun. Uberlândia;Contribuição Servidor Ativo Civil - PMU - ADM;INST. DE PREV. DOS SERVID. PÚB. DO MUN. DE UBERLÂN;18;15430637.92;13826101.17
05;7215021101;2022;105;Taxa de Administração do RPPS;3;Instituto Prev. Serv. Pub. Mun. Uberlândia;Contribuição Servidor Ativo Civil - PMU - ADM;INST. DE PREV. DOS SERVID. PÚB. DO MUN. DE UBERLÂN;18;0.00;673898.83
05;7215021101;2022;103;Contribuição para o Regime Próprio de Previdência Social (RPPS): Patronal, dos Servidores, Compensação Financeira/ Recursos Vinculados ao RPPS - Fundo em Capitalização (Plano Previdenciário);4;Instituto Prev. Serv. Pub. Mun. Uberlândia;Contribuição Servidor Ativo Civil - PMU - ADM;INST. DE PREV. DOS SERVID. PÚB. DO MUN. DE UBERLÂN;18;17041537.32;13826101.17
05;7215021101;2022;105;Taxa de Administração do RPPS;4;Instituto Prev. Serv. Pub. Mun. Uberlândia;Contribuição Servidor Ativo Civil - PMU - ADM;INST. DE PREV. DOS SERVID. PÚB. DO MUN. DE UBERLÂN;18;0.00;673898.83
05;7215021101;2022;103;Contribuição para o Regime Próprio de Previdência Social (RPPS): Patronal, dos Servidores, Compensação Financeira/ Recursos Vinculados ao RPPS - Fundo em Capitalização (Plano Previdenciário);5;Instituto Prev. Serv. Pub. Mun. Uberlândia;Contribuição Servidor Ativo Civil - PMU - ADM;INST. DE PREV. DOS SERVID. PÚB. DO MUN. DE UBERLÂN;18;17036129.57;13826101.17
05;7215021101;2022;105;Taxa de Administração do RPPS;5;Instituto Prev. Serv. Pub. Mun. Uberlândia;Contribuição Servidor Ativo Civil - PMU - ADM;INST. DE PREV. DOS SERVID. PÚB. DO MUN. DE UBERLÂN;18;0.00;673898.83
05;7215021101;2022;103;Contribuição para o Regime Próprio de Previdência Social (RPPS): Patronal, dos Servidores, Compensação Financeira/ Recursos Vinculados ao RPPS - Fundo em Capitalização (Plano Previdenciário);6;Instituto Prev. Serv. Pub. Mun. Uberlândia;Contribuição Servidor Ativo Civil - PMU - ADM;INST. DE PREV. DOS SERVID. PÚB. DO MUN. DE UBERLÂN;18;17087185.20;13826101.17
05;7215021101;2022;105;Taxa de Administração do RPPS;6;Instituto Prev. Serv. Pub. Mun. Uberlândia;Contribuição Servidor Ativo Civil - PMU - ADM;INST. DE PREV. DOS SERVID. PÚB. DO MUN. DE UBERLÂN;18;0.00;673898.83
05;7215021101;2022;103;Contribuição para o Regime Próprio de Previdência Social (RPPS): Patronal, dos Servidores, Compensação Financeira/ Recursos Vinculados ao RPPS - Fundo em Capitalização (Plano Previdenciário);7;Instituto Prev. Serv. Pub. Mun. Uberlândia;Contribuição Servidor Ativo Civil - PMU - ADM;INST. DE PREV. DOS SERVID. PÚB. DO MUN. DE UBERLÂN;18;17033179.92;13826101.17
05;7215021101;2022;105;Taxa de Administração do RPPS;7;Instituto Prev. Serv. Pub. Mun. Uberlândia;Contribuição Servidor Ativo Civil - PMU - ADM;INST. DE PREV. DOS SERVID. PÚB. DO MUN. DE UBERLÂN;18;0.00;673898.83
05;7215021101;2022;103;Contribuição para o Regime Próprio de Previdência Social (RPPS): Patronal, dos Servidores, Compensação Financeira/ Recursos Vinculados ao RPPS - Fundo em Capitalização (Plano Previdenciário);8;Instituto Prev. Serv. Pub. Mun. Uberlândia;Contribuição Servidor Ativo Civil - PMU - ADM;INST. DE PREV. DOS SERVID. PÚB. DO MUN. DE UBERLÂN;18;17117416.03;13826101.17
05;7215021101;2022;105;Taxa de Administração do RPPS;8;Instituto Prev. Serv. Pub. Mun. Uberlândia;Contribuição Servidor Ativo Civil - PMU - ADM;INST. DE PREV. DOS SERVID. PÚB. DO MUN. DE UBERLÂN;18;0.00;673898.83
05;7215021101;2022;103;Contribuição para o Regime Próprio de Previdência Social (RPPS): Patronal, dos Servidores, Compensação Financeira/ Recursos Vinculados ao RPPS - Fundo em Capitalização (Plano Previdenciário);9;Instituto Prev. Serv. Pub. Mun. Uberlândia;Contribuição Servidor Ativo Civil - PMU - ADM;INST. DE PREV. DOS SERVID. PÚB. DO MUN. DE UBERLÂN;18;17360878.37;13826101.17
05;7215021101;2022;105;Taxa de Administração do RPPS;9;Instituto Prev. Serv. Pub. Mun. Uberlândia;Contribuição Servidor Ativo Civil - PMU - ADM;INST. DE PREV. DOS SERVID. PÚB. DO MUN. DE UBERLÂN;18;0.00;673898.83
05;7215021101;2022;103;Contribuição para o Regime Próprio de Previdência Social (RPPS): Patronal, dos Servidores, Compensação Financeira/ Recursos Vinculados ao RPPS - Fundo em Capitalização (Plano Previdenciário);10;Instituto Prev. Serv. Pub. Mun. Uberlândia;Contribuição Servidor Ativo Civil - PMU - ADM;INST. DE PREV. DOS SERVID. PÚB. DO MUN. DE UBERLÂN;18;17391474.63;13826101.17
05;7215021101;2022;105;Taxa de Administração do RPPS;10;Instituto Prev. Serv. Pub. Mun. Uberlândia;Contribuição Servidor Ativo Civil - PMU - ADM;INST. DE PREV. DOS SERVID. PÚB. DO MUN. DE UBERLÂN;18;0.00;673898.83
05;7215021101;2022;103;Contribuição para o Regime Próprio de Previdência Social (RPPS): Patronal, dos Servidores, Compensação Financeira/ Recursos Vinculados ao RPPS - Fundo em Capitalização (Plano Previdenciário);11;Instituto Prev. Serv. Pub. Mun. Uberlândia;Contribuição Servidor Ativo Civil - PMU - ADM;INST. DE PREV. DOS SERVID. PÚB. DO MUN. DE UBERLÂN;18;17394720.99;13826101.17
05;7215021101;2022;105;Taxa de Administração do RPPS;11;Instituto Prev. Serv. Pub. Mun. Uberlândia;Contribuição Servidor Ativo Civil - PMU - ADM;INST. DE PREV. DOS SERVID. PÚB. DO MUN. DE UBERLÂN;18;0.00;673898.83
05;7215021101;2022;103;Contribuição para o Regime Próprio de Previdência Social (RPPS): Patronal, dos Servidores, Compensação Financeira/ Recursos Vinculados ao RPPS - Fundo em Capitalização (Plano Previdenciário);12;Instituto Prev. Serv. Pub. Mun. Uberlândia;Contribuição Servidor Ativo Civil - PMU - ADM;INST. DE PREV. DOS SERVID. PÚB. DO MUN. DE UBERLÂN;18;38743767.56;13826101.13
05;7215021101;2022;105;Taxa de Administração do RPPS;12;Instituto Prev. Serv. Pub. Mun. Uberlândia;Contribuição Servidor Ativo Civil - PMU - ADM;INST. DE PREV. DOS SERVID. PÚB. DO MUN. DE UBERLÂN;18;0.00;673898.87
05;7215021102;2022;103;Contribuição para o Regime Próprio de Previdência Social (RPPS): Patronal, dos Servidores, Compensação Financeira/ Recursos Vinculados ao RPPS - Fundo em Capitalização (Plano Previdenciário);1;Instituto Prev. Serv. Pub. Mun. Uberlândia;Contribuição Servidor Ativo Civil - CAMARA;INST. DE PREV. DOS SERVID. PÚB. DO MUN. DE UBERLÂN;18;61566.51;72124.67
05;7215021102;2022;105;Taxa de Administração do RPPS;1;Instituto Prev. Serv. Pub. Mun. Uberlândia;Contribuição Servidor Ativo Civil - CAMARA;INST. DE PREV. DOS SERVID. PÚB. DO MUN. DE UBERLÂN;18;0.00;2292.00
05;7215021102;2022;103;Contribuição para o Regime Próprio de Previdência Social (RPPS): Patronal, dos Servidores, Compensação Financeira/ Recursos Vinculados ao RPPS - Fundo em Capitalização (Plano Previdenciário);2;Instituto Prev. Serv. Pub. Mun. Uberlândia;Contribuição Servidor Ativo Civil - CAMARA;INST. DE PREV. DOS SERVID. PÚB. DO MUN. DE UBERLÂN;18;67845.31;72124.67
05;7215021102;2022;105;Taxa de Administração do RPPS;2;Instituto Prev. Serv. Pub. Mun. Uberlândia;Contribuição Servidor Ativo Civil - CAMARA;INST. DE PREV. DOS SERVID. PÚB. DO MUN. DE UBERLÂN;18;0.00;2292.00
05;7215021102;2022;103;Contribuição para o Regime Próprio de Previdência Social (RPPS): Patronal, dos Servidores, Compensação Financeira/ Recursos Vinculados ao RPPS - Fundo em Capitalização (Plano Previdenciário);3;Instituto Prev. Serv. Pub. Mun. Uberlândia;Contribuição Servidor Ativo Civil - CAMARA;INST. DE PREV. DOS SERVID. PÚB. DO MUN. DE UBERLÂN;18;63635.34;72124.67
05;7215021102;2022;105;Taxa de Administração do RPPS;3;Instituto Prev. Serv. Pub. Mun. Uberlândia;Contribuição Servidor Ativo Civil - CAMARA;INST. DE PREV. DOS SERVID. PÚB. DO MUN. DE UBERLÂN;18;0.00;2292.00
05;7215021102;2022;103;Contribuição para o Regime Próprio de Previdência Social (RPPS): Patronal, dos Servidores, Compensação Financeira/ Recursos Vinculados ao RPPS - Fundo em Capitalização (Plano Previdenciário);4;Instituto Prev. Serv. Pub. Mun. Uberlândia;Contribuição Servidor Ativo Civil - CAMARA;INST. DE PREV. DOS SERVID. PÚB. DO MUN. DE UBERLÂN;18;81628.89;72124.67
05;7215021102;2022;105;Taxa de Administração do RPPS;4;Instituto Prev. Serv. Pub. Mun. Uberlândia;Contribuição Servidor Ativo Civil - CAMARA;INST. DE PREV. DOS SERVID. PÚB. DO MUN. DE UBERLÂN;18;0.00;2292.00
05;7215021102;2022;103;Contribuição para o Regime Próprio de Previdência Social (RPPS): Patronal, dos Servidores, Compensação Financeira/ Recursos Vinculados ao RPPS - Fundo em Capitalização (Plano Previdenciário);5;Instituto Prev. Serv. Pub. Mun. Uberlândia;Contribuição Servidor Ativo Civil - CAMARA;INST. DE PREV. DOS SERVID. PÚB. DO MUN. DE UBERLÂN;18;76900.87;72124.67
05;7215021102;2022;105;Taxa de Administração do RPPS;5;Instituto Prev. Serv. Pub. Mun. Uberlândia;Contribuição Servidor Ativo Civil - CAMARA;INST. DE PREV. DOS SERVID. PÚB. DO MUN. DE UBERLÂN;18;0.00;2292.00
05;7215021102;2022;103;Contribuição para o Regime Próprio de Previdência Social (RPPS): Patronal, dos Servidores, Compensação Financeira/ Recursos Vinculados ao RPPS - Fundo em Capitalização (Plano Previdenciário);6;Instituto Prev. Serv. Pub. Mun. Uberlândia;Contribuição Servidor Ativo Civil - CAMARA;INST. DE PREV. DOS SERVID. PÚB. DO MUN. DE UBERLÂN;18;82204.62;72124.67
05;7215021102;2022;105;Taxa de Administração do RPPS;6;Instituto Prev. Serv. Pub. Mun. Uberlândia;Contribuição Servidor Ativo Civil - CAMARA;INST. DE PREV. DOS SERVID. PÚB. DO MUN. DE UBERLÂN;18;0.00;2292.00
05;7215021102;2022;103;Contribuição para o Regime Próprio de Previdência Social (RPPS): Patronal, dos Servidores, Compensação Financeira/ Recursos Vinculados ao RPPS - Fundo em Capitalização (Plano Previdenciário);7;Instituto Prev. Serv. Pub. Mun. Uberlândia;Contribuição Servidor Ativo Civil - CAMARA;INST. DE PREV. DOS SERVID. PÚB. DO MUN. DE UBERLÂN;18;79676.02;72124.67
05;7215021102;2022;105;Taxa de Administração do RPPS;7;Instituto Prev. Serv. Pub. Mun. Uberlândia;Contribuição Servidor Ativo Civil - CAMARA;INST. DE PREV. DOS SERVID. PÚB. DO MUN. DE UBERLÂN;18;0.00;2292.00
05;7215021102;2022;103;Contribuição para o Regime Próprio de Previdência Social (RPPS): Patronal, dos Servidores, Compensação Financeira/ Recursos Vinculados ao RPPS - Fundo em Capitalização (Plano Previdenciário);8;Instituto Prev. Serv. Pub. Mun. Uberlândia;Contribuição Servidor Ativo Civil - CAMARA;INST. DE PREV. DOS SERVID. PÚB. DO MUN. DE UBERLÂN;18;94449.22;72124.67
05;7215021102;2022;105;Taxa de Administração do RPPS;8;Instituto Prev. Serv. Pub. Mun. Uberlândia;Contribuição Servidor Ativo Civil - CAMARA;INST. DE PREV. DOS SERVID. PÚB. DO MUN. DE UBERLÂN;18;0.00;2292.00
05;7215021102;2022;103;Contribuição para o Regime Próprio de Previdência Social (RPPS): Patronal, dos Servidores, Compensação Financeira/ Recursos Vinculados ao RPPS - Fundo em Capitalização (Plano Previdenciário);9;Instituto Prev. Serv. Pub. Mun. Uberlândia;Contribuição Servidor Ativo Civil - CAMARA;INST. DE PREV. DOS SERVID. PÚB. DO MUN. DE UBERLÂN;18;92679.26;72124.67
05;7215021102;2022;105;Taxa de Administração do RPPS;9;Instituto Prev. Serv. Pub. Mun. Uberlândia;Contribuição Servidor Ativo Civil - CAMARA;INST. DE PREV. DOS SERVID. PÚB. DO MUN. DE UBERLÂN;18;0.00;2292.00
05;7215021102;2022;103;Contribuição para o Regime Próprio de Previdência Social (RPPS): Patronal, dos Servidores, Compensação Financeira/ Recursos Vinculados ao RPPS - Fundo em Capitalização (Plano Previdenciário);10;Instituto Prev. Serv. Pub. Mun. Uberlândia;Contribuição Servidor Ativo Civil - CAMARA;INST. DE PREV. DOS SERVID. PÚB. DO MUN. DE UBERLÂN;18;93864.90;72124.67
05;7215021102;2022;105;Taxa de Administração do RPPS;10;Instituto Prev. Serv. Pub. Mun. Uberlândia;Contribuição Servidor Ativo Civil - CAMARA;INST. DE PREV. DOS SERVID. PÚB. DO MUN. DE UBERLÂN;18;0.00;2292.00
05;7215021102;2022;103;Contribuição para o Regime Próprio de Previdência Social (RPPS): Patronal, dos Servidores, Compensação Financeira/ Recursos Vinculados ao RPPS - Fundo em Capitalização (Plano Previdenciário);11;Instituto Prev. Serv. Pub. Mun. Uberlândia;Contribuição Servidor Ativo Civil - CAMARA;INST. DE PREV. DOS SERVID. PÚB. DO MUN. DE UBERLÂN;18;99196.89;72124.67
05;7215021102;2022;105;Taxa de Administração do RPPS;11;Instituto Prev. Serv. Pub. Mun. Uberlândia;Contribuição Servidor Ativo Civil - CAMARA;INST. DE PREV. DOS SERVID. PÚB. DO MUN. DE UBERLÂN;18;0.00;2292.00
05;7215021102;2022;103;Contribuição para o Regime Próprio de Previdência Social (RPPS): Patronal, dos Servidores, Compensação Financeira/ Recursos Vinculados ao RPPS - Fundo em Capitalização (Plano Previdenciário);12;Instituto Prev. Serv. Pub. Mun. Uberlândia;Contribuição Servidor Ativo Civil - CAMARA;INST. DE PREV. DOS SERVID. PÚB. DO MUN. DE UBERLÂN;18;179417.04;72124.63
05;7215021102;2022;105;Taxa de Administração do RPPS;12;Instituto Prev. Serv. Pub. Mun. Uberlândia;Contribuição Servidor Ativo Civil - CAMARA;INST. DE PREV. DOS SERVID. PÚB. DO MUN. DE UBERLÂN;18;0.00;2292.00
05;7215021103;2022;103;Contribuição para o Regime Próprio de Previdência Social (RPPS): Patronal, dos Servidores, Compensação Financeira/ Recursos Vinculados ao RPPS - Fundo em Capitalização (Plano Previdenciário);1;Instituto Prev. Serv. Pub. Mun. Uberlândia;Contribuição Servidor Ativo Civil - DMAE;INST. DE PREV. DOS SERVID. PÚB. DO MUN. DE UBERLÂN;18;1475749.03;1453800.00
05;7215021103;2022;105;Taxa de Administração do RPPS;1;Instituto Prev. Serv. Pub. Mun. Uberlândia;Contribuição Servidor Ativo Civil - DMAE;INST. DE PREV. DOS SERVID. PÚB. DO MUN. DE UBERLÂN;18;0.00;46200.00
05;7215021103;2022;103;Contribuição para o Regime Próprio de Previdência Social (RPPS): Patronal, dos Servidores, Compensação Financeira/ Recursos Vinculados ao RPPS - Fundo em Capitalização (Plano Previdenciário);2;Instituto Prev. Serv. Pub. Mun. Uberlândia;Contribuição Servidor Ativo Civil - DMAE;INST. DE PREV. DOS SERVID. PÚB. DO MUN. DE UBERLÂN;18;391577.07;1453800.00
05;7215021103;2022;105;Taxa de Administração do RPPS;2;Instituto Prev. Serv. Pub. Mun. Uberlândia;Contribuição Servidor Ativo Civil - DMAE;INST. DE PREV. DOS SERVID. PÚB. DO MUN. DE UBERLÂN;18;1196041.64;46200.00
05;7215021103;2022;103;Contribuição para o Regime Próprio de Previdência Social (RPPS): Patronal, dos Servidores, Compensação Financeira/ Recursos Vinculados ao RPPS - Fundo em Capitalização (Plano Previdenciário);3;Instituto Prev. Serv. Pub. Mun. Uberlândia;Contribuição Servidor Ativo Civil - DMAE;INST. DE PREV. DOS SERVID. PÚB. DO MUN. DE UBERLÂN;18;1598325.55;1453800.00
05;7215021103;2022;105;Taxa de Administração do RPPS;3;Instituto Prev. Serv. Pub. Mun. Uberlândia;Contribuição Servidor Ativo Civil - DMAE;INST. DE PREV. DOS SERVID. PÚB. DO MUN. DE UBERLÂN;18;0.00;46200.00
05;7215021103;2022;103;Contribuição para o Regime Próprio de Previdência Social (RPPS): Patronal, dos Servidores, Compensação Financeira/ Recursos Vinculados ao RPPS - Fundo em Capitalização (Plano Previdenciário);4;Instituto Prev. Serv. Pub. Mun. Uberlândia;Contribuição Servidor Ativo Civil - DMAE;INST. DE PREV. DOS SERVID. PÚB. DO MUN. DE UBERLÂN;18;0.00;1453800.00
05;7215021103;2022;105;Taxa de Administração do RPPS;4;Instituto Prev. Serv. Pub. Mun. Uberlândia;Contribuição Servidor Ativo Civil - DMAE;INST. DE PREV. DOS SERVID. PÚB. DO MUN. DE UBERLÂN;18;1755374.24;46200.00
05;7215021103;2022;103;Contribuição para o Regime Próprio de Previdência Social (RPPS): Patronal, dos Servidores, Compensação Financeira/ Recursos Vinculados ao RPPS - Fundo em Capitalização (Plano Previdenciário);5;Instituto Prev. Serv. Pub. Mun. Uberlândia;Contribuição Servidor Ativo Civil - DMAE;INST. DE PREV. DOS SERVID. PÚB. DO MUN. DE UBERLÂN;18;1766117.48;1453800.00
05;7215021103;2022;105;Taxa de Administração do RPPS;5;Instituto Prev. Serv. Pub. Mun. Uberlândia;Contribuição Servidor Ativo Civil - DMAE;INST. DE PREV. DOS SERVID. PÚB. DO MUN. DE UBERLÂN;18;0.00;46200.00
05;7215021103;2022;103;Contribuição para o Regime Próprio de Previdência Social (RPPS): Patronal, dos Servidores, Compensação Financeira/ Recursos Vinculados ao RPPS - Fundo em Capitalização (Plano Previdenciário);6;Instituto Prev. Serv. Pub. Mun. Uberlândia;Contribuição Servidor Ativo Civil - DMAE;INST. DE PREV. DOS SERVID. PÚB. DO MUN. DE UBERLÂN;18;840328.27;1453800.00
05;7215021103;2022;105;Taxa de Administração do RPPS;6;Instituto Prev. Serv. Pub. Mun. Uberlândia;Contribuição Servidor Ativo Civil - DMAE;INST. DE PREV. DOS SERVID. PÚB. DO MUN. DE UBERLÂN;18;926724.64;46200.00
05;7215021103;2022;103;Contribuição para o Regime Próprio de Previdência Social (RPPS): Patronal, dos Servidores, Compensação Financeira/ Recursos Vinculados ao RPPS - Fundo em Capitalização (Plano Previdenciário);7;Instituto Prev. Serv. Pub. Mun. Uberlândia;Contribuição Servidor Ativo Civil - DMAE;INST. DE PREV. DOS SERVID. PÚB. DO MUN. DE UBERLÂN;18;1762232.64;1453800.00
05;7215021103;2022;105;Taxa de Administração do RPPS;7;Instituto Prev. Serv. Pub. Mun. Uberlândia;Contribuição Servidor Ativo Civil - DMAE;INST. DE PREV. DOS SERVID. PÚB. DO MUN. DE UBERLÂN;18;0.00;46200.00
05;7215021103;2022;103;Contribuição para o Regime Próprio de Previdência Social (RPPS): Patronal, dos Servidores, Compensação Financeira/ Recursos Vinculados ao RPPS - Fundo em Capitalização (Plano Previdenciário);8;Instituto Prev. Serv. Pub. Mun. Uberlândia;Contribuição Servidor Ativo Civil - DMAE;INST. DE PREV. DOS SERVID. PÚB. DO MUN. DE UBERLÂN;18;579532.56;1453800.00
05;7215021103;2022;105;Taxa de Administração do RPPS;8;Instituto Prev. Serv. Pub. Mun. Uberlândia;Contribuição Servidor Ativo Civil - DMAE;INST. DE PREV. DOS SERVID. PÚB. DO MUN. DE UBERLÂN;18;1193287.41;46200.00
05;7215021103;2022;103;Contribuição para o Regime Próprio de Previdência Social (RPPS): Patronal, dos Servidores, Compensação Financeira/ Recursos Vinculados ao RPPS - Fundo em Capitalização (Plano Previdenciário);9;Instituto Prev. Serv. Pub. Mun. Uberlândia;Contribuição Servidor Ativo Civil - DMAE;INST. DE PREV. DOS SERVID. PÚB. DO MUN. DE UBERLÂN;18;582665.81;1453800.00
05;7215021103;2022;105;Taxa de Administração do RPPS;9;Instituto Prev. Serv. Pub. Mun. Uberlândia;Contribuição Servidor Ativo Civil - DMAE;INST. DE PREV. DOS SERVID. PÚB. DO MUN. DE UBERLÂN;18;1189318.75;46200.00
05;7215021103;2022;103;Contribuição para o Regime Próprio de Previdência Social (RPPS): Patronal, dos Servidores, Compensação Financeira/ Recursos Vinculados ao RPPS - Fundo em Capitalização (Plano Previdenciário);10;Instituto Prev. Serv. Pub. Mun. Uberlândia;Contribuição Servidor Ativo Civil - DMAE;INST. DE PREV. DOS SERVID. PÚB. DO MUN. DE UBERLÂN;18;852701.81;1453800.00
05;7215021103;2022;105;Taxa de Administração do RPPS;10;Instituto Prev. Serv. Pub. Mun. Uberlândia;Contribuição Servidor Ativo Civil - DMAE;INST. DE PREV. DOS SERVID. PÚB. DO MUN. DE UBERLÂN;18;923111.60;46200.00
05;7215021103;2022;103;Contribuição para o Regime Próprio de Previdência Social (RPPS): Patronal, dos Servidores, Compensação Financeira/ Recursos Vinculados ao RPPS - Fundo em Capitalização (Plano Previdenciário);11;Instituto Prev. Serv. Pub. Mun. Uberlândia;Contribuição Servidor Ativo Civil - DMAE;INST. DE PREV. DOS SERVID. PÚB. DO MUN. DE UBERLÂN;18;846620.02;1453800.00
05;7215021103;2022;105;Taxa de Administração do RPPS;11;Instituto Prev. Serv. Pub. Mun. Uberlândia;Contribuição Servidor Ativo Civil - DMAE;INST. DE PREV. DOS SERVID. PÚB. DO MUN. DE UBERLÂN;18;928625.36;46200.00
05;7215021103;2022;103;Contribuição para o Regime Próprio de Previdência Social (RPPS): Patronal, dos Servidores, Compensação Financeira/ Recursos Vinculados ao RPPS - Fundo em Capitalização (Plano Previdenciário);12;Instituto Prev. Serv. Pub. Mun. Uberlândia;Contribuição Servidor Ativo Civil - DMAE;INST. DE PREV. DOS SERVID. PÚB. DO MUN. DE UBERLÂN;18;3516332.67;1453800.00
05;7215021103;2022;105;Taxa de Administração do RPPS;12;Instituto Prev. Serv. Pub. Mun. Uberlândia;Contribuição Servidor Ativo Civil - DMAE;INST. DE PREV. DOS SERVID. PÚB. DO MUN. DE UBERLÂN;18;0.00;46200.00
05;7215021104;2022;103;Contribuição para o Regime Próprio de Previdência Social (RPPS): Patronal, dos Servidores, Compensação Financeira/ Recursos Vinculados ao RPPS - Fundo em Capitalização (Plano Previdenciário);1;Instituto Prev. Serv. Pub. Mun. Uberlândia;Contribuição Servidor Ativo Civil - FUTEL;INST. DE PREV. DOS SERVID. PÚB. DO MUN. DE UBERLÂN;18;159180.32;176071.33
05;7215021104;2022;105;Taxa de Administração do RPPS;1;Instituto Prev. Serv. Pub. Mun. Uberlândia;Contribuição Servidor Ativo Civil - FUTEL;INST. DE PREV. DOS SERVID. PÚB. DO MUN. DE UBERLÂN;18;0.00;5595.33
05;7215021104;2022;103;Contribuição para o Regime Próprio de Previdência Social (RPPS): Patronal, dos Servidores, Compensação Financeira/ Recursos Vinculados ao RPPS - Fundo em Capitalização (Plano Previdenciário);2;Instituto Prev. Serv. Pub. Mun. Uberlândia;Contribuição Servidor Ativo Civil - FUTEL;INST. DE PREV. DOS SERVID. PÚB. DO MUN. DE UBERLÂN;18;172782.94;176071.33
05;7215021104;2022;105;Taxa de Administração do RPPS;2;Instituto Prev. Serv. Pub. Mun. Uberlândia;Contribuição Servidor Ativo Civil - FUTEL;INST. DE PREV. DOS SERVID. PÚB. DO MUN. DE UBERLÂN;18;0.00;5595.33
05;7215021104;2022;103;Contribuição para o Regime Próprio de Previdência Social (RPPS): Patronal, dos Servidores, Compensação Financeira/ Recursos Vinculados ao RPPS - Fundo em Capitalização (Plano Previdenciário);3;Instituto Prev. Serv. Pub. Mun. Uberlândia;Contribuição Servidor Ativo Civil - FUTEL;INST. DE PREV. DOS SERVID. PÚB. DO MUN. DE UBERLÂN;18;172046.21;176071.33
05;7215021104;2022;105;Taxa de Administração do RPPS;3;Instituto Prev. Serv. Pub. Mun. Uberlândia;Contribuição Servidor Ativo Civil - FUTEL;INST. DE PREV. DOS SERVID. PÚB. DO MUN. DE UBERLÂN;18;0.00;5595.33
05;7215021104;2022;103;Contribuição para o Regime Próprio de Previdência Social (RPPS): Patronal, dos Servidores, Compensação Financeira/ Recursos Vinculados ao RPPS - Fundo em Capitalização (Plano Previdenciário);4;Instituto Prev. Serv. Pub. Mun. Uberlândia;Contribuição Servidor Ativo Civil - FUTEL;INST. DE PREV. DOS SERVID. PÚB. DO MUN. DE UBERLÂN;18;187976.82;176071.33
05;7215021104;2022;105;Taxa de Administração do RPPS;4;Instituto Prev. Serv. Pub. Mun. Uberlândia;Contribuição Servidor Ativo Civil - FUTEL;INST. DE PREV. DOS SERVID. PÚB. DO MUN. DE UBERLÂN;18;0.00;5595.33
05;7215021104;2022;103;Contribuição para o Regime Próprio de Previdência Social (RPPS): Patronal, dos Servidores, Compensação Financeira/ Recursos Vinculados ao RPPS - Fundo em Capitalização (Plano Previdenciário);5;Instituto Prev. Serv. Pub. Mun. Uberlândia;Contribuição Servidor Ativo Civil - FUTEL;INST. DE PREV. DOS SERVID. PÚB. DO MUN. DE UBERLÂN;18;189326.47;176071.33
05;7215021104;2022;105;Taxa de Administração do RPPS;5;Instituto Prev. Serv. Pub. Mun. Uberlândia;Contribuição Servidor Ativo Civil - FUTEL;INST. DE PREV. DOS SERVID. PÚB. DO MUN. DE UBERLÂN;18;0.00;5595.33
05;7215021104;2022;103;Contribuição para o Regime Próprio de Previdência Social (RPPS): Patronal, dos Servidores, Compensação Financeira/ Recursos Vinculados ao RPPS - Fundo em Capitalização (Plano Previdenciário);6;Instituto Prev. Serv. Pub. Mun. Uberlândia;Contribuição Servidor Ativo Civil - FUTEL;INST. DE PREV. DOS SERVID. PÚB. DO MUN. DE UBERLÂN;18;190341.09;176071.33
05;7215021104;2022;105;Taxa de Administração do RPPS;6;Instituto Prev. Serv. Pub. Mun. Uberlândia;Contribuição Servidor Ativo Civil - FUTEL;INST. DE PREV. DOS SERVID. PÚB. DO MUN. DE UBERLÂN;18;0.00;5595.33
05;7215021104;2022;103;Contribuição para o Regime Próprio de Previdência Social (RPPS): Patronal, dos Servidores, Compensação Financeira/ Recursos Vinculados ao RPPS - Fundo em Capitalização (Plano Previdenciário);7;Instituto Prev. Serv. Pub. Mun. Uberlândia;Contribuição Servidor Ativo Civil - FUTEL;INST. DE PREV. DOS SERVID. PÚB. DO MUN. DE UBERLÂN;18;182956.47;176071.33
05;7215021104;2022;105;Taxa de Administração do RPPS;7;Instituto Prev. Serv. Pub. Mun. Uberlândia;Contribuição Servidor Ativo Civil - FUTEL;INST. DE PREV. DOS SERVID. PÚB. DO MUN. DE UBERLÂN;18;0.00;5595.33
05;7215021104;2022;103;Contribuição para o Regime Próprio de Previdência Social (RPPS): Patronal, dos Servidores, Compensação Financeira/ Recursos Vinculados ao RPPS - Fundo em Capitalização (Plano Previdenciário);8;Instituto Prev. Serv. Pub. Mun. Uberlândia;Contribuição Servidor Ativo Civil - FUTEL;INST. DE PREV. DOS SERVID. PÚB. DO MUN. DE UBERLÂN;18;45748.96;176071.33
05;7215021104;2022;105;Taxa de Administração do RPPS;8;Instituto Prev. Serv. Pub. Mun. Uberlândia;Contribuição Servidor Ativo Civil - FUTEL;INST. DE PREV. DOS SERVID. PÚB. DO MUN. DE UBERLÂN;18;0.00;5595.33
05;7215021104;2022;103;Contribuição para o Regime Próprio de Previdência Social (RPPS): Patronal, dos Servidores, Compensação Financeira/ Recursos Vinculados ao RPPS - Fundo em Capitalização (Plano Previdenciário);9;Instituto Prev. Serv. Pub. Mun. Uberlândia;Contribuição Servidor Ativo Civil - FUTEL;INST. DE PREV. DOS SERVID. PÚB. DO MUN. DE UBERLÂN;18;182028.04;176071.33
05;7215021104;2022;105;Taxa de Administração do RPPS;9;Instituto Prev. Serv. Pub. Mun. Uberlândia;Contribuição Servidor Ativo Civil - FUTEL;INST. DE PREV. DOS SERVID. PÚB. DO MUN. DE UBERLÂN;18;0.00;5595.33
05;7215021104;2022;103;Contribuição para o Regime Próprio de Previdência Social (RPPS): Patronal, dos Servidores, Compensação Financeira/ Recursos Vinculados ao RPPS - Fundo em Capitalização (Plano Previdenciário);10;Instituto Prev. Serv. Pub. Mun. Uberlândia;Contribuição Servidor Ativo Civil - FUTEL;INST. DE PREV. DOS SERVID. PÚB. DO MUN. DE UBERLÂN;18;365114.80;176071.33
05;7215021104;2022;105;Taxa de Administração do RPPS;10;Instituto Prev. Serv. Pub. Mun. Uberlândia;Contribuição Servidor Ativo Civil - FUTEL;INST. DE PREV. DOS SERVID. PÚB. DO MUN. DE UBERLÂN;18;0.00;5595.33
05;7215021104;2022;103;Contribuição para o Regime Próprio de Previdência Social (RPPS): Patronal, dos Servidores, Compensação Financeira/ Recursos Vinculados ao RPPS - Fundo em Capitalização (Plano Previdenciário);11;Instituto Prev. Serv. Pub. Mun. Uberlândia;Contribuição Servidor Ativo Civil - FUTEL;INST. DE PREV. DOS SERVID. PÚB. DO MUN. DE UBERLÂN;18;182721.11;176071.33
05;7215021104;2022;105;Taxa de Administração do RPPS;11;Instituto Prev. Serv. Pub. Mun. Uberlândia;Contribuição Servidor Ativo Civil - FUTEL;INST. DE PREV. DOS SERVID. PÚB. DO MUN. DE UBERLÂN;18;0.00;5595.33
05;7215021104;2022;103;Contribuição para o Regime Próprio de Previdência Social (RPPS): Patronal, dos Servidores, Compensação Financeira/ Recursos Vinculados ao RPPS - Fundo em Capitalização (Plano Previdenciário);12;Instituto Prev. Serv. Pub. Mun. Uberlândia;Contribuição Servidor Ativo Civil - FUTEL;INST. DE PREV. DOS SERVID. PÚB. DO MUN. DE UBERLÂN;18;361799.86;176071.37
05;7215021104;2022;105;Taxa de Administração do RPPS;12;Instituto Prev. Serv. Pub. Mun. Uberlândia;Contribuição Servidor Ativo Civil - FUTEL;INST. DE PREV. DOS SERVID. PÚB. DO MUN. DE UBERLÂN;18;0.00;5595.37
05;7215021105;2022;103;Contribuição para o Regime Próprio de Previdência Social (RPPS): Patronal, dos Servidores, Compensação Financeira/ Recursos Vinculados ao RPPS - Fundo em Capitalização (Plano Previdenciário);1;Instituto Prev. Serv. Pub. Mun. Uberlândia;Contribuição Servidor Ativo Civil - FERUB;INST. DE PREV. DOS SERVID. PÚB. DO MUN. DE UBERLÂN;18;0.00;7250.00
05;7215021105;2022;103;Contribuição para o Regime Próprio de Previdência Social (RPPS): Patronal, dos Servidores, Compensação Financeira/ Recursos Vinculados ao RPPS - Fundo em Capitalização (Plano Previdenciário);2;Instituto Prev. Serv. Pub. Mun. Uberlândia;Contribuição Servidor Ativo Civil - FERUB;INST. DE PREV. DOS SERVID. PÚB. DO MUN. DE UBERLÂN;18;7939.43;7250.00
05;7215021105;2022;103;Contribuição para o Regime Próprio de Previdência Social (RPPS): Patronal, dos Servidores, Compensação Financeira/ Recursos Vinculados ao RPPS - Fundo em Capitalização (Plano Previdenciário);3;Instituto Prev. Serv. Pub. Mun. Uberlândia;Contribuição Servidor Ativo Civil - FERUB;INST. DE PREV. DOS SERVID. PÚB. DO MUN. DE UBERLÂN;18;7939.43;7250.00
05;7215021105;2022;103;Contribuição para o Regime Próprio de Previdência Social (RPPS): Patronal, dos Servidores, Compensação Financeira/ Recursos Vinculados ao RPPS - Fundo em Capitalização (Plano Previdenciário);4;Instituto Prev. Serv. Pub. Mun. Uberlândia;Contribuição Servidor Ativo Civil - FERUB;INST. DE PREV. DOS SERVID. PÚB. DO MUN. DE UBERLÂN;18;8849.48;7250.00
05;7215021105;2022;103;Contribuição para o Regime Próprio de Previdência Social (RPPS): Patronal, dos Servidores, Compensação Financeira/ Recursos Vinculados ao RPPS - Fundo em Capitalização (Plano Previdenciário);5;Instituto Prev. Serv. Pub. Mun. Uberlândia;Contribuição Servidor Ativo Civil - FERUB;INST. DE PREV. DOS SERVID. PÚB. DO MUN. DE UBERLÂN;18;8849.48;7250.00
05;7215021105;2022;103;Contribuição para o Regime Próprio de Previdência Social (RPPS): Patronal, dos Servidores, Compensação Financeira/ Recursos Vinculados ao RPPS - Fundo em Capitalização (Plano Previdenciário);6;Instituto Prev. Serv. Pub. Mun. Uberlândia;Contribuição Servidor Ativo Civil - FERUB;INST. DE PREV. DOS SERVID. PÚB. DO MUN. DE UBERLÂN;18;8849.48;7250.00
05;7215021105;2022;103;Contribuição para o Regime Próprio de Previdência Social (RPPS): Patronal, dos Servidores, Compensação Financeira/ Recursos Vinculados ao RPPS - Fundo em Capitalização (Plano Previdenciário);7;Instituto Prev. Serv. Pub. Mun. Uberlândia;Contribuição Servidor Ativo Civil - FERUB;INST. DE PREV. DOS SERVID. PÚB. DO MUN. DE UBERLÂN;18;8849.48;7250.00
05;7215021105;2022;103;Contribuição para o Regime Próprio de Previdência Social (RPPS): Patronal, dos Servidores, Compensação Financeira/ Recursos Vinculados ao RPPS - Fundo em Capitalização (Plano Previdenciário);8;Instituto Prev. Serv. Pub. Mun. Uberlândia;Contribuição Servidor Ativo Civil - FERUB;INST. DE PREV. DOS SERVID. PÚB. DO MUN. DE UBERLÂN;18;8849.48;7250.00
05;7215021105;2022;103;Contribuição para o Regime Próprio de Previdência Social (RPPS): Patronal, dos Servidores, Compensação Financeira/ Recursos Vinculados ao RPPS - Fundo em Capitalização (Plano Previdenciário);9;Instituto Prev. Serv. Pub. Mun. Uberlândia;Contribuição Servidor Ativo Civil - FERUB;INST. DE PREV. DOS SERVID. PÚB. DO MUN. DE UBERLÂN;18;8849.50;7250.00
05;7215021105;2022;103;Contribuição para o Regime Próprio de Previdência Social (RPPS): Patronal, dos Servidores, Compensação Financeira/ Recursos Vinculados ao RPPS - Fundo em Capitalização (Plano Previdenciário);10;Instituto Prev. Serv. Pub. Mun. Uberlândia;Contribuição Servidor Ativo Civil - FERUB;INST. DE PREV. DOS SERVID. PÚB. DO MUN. DE UBERLÂN;18;8849.50;7250.00
05;7215021105;2022;103;Contribuição para o Regime Próprio de Previdência Social (RPPS): Patronal, dos Servidores, Compensação Financeira/ Recursos Vinculados ao RPPS - Fundo em Capitalização (Plano Previdenciário);11;Instituto Prev. Serv. Pub. Mun. Uberlândia;Contribuição Servidor Ativo Civil - FERUB;INST. DE PREV. DOS SERVID. PÚB. DO MUN. DE UBERLÂN;18;8849.50;7250.00
05;7215021105;2022;103;Contribuição para o Regime Próprio de Previdência Social (RPPS): Patronal, dos Servidores, Compensação Financeira/ Recursos Vinculados ao RPPS - Fundo em Capitalização (Plano Previdenciário);12;Instituto Prev. Serv. Pub. Mun. Uberlândia;Contribuição Servidor Ativo Civil - FERUB;INST. DE PREV. DOS SERVID. PÚB. DO MUN. DE UBERLÂN;18;9044.98;7250.00
05;7215021106;2022;103;Contribuição para o Regime Próprio de Previdência Social (RPPS): Patronal, dos Servidores, Compensação Financeira/ Recursos Vinculados ao RPPS - Fundo em Capitalização (Plano Previdenciário);1;Instituto Prev. Serv. Pub. Mun. Uberlândia;Contribuição Servidor Ativo Civil - EMAM;INST. DE PREV. DOS SERVID. PÚB. DO MUN. DE UBERLÂN;18;0.00;1583.33
05;7215021106;2022;103;Contribuição para o Regime Próprio de Previdência Social (RPPS): Patronal, dos Servidores, Compensação Financeira/ Recursos Vinculados ao RPPS - Fundo em Capitalização (Plano Previdenciário);2;Instituto Prev. Serv. Pub. Mun. Uberlândia;Contribuição Servidor Ativo Civil - EMAM;INST. DE PREV. DOS SERVID. PÚB. DO MUN. DE UBERLÂN;18;1614.44;1583.33
05;7215021106;2022;103;Contribuição para o Regime Próprio de Previdência Social (RPPS): Patronal, dos Servidores, Compensação Financeira/ Recursos Vinculados ao RPPS - Fundo em Capitalização (Plano Previdenciário);3;Instituto Prev. Serv. Pub. Mun. Uberlândia;Contribuição Servidor Ativo Civil - EMAM;INST. DE PREV. DOS SERVID. PÚB. DO MUN. DE UBERLÂN;18;1614.44;1583.33
05;7215021106;2022;103;Contribuição para o Regime Próprio de Previdência Social (RPPS): Patronal, dos Servidores, Compensação Financeira/ Recursos Vinculados ao RPPS - Fundo em Capitalização (Plano Previdenciário);4;Instituto Prev. Serv. Pub. Mun. Uberlândia;Contribuição Servidor Ativo Civil - EMAM;INST. DE PREV. DOS SERVID. PÚB. DO MUN. DE UBERLÂN;18;1818.84;1583.33
05;7215021106;2022;103;Contribuição para o Regime Próprio de Previdência Social (RPPS): Patronal, dos Servidores, Compensação Financeira/ Recursos Vinculados ao RPPS - Fundo em Capitalização (Plano Previdenciário);5;Instituto Prev. Serv. Pub. Mun. Uberlândia;Contribuição Servidor Ativo Civil - EMAM;INST. DE PREV. DOS SERVID. PÚB. DO MUN. DE UBERLÂN;18;1818.84;1583.33
05;7215021106;2022;103;Contribuição para o Regime Próprio de Previdência Social (RPPS): Patronal, dos Servidores, Compensação Financeira/ Recursos Vinculados ao RPPS - Fundo em Capitalização (Plano Previdenciário);6;Instituto Prev. Serv. Pub. Mun. Uberlândia;Contribuição Servidor Ativo Civil - EMAM;INST. DE PREV. DOS SERVID. PÚB. DO MUN. DE UBERLÂN;18;1818.84;1583.33
05;7215021106;2022;103;Contribuição para o Regime Próprio de Previdência Social (RPPS): Patronal, dos Servidores, Compensação Financeira/ Recursos Vinculados ao RPPS - Fundo em Capitalização (Plano Previdenciário);7;Instituto Prev. Serv. Pub. Mun. Uberlândia;Contribuição Servidor Ativo Civil - EMAM;INST. DE PREV. DOS SERVID. PÚB. DO MUN. DE UBERLÂN;18;1818.84;1583.33
05;7215021106;2022;103;Contribuição para o Regime Próprio de Previdência Social (RPPS): Patronal, dos Servidores, Compensação Financeira/ Recursos Vinculados ao RPPS - Fundo em Capitalização (Plano Previdenciário);8;Instituto Prev. Serv. Pub. Mun. Uberlândia;Contribuição Servidor Ativo Civil - EMAM;INST. DE PREV. DOS SERVID. PÚB. DO MUN. DE UBERLÂN;18;1818.84;1583.33
05;7215021106;2022;103;Contribuição para o Regime Próprio de Previdência Social (RPPS): Patronal, dos Servidores, Compensação Financeira/ Recursos Vinculados ao RPPS - Fundo em Capitalização (Plano Previdenciário);9;Instituto Prev. Serv. Pub. Mun. Uberlândia;Contribuição Servidor Ativo Civil - EMAM;INST. DE PREV. DOS SERVID. PÚB. DO MUN. DE UBERLÂN;18;1818.84;1583.33
05;7215021106;2022;103;Contribuição para o Regime Próprio de Previdência Social (RPPS): Patronal, dos Servidores, Compensação Financeira/ Recursos Vinculados ao RPPS - Fundo em Capitalização (Plano Previdenciário);10;Instituto Prev. Serv. Pub. Mun. Uberlândia;Contribuição Servidor Ativo Civil - EMAM;INST. DE PREV. DOS SERVID. PÚB. DO MUN. DE UBERLÂN;18;1818.84;1583.33
05;7215021106;2022;103;Contribuição para o Regime Próprio de Previdência Social (RPPS): Patronal, dos Servidores, Compensação Financeira/ Recursos Vinculados ao RPPS - Fundo em Capitalização (Plano Previdenciário);11;Instituto Prev. Serv. Pub. Mun. Uberlândia;Contribuição Servidor Ativo Civil - EMAM;INST. DE PREV. DOS SERVID. PÚB. DO MUN. DE UBERLÂN;18;1818.84;1583.33
05;7215021106;2022;103;Contribuição para o Regime Próprio de Previdência Social (RPPS): Patronal, dos Servidores, Compensação Financeira/ Recursos Vinculados ao RPPS - Fundo em Capitalização (Plano Previdenciário);12;Instituto Prev. Serv. Pub. Mun. Uberlândia;Contribuição Servidor Ativo Civil - EMAM;INST. DE PREV. DOS SERVID. PÚB. DO MUN. DE UBERLÂN;18;5456.52;1583.37
05;7215021107;2022;103;Contribuição para o Regime Próprio de Previdência Social (RPPS): Patronal, dos Servidores, Compensação Financeira/ Recursos Vinculados ao RPPS - Fundo em Capitalização (Plano Previdenciário);1;Instituto Prev. Serv. Pub. Mun. Uberlândia;Contribuição Patronal em Regime de Parcelamento;INST. DE PREV. DOS SERVID. PÚB. DO MUN. DE UBERLÂN;18;3467441.48;3466666.67
05;7215021107;2022;103;Contribuição para o Regime Próprio de Previdência Social (RPPS): Patronal, dos Servidores, Compensação Financeira/ Recursos Vinculados ao RPPS - Fundo em Capitalização (Plano Previdenciário);2;Instituto Prev. Serv. Pub. Mun. Uberlândia;Contribuição Patronal em Regime de Parcelamento;INST. DE PREV. DOS SERVID. PÚB. DO MUN. DE UBERLÂN;18;3467441.48;3466666.67
05;7215021107;2022;103;Contribuição para o Regime Próprio de Previdência Social (RPPS): Patronal, dos Servidores, Compensação Financeira/ Recursos Vinculados ao RPPS - Fundo em Capitalização (Plano Previdenciário);3;Instituto Prev. Serv. Pub. Mun. Uberlândia;Contribuição Patronal em Regime de Parcelamento;INST. DE PREV. DOS SERVID. PÚB. DO MUN. DE UBERLÂN;18;3467441.48;3466666.67
05;7215021107;2022;103;Contribuição para o Regime Próprio de Previdência Social (RPPS): Patronal, dos Servidores, Compensação Financeira/ Recursos Vinculados ao RPPS - Fundo em Capitalização (Plano Previdenciário);4;Instituto Prev. Serv. Pub. Mun. Uberlândia;Contribuição Patronal em Regime de Parcelamento;INST. DE PREV. DOS SERVID. PÚB. DO MUN. DE UBERLÂN;18;3467441.48;3466666.67
05;7215021107;2022;103;Contribuição para o Regime Próprio de Previdência Social (RPPS): Patronal, dos Servidores, Compensação Financeira/ Recursos Vinculados ao RPPS - Fundo em Capitalização (Plano Previdenciário);5;Instituto Prev. Serv. Pub. Mun. Uberlândia;Contribuição Patronal em Regime de Parcelamento;INST. DE PREV. DOS SERVID. PÚB. DO MUN. DE UBERLÂN;18;3467441.48;3466666.67
05;7215021107;2022;103;Contribuição para o Regime Próprio de Previdência Social (RPPS): Patronal, dos Servidores, Compensação Financeira/ Recursos Vinculados ao RPPS - Fundo em Capitalização (Plano Previdenciário);6;Instituto Prev. Serv. Pub. Mun. Uberlândia;Contribuição Patronal em Regime de Parcelamento;INST. DE PREV. DOS SERVID. PÚB. DO MUN. DE UBERLÂN;18;3467441.48;3466666.67
05;7215021107;2022;103;Contribuição para o Regime Próprio de Previdência Social (RPPS): Patronal, dos Servidores, Compensação Financeira/ Recursos Vinculados ao RPPS - Fundo em Capitalização (Plano Previdenciário);7;Instituto Prev. Serv. Pub. Mun. Uberlândia;Contribuição Patronal em Regime de Parcelamento;INST. DE PREV. DOS SERVID. PÚB. DO MUN. DE UBERLÂN;18;0.00;3466666.67
05;7215021107;2022;103;Contribuição para o Regime Próprio de Previdência Social (RPPS): Patronal, dos Servidores, Compensação Financeira/ Recursos Vinculados ao RPPS - Fundo em Capitalização (Plano Previdenciário);8;Instituto Prev. Serv. Pub. Mun. Uberlândia;Contribuição Patronal em Regime de Parcelamento;INST. DE PREV. DOS SERVID. PÚB. DO MUN. DE UBERLÂN;18;0.00;3466666.67
05;7215021107;2022;103;Contribuição para o Regime Próprio de Previdência Social (RPPS): Patronal, dos Servidores, Compensação Financeira/ Recursos Vinculados ao RPPS - Fundo em Capitalização (Plano Previdenciário);9;Instituto Prev. Serv. Pub. Mun. Uberlândia;Contribuição Patronal em Regime de Parcelamento;INST. DE PREV. DOS SERVID. PÚB. DO MUN. DE UBERLÂN;18;0.00;3466666.67
05;7215021107;2022;103;Contribuição para o Regime Próprio de Previdência Social (RPPS): Patronal, dos Servidores, Compensação Financeira/ Recursos Vinculados ao RPPS - Fundo em Capitalização (Plano Previdenciário);10;Instituto Prev. Serv. Pub. Mun. Uberlândia;Contribuição Patronal em Regime de Parcelamento;INST. DE PREV. DOS SERVID. PÚB. DO MUN. DE UBERLÂN;18;0.00;3466666.67
05;7215021107;2022;103;Contribuição para o Regime Próprio de Previdência Social (RPPS): Patronal, dos Servidores, Compensação Financeira/ Recursos Vinculados ao RPPS - Fundo em Capitalização (Plano Previdenciário);11;Instituto Prev. Serv. Pub. Mun. Uberlândia;Contribuição Patronal em Regime de Parcelamento;INST. DE PREV. DOS SERVID. PÚB. DO MUN. DE UBERLÂN;18;0.00;3466666.67
05;7215021107;2022;103;Contribuição para o Regime Próprio de Previdência Social (RPPS): Patronal, dos Servidores, Compensação Financeira/ Recursos Vinculados ao RPPS - Fundo em Capitalização (Plano Previdenciário);12;Instituto Prev. Serv. Pub. Mun. Uberlândia;Contribuição Patronal em Regime de Parcelamento;INST. DE PREV. DOS SERVID. PÚB. DO MUN. DE UBERLÂN;18;0.00;3466666.63
05;7215021201;2022;103;Contribuição para o Regime Próprio de Previdência Social (RPPS): Patronal, dos Servidores, Compensação Financeira/ Recursos Vinculados ao RPPS - Fundo em Capitalização (Plano Previdenciário);1;Instituto Prev. Serv. Pub. Mun. Uberlândia;Multas e Juros de Mora Outras Contribuições Patron;INST. DE PREV. DOS SERVID. PÚB. DO MUN. DE UBERLÂN;18;1337938.08;700000.00
05;7215021201;2022;103;Contribuição para o Regime Próprio de Previdência Social (RPPS): Patronal, dos Servidores, Compensação Financeira/ Recursos Vinculados ao RPPS - Fundo em Capitalização (Plano Previdenciário);2;Instituto Prev. Serv. Pub. Mun. Uberlândia;Multas e Juros de Mora Outras Contribuições Patron;INST. DE PREV. DOS SERVID. PÚB. DO MUN. DE UBERLÂN;18;1397739.40;700000.00
05;7215021201;2022;103;Contribuição para o Regime Próprio de Previdência Social (RPPS): Patronal, dos Servidores, Compensação Financeira/ Recursos Vinculados ao RPPS - Fundo em Capitalização (Plano Previdenciário);3;Instituto Prev. Serv. Pub. Mun. Uberlândia;Multas e Juros de Mora Outras Contribuições Patron;INST. DE PREV. DOS SERVID. PÚB. DO MUN. DE UBERLÂN;18;1493420.26;700000.00
05;7215021201;2022;103;Contribuição para o Regime Próprio de Previdência Social (RPPS): Patronal, dos Servidores, Compensação Financeira/ Recursos Vinculados ao RPPS - Fundo em Capitalização (Plano Previdenciário);4;Instituto Prev. Serv. Pub. Mun. Uberlândia;Multas e Juros de Mora Outras Contribuições Patron;INST. DE PREV. DOS SERVID. PÚB. DO MUN. DE UBERLÂN;18;1585146.39;700000.00
05;7215021201;2022;103;Contribuição para o Regime Próprio de Previdência Social (RPPS): Patronal, dos Servidores, Compensação Financeira/ Recursos Vinculados ao RPPS - Fundo em Capitalização (Plano Previdenciário);5;Instituto Prev. Serv. Pub. Mun. Uberlândia;Multas e Juros de Mora Outras Contribuições Patron;INST. DE PREV. DOS SERVID. PÚB. DO MUN. DE UBERLÂN;18;1663708.31;700000.00
05;7215021201;2022;103;Contribuição para o Regime Próprio de Previdência Social (RPPS): Patronal, dos Servidores, Compensação Financeira/ Recursos Vinculados ao RPPS - Fundo em Capitalização (Plano Previdenciário);6;Instituto Prev. Serv. Pub. Mun. Uberlândia;Multas e Juros de Mora Outras Contribuições Patron;INST. DE PREV. DOS SERVID. PÚB. DO MUN. DE UBERLÂN;18;1722347.40;700000.00
05;7215021201;2022;103;Contribuição para o Regime Próprio de Previdência Social (RPPS): Patronal, dos Servidores, Compensação Financeira/ Recursos Vinculados ao RPPS - Fundo em Capitalização (Plano Previdenciário);7;Instituto Prev. Serv. Pub. Mun. Uberlândia;Multas e Juros de Mora Outras Contribuições Patron;INST. DE PREV. DOS SERVID. PÚB. DO MUN. DE UBERLÂN;18;1782142.01;700000.00
05;7215021201;2022;103;Contribuição para o Regime Próprio de Previdência Social (RPPS): Patronal, dos Servidores, Compensação Financeira/ Recursos Vinculados ao RPPS - Fundo em Capitalização (Plano Previdenciário);8;Instituto Prev. Serv. Pub. Mun. Uberlândia;Multas e Juros de Mora Outras Contribuições Patron;INST. DE PREV. DOS SERVID. PÚB. DO MUN. DE UBERLÂN;18;1721360.70;700000.00
05;7215021201;2022;103;Contribuição para o Regime Próprio de Previdência Social (RPPS): Patronal, dos Servidores, Compensação Financeira/ Recursos Vinculados ao RPPS - Fundo em Capitalização (Plano Previdenciário);9;Instituto Prev. Serv. Pub. Mun. Uberlândia;Multas e Juros de Mora Outras Contribuições Patron;INST. DE PREV. DOS SERVID. PÚB. DO MUN. DE UBERLÂN;18;1808046.93;700000.00
05;7215021201;2022;103;Contribuição para o Regime Próprio de Previdência Social (RPPS): Patronal, dos Servidores, Compensação Financeira/ Recursos Vinculados ao RPPS - Fundo em Capitalização (Plano Previdenciário);10;Instituto Prev. Serv. Pub. Mun. Uberlândia;Multas e Juros de Mora Outras Contribuições Patron;INST. DE PREV. DOS SERVID. PÚB. DO MUN. DE UBERLÂN;18;1806001.25;700000.00
05;7215021201;2022;103;Contribuição para o Regime Próprio de Previdência Social (RPPS): Patronal, dos Servidores, Compensação Financeira/ Recursos Vinculados ao RPPS - Fundo em Capitalização (Plano Previdenciário);11;Instituto Prev. Serv. Pub. Mun. Uberlândia;Multas e Juros de Mora Outras Contribuições Patron;INST. DE PREV. DOS SERVID. PÚB. DO MUN. DE UBERLÂN;18;1855736.86;700000.00
05;7215021201;2022;103;Contribuição para o Regime Próprio de Previdência Social (RPPS): Patronal, dos Servidores, Compensação Financeira/ Recursos Vinculados ao RPPS - Fundo em Capitalização (Plano Previdenciário);12;Instituto Prev. Serv. Pub. Mun. Uberlândia;Multas e Juros de Mora Outras Contribuições Patron;INST. DE PREV. DOS SERVID. PÚB. DO MUN. DE UBERLÂN;18;1980567.06;700000.00
05;7215511101;2022;103;Contribuição para o Regime Próprio de Previdência Social (RPPS): Patronal, dos Servidores, Compensação Financeira/ Recursos Vinculados ao RPPS - Fundo em Capitalização (Plano Previdenciário);7;Instituto Prev. Serv. Pub. Mun. Uberlândia;Contrib Patronal - Serv Civil Ativo - Parc - Prin;INST. DE PREV. DOS SERVID. PÚB. DO MUN. DE UBERLÂN;18;408667.34;0.00
05;7215511101;2022;105;Taxa de Administração do RPPS;7;Instituto Prev. Serv. Pub. Mun. Uberlândia;Contrib Patronal - Serv Civil Ativo - Parc - Prin;INST. DE PREV. DOS SERVID. PÚB. DO MUN. DE UBERLÂN;18;3058774.14;0.00
05;7215511101;2022;103;Contribuição para o Regime Próprio de Previdência Social (RPPS): Patronal, dos Servidores, Compensação Financeira/ Recursos Vinculados ao RPPS - Fundo em Capitalização (Plano Previdenciário);8;Instituto Prev. Serv. Pub. Mun. Uberlândia;Contrib Patronal - Serv Civil Ativo - Parc - Prin;INST. DE PREV. DOS SERVID. PÚB. DO MUN. DE UBERLÂN;18;3565820.84;0.00
05;7215511101;2022;103;Contribuição para o Regime Próprio de Previdência Social (RPPS): Patronal, dos Servidores, Compensação Financeira/ Recursos Vinculados ao RPPS - Fundo em Capitalização (Plano Previdenciário);9;Instituto Prev. Serv. Pub. Mun. Uberlândia;Contrib Patronal - Serv Civil Ativo - Parc - Prin;INST. DE PREV. DOS SERVID. PÚB. DO MUN. DE UBERLÂN;18;3490084.90;0.00
05;7215511101;2022;103;Contribuição para o Regime Próprio de Previdência Social (RPPS): Patronal, dos Servidores, Compensação Financeira/ Recursos Vinculados ao RPPS - Fundo em Capitalização (Plano Previdenciário);10;Instituto Prev. Serv. Pub. Mun. Uberlândia;Contrib Patronal - Serv Civil Ativo - Parc - Prin;INST. DE PREV. DOS SERVID. PÚB. DO MUN. DE UBERLÂN;18;3467441.48;0.00
05;7215511101;2022;103;Contribuição para o Regime Próprio de Previdência Social (RPPS): Patronal, dos Servidores, Compensação Financeira/ Recursos Vinculados ao RPPS - Fundo em Capitalização (Plano Previdenciário);11;Instituto Prev. Serv. Pub. Mun. Uberlândia;Contrib Patronal - Serv Civil Ativo - Parc - Prin;INST. DE PREV. DOS SERVID. PÚB. DO MUN. DE UBERLÂN;18;3467441.48;0.00
05;7215511101;2022;103;Contribuição para o Regime Próprio de Previdência Social (RPPS): Patronal, dos Servidores, Compensação Financeira/ Recursos Vinculados ao RPPS - Fundo em Capitalização (Plano Previdenciário);12;Instituto Prev. Serv. Pub. Mun. Uberlândia;Contrib Patronal - Serv Civil Ativo - Parc - Prin;INST. DE PREV. DOS SERVID. PÚB. DO MUN. DE UBERLÂN;18;3467441.48;0.00
10;7739990101;2022;170;Outros Recursos Não Vinculados;7;Ag. Reg. dos Serv. Saneamento Básico de Uberlândia;Outras Transferências dos Municípios - DMAE;;38;887250.63;0.00
10;7739990101;2022;170;Outros Recursos Não Vinculados;9;Ag. Reg. dos Serv. Saneamento Básico de Uberlândia;Outras Transferências dos Municípios - DMAE;;38;126750.09;0.00
10;7739990101;2022;170;Outros Recursos Não Vinculados;10;Ag. Reg. dos Serv. Saneamento Básico de Uberlândia;Outras Transferências dos Municípios - DMAE;;38;253500.18;0.00
10;7739990101;2022;170;Outros Recursos Não Vinculados;11;Ag. Reg. dos Serv. Saneamento Básico de Uberlândia;Outras Transferências dos Municípios - DMAE;;38;126750.09;0.00
10;7739990101;2022;170;Outros Recursos Não Vinculados;12;Ag. Reg. dos Serv. Saneamento Básico de Uberlândia;Outras Transferências dos Municípios - DMAE;;38;126750.09;0.00
05;7999010101;2022;103;Contribuição para o Regime Próprio de Previdência Social (RPPS): Patronal, dos Servidores, Compensação Financeira/ Recursos Vinculados ao RPPS - Fundo em Capitalização (Plano Previdenciário);1;Instituto Prev. Serv. Pub. Mun. Uberlândia;Aportes Amort de Deficit Atuarial do RPPS;INST. DE PREV. DOS SERVID. PÚB. DO MUN. DE UBERLÂN;18;171384.36;170833.33
05;7999010101;2022;103;Contribuição para o Regime Próprio de Previdência Social (RPPS): Patronal, dos Servidores, Compensação Financeira/ Recursos Vinculados ao RPPS - Fundo em Capitalização (Plano Previdenciário);2;Instituto Prev. Serv. Pub. Mun. Uberlândia;Aportes Amort de Deficit Atuarial do RPPS;INST. DE PREV. DOS SERVID. PÚB. DO MUN. DE UBERLÂN;18;191587.76;170833.33
05;7999010101;2022;103;Contribuição para o Regime Próprio de Previdência Social (RPPS): Patronal, dos Servidores, Compensação Financeira/ Recursos Vinculados ao RPPS - Fundo em Capitalização (Plano Previdenciário);3;Instituto Prev. Serv. Pub. Mun. Uberlândia;Aportes Amort de Deficit Atuarial do RPPS;INST. DE PREV. DOS SERVID. PÚB. DO MUN. DE UBERLÂN;18;175634.32;170833.33
05;7999010101;2022;103;Contribuição para o Regime Próprio de Previdência Social (RPPS): Patronal, dos Servidores, Compensação Financeira/ Recursos Vinculados ao RPPS - Fundo em Capitalização (Plano Previdenciário);4;Instituto Prev. Serv. Pub. Mun. Uberlândia;Aportes Amort de Deficit Atuarial do RPPS;INST. DE PREV. DOS SERVID. PÚB. DO MUN. DE UBERLÂN;18;179339.26;170833.33
05;7999010101;2022;103;Contribuição para o Regime Próprio de Previdência Social (RPPS): Patronal, dos Servidores, Compensação Financeira/ Recursos Vinculados ao RPPS - Fundo em Capitalização (Plano Previdenciário);5;Instituto Prev. Serv. Pub. Mun. Uberlândia;Aportes Amort de Deficit Atuarial do RPPS;INST. DE PREV. DOS SERVID. PÚB. DO MUN. DE UBERLÂN;18;181911.64;170833.33
05;7999010101;2022;103;Contribuição para o Regime Próprio de Previdência Social (RPPS): Patronal, dos Servidores, Compensação Financeira/ Recursos Vinculados ao RPPS - Fundo em Capitalização (Plano Previdenciário);6;Instituto Prev. Serv. Pub. Mun. Uberlândia;Aportes Amort de Deficit Atuarial do RPPS;INST. DE PREV. DOS SERVID. PÚB. DO MUN. DE UBERLÂN;18;183448.49;170833.33
05;7999010101;2022;103;Contribuição para o Regime Próprio de Previdência Social (RPPS): Patronal, dos Servidores, Compensação Financeira/ Recursos Vinculados ao RPPS - Fundo em Capitalização (Plano Previdenciário);7;Instituto Prev. Serv. Pub. Mun. Uberlândia;Aportes Amort de Deficit Atuarial do RPPS;INST. DE PREV. DOS SERVID. PÚB. DO MUN. DE UBERLÂN;18;185296.91;170833.33
05;7999010101;2022;103;Contribuição para o Regime Próprio de Previdência Social (RPPS): Patronal, dos Servidores, Compensação Financeira/ Recursos Vinculados ao RPPS - Fundo em Capitalização (Plano Previdenciário);8;Instituto Prev. Serv. Pub. Mun. Uberlândia;Aportes Amort de Deficit Atuarial do RPPS;INST. DE PREV. DOS SERVID. PÚB. DO MUN. DE UBERLÂN;18;186674.96;170833.33
05;7999010101;2022;103;Contribuição para o Regime Próprio de Previdência Social (RPPS): Patronal, dos Servidores, Compensação Financeira/ Recursos Vinculados ao RPPS - Fundo em Capitalização (Plano Previdenciário);9;Instituto Prev. Serv. Pub. Mun. Uberlândia;Aportes Amort de Deficit Atuarial do RPPS;INST. DE PREV. DOS SERVID. PÚB. DO MUN. DE UBERLÂN;18;186814.34;170833.33
05;7999010101;2022;103;Contribuição para o Regime Próprio de Previdência Social (RPPS): Patronal, dos Servidores, Compensação Financeira/ Recursos Vinculados ao RPPS - Fundo em Capitalização (Plano Previdenciário);10;Instituto Prev. Serv. Pub. Mun. Uberlândia;Aportes Amort de Deficit Atuarial do RPPS;INST. DE PREV. DOS SERVID. PÚB. DO MUN. DE UBERLÂN;18;185142.09;170833.33
05;7999010101;2022;103;Contribuição para o Regime Próprio de Previdência Social (RPPS): Patronal, dos Servidores, Compensação Financeira/ Recursos Vinculados ao RPPS - Fundo em Capitalização (Plano Previdenciário);11;Instituto Prev. Serv. Pub. Mun. Uberlândia;Aportes Amort de Deficit Atuarial do RPPS;INST. DE PREV. DOS SERVID. PÚB. DO MUN. DE UBERLÂN;18;186721.99;170833.33
05;7999010101;2022;103;Contribuição para o Regime Próprio de Previdência Social (RPPS): Patronal, dos Servidores, Compensação Financeira/ Recursos Vinculados ao RPPS - Fundo em Capitalização (Plano Previdenciário);12;Instituto Prev. Serv. Pub. Mun. Uberlândia;Aportes Amort de Deficit Atuarial do RPPS;INST. DE PREV. DOS SERVID. PÚB. DO MUN. DE UBERLÂN;18;188153.01;170833.37
02;8439990101;2022;170;Outros Recursos Não Vinculados;1;PREFEITURA MUNICIPAL DE UBERLÂNDIA;Receita Intraorçamentária de Capital - DMAE- Saúde;SECRETARIA MUNICIPAL DE SAÚDE;09;43062.51;0.00
02;8439990101;2022;170;Outros Recursos Não Vinculados;2;PREFEITURA MUNICIPAL DE UBERLÂNDIA;Receita Intraorçamentária de Capital - DMAE- Saúde;SECRETARIA MUNICIPAL DE SAÚDE;09;87441.25;0.00
02;8439990101;2022;170;Outros Recursos Não Vinculados;3;PREFEITURA MUNICIPAL DE UBERLÂNDIA;Receita Intraorçamentária de Capital - DMAE- Saúde;SECRETARIA MUNICIPAL DE SAÚDE;09;163693.15;0.00
02;8439990101;2022;170;Outros Recursos Não Vinculados;4;PREFEITURA MUNICIPAL DE UBERLÂNDIA;Receita Intraorçamentária de Capital - DMAE- Saúde;SECRETARIA MUNICIPAL DE SAÚDE;09;46048.90;0.00
02;8439990101;2022;170;Outros Recursos Não Vinculados;8;PREFEITURA MUNICIPAL DE UBERLÂNDIA;Receita Intraorçamentária de Capital - DMAE- Saúde;SECRETARIA MUNICIPAL DE SAÚDE;09;210745.87;0.00
02;8439990101;2022;170;Outros Recursos Não Vinculados;12;PREFEITURA MUNICIPAL DE UBERLÂNDIA;Receita Intraorçamentária de Capital - DMAE- Saúde;SECRETARIA MUNICIPAL DE SAÚDE;09;865214.43;0.00
02;9211125001;2022;100;Recursos Não Vinculados de Impostos/ Recursos Ordinários;1;PREFEITURA MUNICIPAL DE UBERLÂNDIA;Restituição IPTU Principal;SECRETARIA MUNICIPAL DE FINANÇAS;06;-818.55;0.00
02;9211125001;2022;101;Receitas de Impostos e de Transferências de Impostos Vinculados à Educação;1;PREFEITURA MUNICIPAL DE UBERLÂNDIA;Restituição IPTU Principal;SECRETARIA MUNICIPAL DE FINANÇAS;06;-674.29;0.00
02;9211125001;2022;102;Receitas de Impostos e de Transferências de Impostos Vinculados à Saúde;1;PREFEITURA MUNICIPAL DE UBERLÂNDIA;Restituição IPTU Principal;SECRETARIA MUNICIPAL DE FINANÇAS;06;-1138.10;0.00
02;9211125001;2022;100;Recursos Não Vinculados de Impostos/ Recursos Ordinários;2;PREFEITURA MUNICIPAL DE UBERLÂNDIA;Restituição IPTU Principal;SECRETARIA MUNICIPAL DE FINANÇAS;06;-894.82;0.00
02;9211125001;2022;101;Receitas de Impostos e de Transferências de Impostos Vinculados à Educação;2;PREFEITURA MUNICIPAL DE UBERLÂNDIA;Restituição IPTU Principal;SECRETARIA MUNICIPAL DE FINANÇAS;06;-737.05;0.00
02;9211125001;2022;102;Receitas de Impostos e de Transferências de Impostos Vinculados à Saúde;2;PREFEITURA MUNICIPAL DE UBERLÂNDIA;Restituição IPTU Principal;SECRETARIA MUNICIPAL DE FINANÇAS;06;-1244.12;0.00
02;9211125001;2022;100;Recursos Não Vinculados de Impostos/ Recursos Ordinários;3;PREFEITURA MUNICIPAL DE UBERLÂNDIA;Restituição IPTU Principal;SECRETARIA MUNICIPAL DE FINANÇAS;06;-9882.09;0.00
02;9211125001;2022;101;Receitas de Impostos e de Transferências de Impostos Vinculados à Educação;3;PREFEITURA MUNICIPAL DE UBERLÂNDIA;Restituição IPTU Principal;SECRETARIA MUNICIPAL DE FINANÇAS;06;-8141.22;0.00
02;9211125001;2022;102;Receitas de Impostos e de Transferências de Impostos Vinculados à Saúde;3;PREFEITURA MUNICIPAL DE UBERLÂNDIA;Restituição IPTU Principal;SECRETARIA MUNICIPAL DE FINANÇAS;06;-13741.44;0.00
02;9211125001;2022;100;Recursos Não Vinculados de Impostos/ Recursos Ordinários;4;PREFEITURA MUNICIPAL DE UBERLÂNDIA;Restituição IPTU Principal;SECRETARIA MUNICIPAL DE FINANÇAS;06;-4118.71;0.00
02;9211125001;2022;101;Receitas de Impostos e de Transferências de Impostos Vinculados à Educação;4;PREFEITURA MUNICIPAL DE UBERLÂNDIA;Restituição IPTU Principal;SECRETARIA MUNICIPAL DE FINANÇAS;06;-2440.14;0.00
02;9211125001;2022;102;Receitas de Impostos e de Transferências de Impostos Vinculados à Saúde;4;PREFEITURA MUNICIPAL DE UBERLÂNDIA;Restituição IPTU Principal;SECRETARIA MUNICIPAL DE FINANÇAS;06;-2962.19;0.00
02;9211125001;2022;100;Recursos Não Vinculados de Impostos/ Recursos Ordinários;5;PREFEITURA MUNICIPAL DE UBERLÂNDIA;Restituição IPTU Principal;SECRETARIA MUNICIPAL DE FINANÇAS;06;-6970.85;0.00
02;9211125001;2022;101;Receitas de Impostos e de Transferências de Impostos Vinculados à Educação;5;PREFEITURA MUNICIPAL DE UBERLÂNDIA;Restituição IPTU Principal;SECRETARIA MUNICIPAL DE FINANÇAS;06;-4130.49;0.00
02;9211125001;2022;102;Receitas de Impostos e de Transferências de Impostos Vinculados à Saúde;5;PREFEITURA MUNICIPAL DE UBERLÂNDIA;Restituição IPTU Principal;SECRETARIA MUNICIPAL DE FINANÇAS;06;-5012.96;0.00
02;9211125001;2022;100;Recursos Não Vinculados de Impostos/ Recursos Ordinários;6;PREFEITURA MUNICIPAL DE UBERLÂNDIA;Restituição IPTU Principal;SECRETARIA MUNICIPAL DE FINANÇAS;06;-7173.18;0.00
02;9211125001;2022;101;Receitas de Impostos e de Transferências de Impostos Vinculados à Educação;6;PREFEITURA MUNICIPAL DE UBERLÂNDIA;Restituição IPTU Principal;SECRETARIA MUNICIPAL DE FINANÇAS;06;-4249.77;0.00
02;9211125001;2022;102;Receitas de Impostos e de Transferências de Impostos Vinculados à Saúde;6;PREFEITURA MUNICIPAL DE UBERLÂNDIA;Restituição IPTU Principal;SECRETARIA MUNICIPAL DE FINANÇAS;06;-5159.30;0.00
02;9211125001;2022;100;Recursos Não Vinculados de Impostos/ Recursos Ordinários;7;PREFEITURA MUNICIPAL DE UBERLÂNDIA;Restituição IPTU Principal;SECRETARIA MUNICIPAL DE FINANÇAS;06;-4635.28;0.00
02;9211125001;2022;101;Receitas de Impostos e de Transferências de Impostos Vinculados à Educação;7;PREFEITURA MUNICIPAL DE UBERLÂNDIA;Restituição IPTU Principal;SECRETARIA MUNICIPAL DE FINANÇAS;06;-2746.46;0.00
02;9211125001;2022;102;Receitas de Impostos e de Transferências de Impostos Vinculados à Saúde;7;PREFEITURA MUNICIPAL DE UBERLÂNDIA;Restituição IPTU Principal;SECRETARIA MUNICIPAL DE FINANÇAS;06;-3333.39;0.00
02;9211125001;2022;100;Recursos Não Vinculados de Impostos/ Recursos Ordinários;8;PREFEITURA MUNICIPAL DE UBERLÂNDIA;Restituição IPTU Principal;SECRETARIA MUNICIPAL DE FINANÇAS;06;-932.48;0.00
02;9211125001;2022;101;Receitas de Impostos e de Transferências de Impostos Vinculados à Educação;8;PREFEITURA MUNICIPAL DE UBERLÂNDIA;Restituição IPTU Principal;SECRETARIA MUNICIPAL DE FINANÇAS;06;-552.57;0.00
02;9211125001;2022;102;Receitas de Impostos e de Transferências de Impostos Vinculados à Saúde;8;PREFEITURA MUNICIPAL DE UBERLÂNDIA;Restituição IPTU Principal;SECRETARIA MUNICIPAL DE FINANÇAS;06;-670.58;0.00
02;9211125001;2022;100;Recursos Não Vinculados de Impostos/ Recursos Ordinários;9;PREFEITURA MUNICIPAL DE UBERLÂNDIA;Restituição IPTU Principal;SECRETARIA MUNICIPAL DE FINANÇAS;06;-441.26;0.00
02;9211125001;2022;101;Receitas de Impostos e de Transferências de Impostos Vinculados à Educação;9;PREFEITURA MUNICIPAL DE UBERLÂNDIA;Restituição IPTU Principal;SECRETARIA MUNICIPAL DE FINANÇAS;06;-261.50;0.00
02;9211125001;2022;102;Receitas de Impostos e de Transferências de Impostos Vinculados à Saúde;9;PREFEITURA MUNICIPAL DE UBERLÂNDIA;Restituição IPTU Principal;SECRETARIA MUNICIPAL DE FINANÇAS;06;-317.32;0.00
02;9211125001;2022;100;Recursos Não Vinculados de Impostos/ Recursos Ordinários;10;PREFEITURA MUNICIPAL DE UBERLÂNDIA;Restituição IPTU Principal;SECRETARIA MUNICIPAL DE FINANÇAS;06;-876.09;0.00
02;9211125001;2022;101;Receitas de Impostos e de Transferências de Impostos Vinculados à Educação;10;PREFEITURA MUNICIPAL DE UBERLÂNDIA;Restituição IPTU Principal;SECRETARIA MUNICIPAL DE FINANÇAS;06;-519.10;0.00
02;9211125001;2022;102;Receitas de Impostos e de Transferências de Impostos Vinculados à Saúde;10;PREFEITURA MUNICIPAL DE UBERLÂNDIA;Restituição IPTU Principal;SECRETARIA MUNICIPAL DE FINANÇAS;06;-630.02;0.00
02;9211125001;2022;100;Recursos Não Vinculados de Impostos/ Recursos Ordinários;11;PREFEITURA MUNICIPAL DE UBERLÂNDIA;Restituição IPTU Principal;SECRETARIA MUNICIPAL DE FINANÇAS;06;-189.03;0.00
02;9211125001;2022;101;Receitas de Impostos e de Transferências de Impostos Vinculados à Educação;11;PREFEITURA MUNICIPAL DE UBERLÂNDIA;Restituição IPTU Principal;SECRETARIA MUNICIPAL DE FINANÇAS;06;-112.01;0.00
02;9211125001;2022;102;Receitas de Impostos e de Transferências de Impostos Vinculados à Saúde;11;PREFEITURA MUNICIPAL DE UBERLÂNDIA;Restituição IPTU Principal;SECRETARIA MUNICIPAL DE FINANÇAS;06;-135.94;0.00
02;9211125001;2022;100;Recursos Não Vinculados de Impostos/ Recursos Ordinários;12;PREFEITURA MUNICIPAL DE UBERLÂNDIA;Restituição IPTU Principal;SECRETARIA MUNICIPAL DE FINANÇAS;06;-1803.38;0.00
02;9211125001;2022;101;Receitas de Impostos e de Transferências de Impostos Vinculados à Educação;12;PREFEITURA MUNICIPAL DE UBERLÂNDIA;Restituição IPTU Principal;SECRETARIA MUNICIPAL DE FINANÇAS;06;-1068.29;0.00
02;9211125001;2022;102;Receitas de Impostos e de Transferências de Impostos Vinculados à Saúde;12;PREFEITURA MUNICIPAL DE UBERLÂNDIA;Restituição IPTU Principal;SECRETARIA MUNICIPAL DE FINANÇAS;06;-1296.72;0.00
02;9211125002;2022;100;Recursos Não Vinculados de Impostos/ Recursos Ordinários;1;PREFEITURA MUNICIPAL DE UBERLÂNDIA;Restituição IPTU - Multas e Juros;SECRETARIA MUNICIPAL DE FINANÇAS;06;-1.24;0.00
02;9211125002;2022;101;Receitas de Impostos e de Transferências de Impostos Vinculados à Educação;1;PREFEITURA MUNICIPAL DE UBERLÂNDIA;Restituição IPTU - Multas e Juros;SECRETARIA MUNICIPAL DE FINANÇAS;06;-1.01;0.00
02;9211125002;2022;102;Receitas de Impostos e de Transferências de Impostos Vinculados à Saúde;1;PREFEITURA MUNICIPAL DE UBERLÂNDIA;Restituição IPTU - Multas e Juros;SECRETARIA MUNICIPAL DE FINANÇAS;06;-1.71;0.00
02;9211125002;2022;100;Recursos Não Vinculados de Impostos/ Recursos Ordinários;2;PREFEITURA MUNICIPAL DE UBERLÂNDIA;Restituição IPTU - Multas e Juros;SECRETARIA MUNICIPAL DE FINANÇAS;06;-22.91;0.00
02;9211125002;2022;101;Receitas de Impostos e de Transferências de Impostos Vinculados à Educação;2;PREFEITURA MUNICIPAL DE UBERLÂNDIA;Restituição IPTU - Multas e Juros;SECRETARIA MUNICIPAL DE FINANÇAS;06;-18.79;0.00
02;9211125002;2022;102;Receitas de Impostos e de Transferências de Impostos Vinculados à Saúde;2;PREFEITURA MUNICIPAL DE UBERLÂNDIA;Restituição IPTU - Multas e Juros;SECRETARIA MUNICIPAL DE FINANÇAS;06;-31.75;0.00
02;9211125002;2022;100;Recursos Não Vinculados de Impostos/ Recursos Ordinários;3;PREFEITURA MUNICIPAL DE UBERLÂNDIA;Restituição IPTU - Multas e Juros;SECRETARIA MUNICIPAL DE FINANÇAS;06;-7.21;0.00
02;9211125002;2022;101;Receitas de Impostos e de Transferências de Impostos Vinculados à Educação;3;PREFEITURA MUNICIPAL DE UBERLÂNDIA;Restituição IPTU - Multas e Juros;SECRETARIA MUNICIPAL DE FINANÇAS;06;-5.93;0.00
02;9211125002;2022;102;Receitas de Impostos e de Transferências de Impostos Vinculados à Saúde;3;PREFEITURA MUNICIPAL DE UBERLÂNDIA;Restituição IPTU - Multas e Juros;SECRETARIA MUNICIPAL DE FINANÇAS;06;-10.02;0.00
02;9211125002;2022;100;Recursos Não Vinculados de Impostos/ Recursos Ordinários;4;PREFEITURA MUNICIPAL DE UBERLÂNDIA;Restituição IPTU - Multas e Juros;SECRETARIA MUNICIPAL DE FINANÇAS;06;-35.76;0.00
02;9211125002;2022;101;Receitas de Impostos e de Transferências de Impostos Vinculados à Educação;4;PREFEITURA MUNICIPAL DE UBERLÂNDIA;Restituição IPTU - Multas e Juros;SECRETARIA MUNICIPAL DE FINANÇAS;06;-21.18;0.00
02;9211125002;2022;102;Receitas de Impostos e de Transferências de Impostos Vinculados à Saúde;4;PREFEITURA MUNICIPAL DE UBERLÂNDIA;Restituição IPTU - Multas e Juros;SECRETARIA MUNICIPAL DE FINANÇAS;06;-25.73;0.00
02;9211125002;2022;100;Recursos Não Vinculados de Impostos/ Recursos Ordinários;6;PREFEITURA MUNICIPAL DE UBERLÂNDIA;Restituição IPTU - Multas e Juros;SECRETARIA MUNICIPAL DE FINANÇAS;06;-1.07;0.00
02;9211125002;2022;101;Receitas de Impostos e de Transferências de Impostos Vinculados à Educação;6;PREFEITURA MUNICIPAL DE UBERLÂNDIA;Restituição IPTU - Multas e Juros;SECRETARIA MUNICIPAL DE FINANÇAS;06;-0.63;0.00
02;9211125002;2022;102;Receitas de Impostos e de Transferências de Impostos Vinculados à Saúde;6;PREFEITURA MUNICIPAL DE UBERLÂNDIA;Restituição IPTU - Multas e Juros;SECRETARIA MUNICIPAL DE FINANÇAS;06;-0.78;0.00
02;9211125002;2022;100;Recursos Não Vinculados de Impostos/ Recursos Ordinários;7;PREFEITURA MUNICIPAL DE UBERLÂNDIA;Restituição IPTU - Multas e Juros;SECRETARIA MUNICIPAL DE FINANÇAS;06;-15.88;0.00
02;9211125002;2022;101;Receitas de Impostos e de Transferências de Impostos Vinculados à Educação;7;PREFEITURA MUNICIPAL DE UBERLÂNDIA;Restituição IPTU - Multas e Juros;SECRETARIA MUNICIPAL DE FINANÇAS;06;-9.43;0.00
02;9211125002;2022;102;Receitas de Impostos e de Transferências de Impostos Vinculados à Saúde;7;PREFEITURA MUNICIPAL DE UBERLÂNDIA;Restituição IPTU - Multas e Juros;SECRETARIA MUNICIPAL DE FINANÇAS;06;-11.41;0.00
02;9211125002;2022;100;Recursos Não Vinculados de Impostos/ Recursos Ordinários;12;PREFEITURA MUNICIPAL DE UBERLÂNDIA;Restituição IPTU - Multas e Juros;SECRETARIA MUNICIPAL DE FINANÇAS;06;-28.44;0.00
02;9211125002;2022;101;Receitas de Impostos e de Transferências de Impostos Vinculados à Educação;12;PREFEITURA MUNICIPAL DE UBERLÂNDIA;Restituição IPTU - Multas e Juros;SECRETARIA MUNICIPAL DE FINANÇAS;06;-16.79;0.00
02;9211125002;2022;102;Receitas de Impostos e de Transferências de Impostos Vinculados à Saúde;12;PREFEITURA MUNICIPAL DE UBERLÂNDIA;Restituição IPTU - Multas e Juros;SECRETARIA MUNICIPAL DE FINANÇAS;06;-20.39;0.00
02;9211125003;2022;100;Recursos Não Vinculados de Impostos/ Recursos Ordinários;1;PREFEITURA MUNICIPAL DE UBERLÂNDIA;Restituição IPTU - Dívida Ativa Principal;SECRETARIA MUNICIPAL DE FINANÇAS;06;-71.51;0.00
02;9211125003;2022;101;Receitas de Impostos e de Transferências de Impostos Vinculados à Educação;1;PREFEITURA MUNICIPAL DE UBERLÂNDIA;Restituição IPTU - Dívida Ativa Principal;SECRETARIA MUNICIPAL DE FINANÇAS;06;-58.90;0.00
02;9211125003;2022;102;Receitas de Impostos e de Transferências de Impostos Vinculados à Saúde;1;PREFEITURA MUNICIPAL DE UBERLÂNDIA;Restituição IPTU - Dívida Ativa Principal;SECRETARIA MUNICIPAL DE FINANÇAS;06;-99.41;0.00
02;9211125003;2022;100;Recursos Não Vinculados de Impostos/ Recursos Ordinários;2;PREFEITURA MUNICIPAL DE UBERLÂNDIA;Restituição IPTU - Dívida Ativa Principal;SECRETARIA MUNICIPAL DE FINANÇAS;06;-82.19;0.00
02;9211125003;2022;101;Receitas de Impostos e de Transferências de Impostos Vinculados à Educação;2;PREFEITURA MUNICIPAL DE UBERLÂNDIA;Restituição IPTU - Dívida Ativa Principal;SECRETARIA MUNICIPAL DE FINANÇAS;06;-67.69;0.00
02;9211125003;2022;102;Receitas de Impostos e de Transferências de Impostos Vinculados à Saúde;2;PREFEITURA MUNICIPAL DE UBERLÂNDIA;Restituição IPTU - Dívida Ativa Principal;SECRETARIA MUNICIPAL DE FINANÇAS;06;-114.26;0.00
02;9211125003;2022;100;Recursos Não Vinculados de Impostos/ Recursos Ordinários;3;PREFEITURA MUNICIPAL DE UBERLÂNDIA;Restituição IPTU - Dívida Ativa Principal;SECRETARIA MUNICIPAL DE FINANÇAS;06;-1196.89;0.00
02;9211125003;2022;101;Receitas de Impostos e de Transferências de Impostos Vinculados à Educação;3;PREFEITURA MUNICIPAL DE UBERLÂNDIA;Restituição IPTU - Dívida Ativa Principal;SECRETARIA MUNICIPAL DE FINANÇAS;06;-986.06;0.00
02;9211125003;2022;102;Receitas de Impostos e de Transferências de Impostos Vinculados à Saúde;3;PREFEITURA MUNICIPAL DE UBERLÂNDIA;Restituição IPTU - Dívida Ativa Principal;SECRETARIA MUNICIPAL DE FINANÇAS;06;-1664.36;0.00
02;9211125003;2022;100;Recursos Não Vinculados de Impostos/ Recursos Ordinários;4;PREFEITURA MUNICIPAL DE UBERLÂNDIA;Restituição IPTU - Dívida Ativa Principal;SECRETARIA MUNICIPAL DE FINANÇAS;06;-171.38;0.00
02;9211125003;2022;101;Receitas de Impostos e de Transferências de Impostos Vinculados à Educação;4;PREFEITURA MUNICIPAL DE UBERLÂNDIA;Restituição IPTU - Dívida Ativa Principal;SECRETARIA MUNICIPAL DE FINANÇAS;06;-101.52;0.00
02;9211125003;2022;102;Receitas de Impostos e de Transferências de Impostos Vinculados à Saúde;4;PREFEITURA MUNICIPAL DE UBERLÂNDIA;Restituição IPTU - Dívida Ativa Principal;SECRETARIA MUNICIPAL DE FINANÇAS;06;-123.31;0.00
02;9211125003;2022;100;Recursos Não Vinculados de Impostos/ Recursos Ordinários;5;PREFEITURA MUNICIPAL DE UBERLÂNDIA;Restituição IPTU - Dívida Ativa Principal;SECRETARIA MUNICIPAL DE FINANÇAS;06;-90.61;0.00
02;9211125003;2022;101;Receitas de Impostos e de Transferências de Impostos Vinculados à Educação;5;PREFEITURA MUNICIPAL DE UBERLÂNDIA;Restituição IPTU - Dívida Ativa Principal;SECRETARIA MUNICIPAL DE FINANÇAS;06;-53.72;0.00
02;9211125003;2022;102;Receitas de Impostos e de Transferências de Impostos Vinculados à Saúde;5;PREFEITURA MUNICIPAL DE UBERLÂNDIA;Restituição IPTU - Dívida Ativa Principal;SECRETARIA MUNICIPAL DE FINANÇAS;06;-65.16;0.00
02;9211125003;2022;100;Recursos Não Vinculados de Impostos/ Recursos Ordinários;6;PREFEITURA MUNICIPAL DE UBERLÂNDIA;Restituição IPTU - Dívida Ativa Principal;SECRETARIA MUNICIPAL DE FINANÇAS;06;-87.32;0.00
02;9211125003;2022;101;Receitas de Impostos e de Transferências de Impostos Vinculados à Educação;6;PREFEITURA MUNICIPAL DE UBERLÂNDIA;Restituição IPTU - Dívida Ativa Principal;SECRETARIA MUNICIPAL DE FINANÇAS;06;-51.73;0.00
02;9211125003;2022;102;Receitas de Impostos e de Transferências de Impostos Vinculados à Saúde;6;PREFEITURA MUNICIPAL DE UBERLÂNDIA;Restituição IPTU - Dívida Ativa Principal;SECRETARIA MUNICIPAL DE FINANÇAS;06;-62.81;0.00
02;9211125003;2022;100;Recursos Não Vinculados de Impostos/ Recursos Ordinários;7;PREFEITURA MUNICIPAL DE UBERLÂNDIA;Restituição IPTU - Dívida Ativa Principal;SECRETARIA MUNICIPAL DE FINANÇAS;06;-4410.26;0.00
02;9211125003;2022;101;Receitas de Impostos e de Transferências de Impostos Vinculados à Educação;7;PREFEITURA MUNICIPAL DE UBERLÂNDIA;Restituição IPTU - Dívida Ativa Principal;SECRETARIA MUNICIPAL DE FINANÇAS;06;-2613.00;0.00
02;9211125003;2022;102;Receitas de Impostos e de Transferências de Impostos Vinculados à Saúde;7;PREFEITURA MUNICIPAL DE UBERLÂNDIA;Restituição IPTU - Dívida Ativa Principal;SECRETARIA MUNICIPAL DE FINANÇAS;06;-3171.59;0.00
02;9211125003;2022;100;Recursos Não Vinculados de Impostos/ Recursos Ordinários;9;PREFEITURA MUNICIPAL DE UBERLÂNDIA;Restituição IPTU - Dívida Ativa Principal;SECRETARIA MUNICIPAL DE FINANÇAS;06;-53.65;0.00
02;9211125003;2022;101;Receitas de Impostos e de Transferências de Impostos Vinculados à Educação;9;PREFEITURA MUNICIPAL DE UBERLÂNDIA;Restituição IPTU - Dívida Ativa Principal;SECRETARIA MUNICIPAL DE FINANÇAS;06;-31.80;0.00
02;9211125003;2022;102;Receitas de Impostos e de Transferências de Impostos Vinculados à Saúde;9;PREFEITURA MUNICIPAL DE UBERLÂNDIA;Restituição IPTU - Dívida Ativa Principal;SECRETARIA MUNICIPAL DE FINANÇAS;06;-38.58;0.00
02;9211125003;2022;100;Recursos Não Vinculados de Impostos/ Recursos Ordinários;12;PREFEITURA MUNICIPAL DE UBERLÂNDIA;Restituição IPTU - Dívida Ativa Principal;SECRETARIA MUNICIPAL DE FINANÇAS;06;-66.30;0.00
02;9211125003;2022;101;Receitas de Impostos e de Transferências de Impostos Vinculados à Educação;12;PREFEITURA MUNICIPAL DE UBERLÂNDIA;Restituição IPTU - Dívida Ativa Principal;SECRETARIA MUNICIPAL DE FINANÇAS;06;-39.27;0.00
02;9211125003;2022;102;Receitas de Impostos e de Transferências de Impostos Vinculados à Saúde;12;PREFEITURA MUNICIPAL DE UBERLÂNDIA;Restituição IPTU - Dívida Ativa Principal;SECRETARIA MUNICIPAL DE FINANÇAS;06;-47.67;0.00
02;9211125004;2022;100;Recursos Não Vinculados de Impostos/ Recursos Ordinários;1;PREFEITURA MUNICIPAL DE UBERLÂNDIA;Restituição IPTU - Dívida Ativa - Multas e Juros;SECRETARIA MUNICIPAL DE FINANÇAS;06;-27.45;0.00
02;9211125004;2022;101;Receitas de Impostos e de Transferências de Impostos Vinculados à Educação;1;PREFEITURA MUNICIPAL DE UBERLÂNDIA;Restituição IPTU - Dívida Ativa - Multas e Juros;SECRETARIA MUNICIPAL DE FINANÇAS;06;-22.59;0.00
02;9211125004;2022;102;Receitas de Impostos e de Transferências de Impostos Vinculados à Saúde;1;PREFEITURA MUNICIPAL DE UBERLÂNDIA;Restituição IPTU - Dívida Ativa - Multas e Juros;SECRETARIA MUNICIPAL DE FINANÇAS;06;-38.14;0.00
02;9211125004;2022;100;Recursos Não Vinculados de Impostos/ Recursos Ordinários;2;PREFEITURA MUNICIPAL DE UBERLÂNDIA;Restituição IPTU - Dívida Ativa - Multas e Juros;SECRETARIA MUNICIPAL DE FINANÇAS;06;-19.85;0.00
02;9211125004;2022;101;Receitas de Impostos e de Transferências de Impostos Vinculados à Educação;2;PREFEITURA MUNICIPAL DE UBERLÂNDIA;Restituição IPTU - Dívida Ativa - Multas e Juros;SECRETARIA MUNICIPAL DE FINANÇAS;06;-16.34;0.00
02;9211125004;2022;102;Receitas de Impostos e de Transferências de Impostos Vinculados à Saúde;2;PREFEITURA MUNICIPAL DE UBERLÂNDIA;Restituição IPTU - Dívida Ativa - Multas e Juros;SECRETARIA MUNICIPAL DE FINANÇAS;06;-27.58;0.00
02;9211125004;2022;100;Recursos Não Vinculados de Impostos/ Recursos Ordinários;3;PREFEITURA MUNICIPAL DE UBERLÂNDIA;Restituição IPTU - Dívida Ativa - Multas e Juros;SECRETARIA MUNICIPAL DE FINANÇAS;06;-70.36;0.00
02;9211125004;2022;101;Receitas de Impostos e de Transferências de Impostos Vinculados à Educação;3;PREFEITURA MUNICIPAL DE UBERLÂNDIA;Restituição IPTU - Dívida Ativa - Multas e Juros;SECRETARIA MUNICIPAL DE FINANÇAS;06;-57.96;0.00
02;9211125004;2022;102;Receitas de Impostos e de Transferências de Impostos Vinculados à Saúde;3;PREFEITURA MUNICIPAL DE UBERLÂNDIA;Restituição IPTU - Dívida Ativa - Multas e Juros;SECRETARIA MUNICIPAL DE FINANÇAS;06;-97.85;0.00
02;9211125004;2022;100;Recursos Não Vinculados de Impostos/ Recursos Ordinários;4;PREFEITURA MUNICIPAL DE UBERLÂNDIA;Restituição IPTU - Dívida Ativa - Multas e Juros;SECRETARIA MUNICIPAL DE FINANÇAS;06;-45.80;0.00
02;9211125004;2022;101;Receitas de Impostos e de Transferências de Impostos Vinculados à Educação;4;PREFEITURA MUNICIPAL DE UBERLÂNDIA;Restituição IPTU - Dívida Ativa - Multas e Juros;SECRETARIA MUNICIPAL DE FINANÇAS;06;-27.13;0.00
02;9211125004;2022;102;Receitas de Impostos e de Transferências de Impostos Vinculados à Saúde;4;PREFEITURA MUNICIPAL DE UBERLÂNDIA;Restituição IPTU - Dívida Ativa - Multas e Juros;SECRETARIA MUNICIPAL DE FINANÇAS;06;-33.00;0.00
02;9211125004;2022;100;Recursos Não Vinculados de Impostos/ Recursos Ordinários;5;PREFEITURA MUNICIPAL DE UBERLÂNDIA;Restituição IPTU - Dívida Ativa - Multas e Juros;SECRETARIA MUNICIPAL DE FINANÇAS;06;-22.98;0.00
02;9211125004;2022;101;Receitas de Impostos e de Transferências de Impostos Vinculados à Educação;5;PREFEITURA MUNICIPAL DE UBERLÂNDIA;Restituição IPTU - Dívida Ativa - Multas e Juros;SECRETARIA MUNICIPAL DE FINANÇAS;06;-13.65;0.00
02;9211125004;2022;102;Receitas de Impostos e de Transferências de Impostos Vinculados à Saúde;5;PREFEITURA MUNICIPAL DE UBERLÂNDIA;Restituição IPTU - Dívida Ativa - Multas e Juros;SECRETARIA MUNICIPAL DE FINANÇAS;06;-16.52;0.00
02;9211125004;2022;100;Recursos Não Vinculados de Impostos/ Recursos Ordinários;6;PREFEITURA MUNICIPAL DE UBERLÂNDIA;Restituição IPTU - Dívida Ativa - Multas e Juros;SECRETARIA MUNICIPAL DE FINANÇAS;06;-23.13;0.00
02;9211125004;2022;101;Receitas de Impostos e de Transferências de Impostos Vinculados à Educação;6;PREFEITURA MUNICIPAL DE UBERLÂNDIA;Restituição IPTU - Dívida Ativa - Multas e Juros;SECRETARIA MUNICIPAL DE FINANÇAS;06;-13.70;0.00
02;9211125004;2022;102;Receitas de Impostos e de Transferências de Impostos Vinculados à Saúde;6;PREFEITURA MUNICIPAL DE UBERLÂNDIA;Restituição IPTU - Dívida Ativa - Multas e Juros;SECRETARIA MUNICIPAL DE FINANÇAS;06;-16.64;0.00
02;9211125004;2022;100;Recursos Não Vinculados de Impostos/ Recursos Ordinários;7;PREFEITURA MUNICIPAL DE UBERLÂNDIA;Restituição IPTU - Dívida Ativa - Multas e Juros;SECRETARIA MUNICIPAL DE FINANÇAS;06;-538.35;0.00
02;9211125004;2022;101;Receitas de Impostos e de Transferências de Impostos Vinculados à Educação;7;PREFEITURA MUNICIPAL DE UBERLÂNDIA;Restituição IPTU - Dívida Ativa - Multas e Juros;SECRETARIA MUNICIPAL DE FINANÇAS;06;-319.02;0.00
02;9211125004;2022;102;Receitas de Impostos e de Transferências de Impostos Vinculados à Saúde;7;PREFEITURA MUNICIPAL DE UBERLÂNDIA;Restituição IPTU - Dívida Ativa - Multas e Juros;SECRETARIA MUNICIPAL DE FINANÇAS;06;-387.14;0.00
02;9211125004;2022;100;Recursos Não Vinculados de Impostos/ Recursos Ordinários;9;PREFEITURA MUNICIPAL DE UBERLÂNDIA;Restituição IPTU - Dívida Ativa - Multas e Juros;SECRETARIA MUNICIPAL DE FINANÇAS;06;-15.46;0.00
02;9211125004;2022;101;Receitas de Impostos e de Transferências de Impostos Vinculados à Educação;9;PREFEITURA MUNICIPAL DE UBERLÂNDIA;Restituição IPTU - Dívida Ativa - Multas e Juros;SECRETARIA MUNICIPAL DE FINANÇAS;06;-9.17;0.00
02;9211125004;2022;102;Receitas de Impostos e de Transferências de Impostos Vinculados à Saúde;9;PREFEITURA MUNICIPAL DE UBERLÂNDIA;Restituição IPTU - Dívida Ativa - Multas e Juros;SECRETARIA MUNICIPAL DE FINANÇAS;06;-11.12;0.00
02;9211125004;2022;100;Recursos Não Vinculados de Impostos/ Recursos Ordinários;12;PREFEITURA MUNICIPAL DE UBERLÂNDIA;Restituição IPTU - Dívida Ativa - Multas e Juros;SECRETARIA MUNICIPAL DE FINANÇAS;06;-18.81;0.00
02;9211125004;2022;101;Receitas de Impostos e de Transferências de Impostos Vinculados à Educação;12;PREFEITURA MUNICIPAL DE UBERLÂNDIA;Restituição IPTU - Dívida Ativa - Multas e Juros;SECRETARIA MUNICIPAL DE FINANÇAS;06;-11.13;0.00
02;9211125004;2022;102;Receitas de Impostos e de Transferências de Impostos Vinculados à Saúde;12;PREFEITURA MUNICIPAL DE UBERLÂNDIA;Restituição IPTU - Dívida Ativa - Multas e Juros;SECRETARIA MUNICIPAL DE FINANÇAS;06;-13.51;0.00
02;9211125301;2022;100;Recursos Não Vinculados de Impostos/ Recursos Ordinários;1;PREFEITURA MUNICIPAL DE UBERLÂNDIA;Restituição ITBI Principal;SECRETARIA MUNICIPAL DE FINANÇAS;06;-8937.25;0.00
02;9211125301;2022;101;Receitas de Impostos e de Transferências de Impostos Vinculados à Educação;1;PREFEITURA MUNICIPAL DE UBERLÂNDIA;Restituição ITBI Principal;SECRETARIA MUNICIPAL DE FINANÇAS;06;-7362.91;0.00
02;9211125301;2022;102;Receitas de Impostos e de Transferências de Impostos Vinculados à Saúde;1;PREFEITURA MUNICIPAL DE UBERLÂNDIA;Restituição ITBI Principal;SECRETARIA MUNICIPAL DE FINANÇAS;06;-12427.62;0.00
02;9211125301;2022;100;Recursos Não Vinculados de Impostos/ Recursos Ordinários;2;PREFEITURA MUNICIPAL DE UBERLÂNDIA;Restituição ITBI Principal;SECRETARIA MUNICIPAL DE FINANÇAS;06;-6532.43;0.00
02;9211125301;2022;101;Receitas de Impostos e de Transferências de Impostos Vinculados à Educação;2;PREFEITURA MUNICIPAL DE UBERLÂNDIA;Restituição ITBI Principal;SECRETARIA MUNICIPAL DE FINANÇAS;06;-5381.73;0.00
02;9211125301;2022;102;Receitas de Impostos e de Transferências de Impostos Vinculados à Saúde;2;PREFEITURA MUNICIPAL DE UBERLÂNDIA;Restituição ITBI Principal;SECRETARIA MUNICIPAL DE FINANÇAS;06;-9083.65;0.00
02;9211125301;2022;100;Recursos Não Vinculados de Impostos/ Recursos Ordinários;3;PREFEITURA MUNICIPAL DE UBERLÂNDIA;Restituição ITBI Principal;SECRETARIA MUNICIPAL DE FINANÇAS;06;-23462.65;0.00
02;9211125301;2022;101;Receitas de Impostos e de Transferências de Impostos Vinculados à Educação;3;PREFEITURA MUNICIPAL DE UBERLÂNDIA;Restituição ITBI Principal;SECRETARIA MUNICIPAL DE FINANÇAS;06;-19329.72;0.00
02;9211125301;2022;102;Receitas de Impostos e de Transferências de Impostos Vinculados à Saúde;3;PREFEITURA MUNICIPAL DE UBERLÂNDIA;Restituição ITBI Principal;SECRETARIA MUNICIPAL DE FINANÇAS;06;-32626.03;0.00
02;9211125301;2022;100;Recursos Não Vinculados de Impostos/ Recursos Ordinários;4;PREFEITURA MUNICIPAL DE UBERLÂNDIA;Restituição ITBI Principal;SECRETARIA MUNICIPAL DE FINANÇAS;06;-24936.99;0.00
02;9211125301;2022;101;Receitas de Impostos e de Transferências de Impostos Vinculados à Educação;4;PREFEITURA MUNICIPAL DE UBERLÂNDIA;Restituição ITBI Principal;SECRETARIA MUNICIPAL DE FINANÇAS;06;-14774.27;0.00
02;9211125301;2022;102;Receitas de Impostos e de Transferências de Impostos Vinculados à Saúde;4;PREFEITURA MUNICIPAL DE UBERLÂNDIA;Restituição ITBI Principal;SECRETARIA MUNICIPAL DE FINANÇAS;06;-17933.20;0.00
02;9211125301;2022;100;Recursos Não Vinculados de Impostos/ Recursos Ordinários;5;PREFEITURA MUNICIPAL DE UBERLÂNDIA;Restituição ITBI Principal;SECRETARIA MUNICIPAL DE FINANÇAS;06;-13389.92;0.00
02;9211125301;2022;101;Receitas de Impostos e de Transferências de Impostos Vinculados à Educação;5;PREFEITURA MUNICIPAL DE UBERLÂNDIA;Restituição ITBI Principal;SECRETARIA MUNICIPAL DE FINANÇAS;06;-7933.06;0.00
02;9211125301;2022;102;Receitas de Impostos e de Transferências de Impostos Vinculados à Saúde;5;PREFEITURA MUNICIPAL DE UBERLÂNDIA;Restituição ITBI Principal;SECRETARIA MUNICIPAL DE FINANÇAS;06;-9629.22;0.00
02;9211125301;2022;100;Recursos Não Vinculados de Impostos/ Recursos Ordinários;6;PREFEITURA MUNICIPAL DE UBERLÂNDIA;Restituição ITBI Principal;SECRETARIA MUNICIPAL DE FINANÇAS;06;-6629.60;0.00
02;9211125301;2022;101;Receitas de Impostos e de Transferências de Impostos Vinculados à Educação;6;PREFEITURA MUNICIPAL DE UBERLÂNDIA;Restituição ITBI Principal;SECRETARIA MUNICIPAL DE FINANÇAS;06;-3927.80;0.00
02;9211125301;2022;102;Receitas de Impostos e de Transferências de Impostos Vinculados à Saúde;6;PREFEITURA MUNICIPAL DE UBERLÂNDIA;Restituição ITBI Principal;SECRETARIA MUNICIPAL DE FINANÇAS;06;-4767.65;0.00
02;9211125301;2022;100;Recursos Não Vinculados de Impostos/ Recursos Ordinários;7;PREFEITURA MUNICIPAL DE UBERLÂNDIA;Restituição ITBI Principal;SECRETARIA MUNICIPAL DE FINANÇAS;06;-15098.10;0.00
02;9211125301;2022;101;Receitas de Impostos e de Transferências de Impostos Vinculados à Educação;7;PREFEITURA MUNICIPAL DE UBERLÂNDIA;Restituição ITBI Principal;SECRETARIA MUNICIPAL DE FINANÇAS;06;-8945.09;0.00
02;9211125301;2022;102;Receitas de Impostos e de Transferências de Impostos Vinculados à Saúde;7;PREFEITURA MUNICIPAL DE UBERLÂNDIA;Restituição ITBI Principal;SECRETARIA MUNICIPAL DE FINANÇAS;06;-10857.65;0.00
02;9211125301;2022;100;Recursos Não Vinculados de Impostos/ Recursos Ordinários;8;PREFEITURA MUNICIPAL DE UBERLÂNDIA;Restituição ITBI Principal;SECRETARIA MUNICIPAL DE FINANÇAS;06;-13628.37;0.00
02;9211125301;2022;101;Receitas de Impostos e de Transferências de Impostos Vinculados à Educação;8;PREFEITURA MUNICIPAL DE UBERLÂNDIA;Restituição ITBI Principal;SECRETARIA MUNICIPAL DE FINANÇAS;06;-8074.33;0.00
02;9211125301;2022;102;Receitas de Impostos e de Transferências de Impostos Vinculados à Saúde;8;PREFEITURA MUNICIPAL DE UBERLÂNDIA;Restituição ITBI Principal;SECRETARIA MUNICIPAL DE FINANÇAS;06;-9800.70;0.00
02;9211125301;2022;100;Recursos Não Vinculados de Impostos/ Recursos Ordinários;9;PREFEITURA MUNICIPAL DE UBERLÂNDIA;Restituição ITBI Principal;SECRETARIA MUNICIPAL DE FINANÇAS;06;-34199.92;0.00
02;9211125301;2022;101;Receitas de Impostos e de Transferências de Impostos Vinculados à Educação;9;PREFEITURA MUNICIPAL DE UBERLÂNDIA;Restituição ITBI Principal;SECRETARIA MUNICIPAL DE FINANÇAS;06;-20262.30;0.00
02;9211125301;2022;102;Receitas de Impostos e de Transferências de Impostos Vinculados à Saúde;9;PREFEITURA MUNICIPAL DE UBERLÂNDIA;Restituição ITBI Principal;SECRETARIA MUNICIPAL DE FINANÇAS;06;-24594.52;0.00
02;9211125301;2022;100;Recursos Não Vinculados de Impostos/ Recursos Ordinários;10;PREFEITURA MUNICIPAL DE UBERLÂNDIA;Restituição ITBI Principal;SECRETARIA MUNICIPAL DE FINANÇAS;06;-17480.04;0.00
02;9211125301;2022;101;Receitas de Impostos e de Transferências de Impostos Vinculados à Educação;10;PREFEITURA MUNICIPAL DE UBERLÂNDIA;Restituição ITBI Principal;SECRETARIA MUNICIPAL DE FINANÇAS;06;-10356.34;0.00
02;9211125301;2022;102;Receitas de Impostos e de Transferências de Impostos Vinculados à Saúde;10;PREFEITURA MUNICIPAL DE UBERLÂNDIA;Restituição ITBI Principal;SECRETARIA MUNICIPAL DE FINANÇAS;06;-12570.59;0.00
02;9211125301;2022;100;Recursos Não Vinculados de Impostos/ Recursos Ordinários;11;PREFEITURA MUNICIPAL DE UBERLÂNDIA;Restituição ITBI Principal;SECRETARIA MUNICIPAL DE FINANÇAS;06;-5824.74;0.00
02;9211125301;2022;101;Receitas de Impostos e de Transferências de Impostos Vinculados à Educação;11;PREFEITURA MUNICIPAL DE UBERLÂNDIA;Restituição ITBI Principal;SECRETARIA MUNICIPAL DE FINANÇAS;06;-3451.04;0.00
02;9211125301;2022;102;Receitas de Impostos e de Transferências de Impostos Vinculados à Saúde;11;PREFEITURA MUNICIPAL DE UBERLÂNDIA;Restituição ITBI Principal;SECRETARIA MUNICIPAL DE FINANÇAS;06;-4188.80;0.00
02;9211125301;2022;100;Recursos Não Vinculados de Impostos/ Recursos Ordinários;12;PREFEITURA MUNICIPAL DE UBERLÂNDIA;Restituição ITBI Principal;SECRETARIA MUNICIPAL DE FINANÇAS;06;-34627.05;0.00
02;9211125301;2022;101;Receitas de Impostos e de Transferências de Impostos Vinculados à Educação;12;PREFEITURA MUNICIPAL DE UBERLÂNDIA;Restituição ITBI Principal;SECRETARIA MUNICIPAL DE FINANÇAS;06;-20515.27;0.00
02;9211125301;2022;102;Receitas de Impostos e de Transferências de Impostos Vinculados à Saúde;12;PREFEITURA MUNICIPAL DE UBERLÂNDIA;Restituição ITBI Principal;SECRETARIA MUNICIPAL DE FINANÇAS;06;-24901.68;0.00
02;9211130341;2022;100;Recursos Não Vinculados de Impostos/ Recursos Ordinários;12;PREFEITURA MUNICIPAL DE UBERLÂNDIA;Restituição - IRRF - Outros Rendimentos;SECRETARIA MUNICIPAL DE FINANÇAS;06;-268.21;0.00
02;9211130341;2022;101;Receitas de Impostos e de Transferências de Impostos Vinculados à Educação;12;PREFEITURA MUNICIPAL DE UBERLÂNDIA;Restituição - IRRF - Outros Rendimentos;SECRETARIA MUNICIPAL DE FINANÇAS;06;-158.89;0.00
02;9211130341;2022;102;Receitas de Impostos e de Transferências de Impostos Vinculados à Saúde;12;PREFEITURA MUNICIPAL DE UBERLÂNDIA;Restituição - IRRF - Outros Rendimentos;SECRETARIA MUNICIPAL DE FINANÇAS;06;-192.86;0.00
02;9211145111;2022;100;Recursos Não Vinculados de Impostos/ Recursos Ordinários;1;PREFEITURA MUNICIPAL DE UBERLÂNDIA;Restituição ISS Principal;SECRETARIA MUNICIPAL DE FINANÇAS;06;-1577.44;0.00
02;9211145111;2022;101;Receitas de Impostos e de Transferências de Impostos Vinculados à Educação;1;PREFEITURA MUNICIPAL DE UBERLÂNDIA;Restituição ISS Principal;SECRETARIA MUNICIPAL DE FINANÇAS;06;-1299.47;0.00
02;9211145111;2022;102;Receitas de Impostos e de Transferências de Impostos Vinculados à Saúde;1;PREFEITURA MUNICIPAL DE UBERLÂNDIA;Restituição ISS Principal;SECRETARIA MUNICIPAL DE FINANÇAS;06;-2193.36;0.00
02;9211145111;2022;100;Recursos Não Vinculados de Impostos/ Recursos Ordinários;2;PREFEITURA MUNICIPAL DE UBERLÂNDIA;Restituição ISS Principal;SECRETARIA MUNICIPAL DE FINANÇAS;06;-2115.73;0.00
02;9211145111;2022;101;Receitas de Impostos e de Transferências de Impostos Vinculados à Educação;2;PREFEITURA MUNICIPAL DE UBERLÂNDIA;Restituição ISS Principal;SECRETARIA MUNICIPAL DE FINANÇAS;06;-1742.95;0.00
02;9211145111;2022;102;Receitas de Impostos e de Transferências de Impostos Vinculados à Saúde;2;PREFEITURA MUNICIPAL DE UBERLÂNDIA;Restituição ISS Principal;SECRETARIA MUNICIPAL DE FINANÇAS;06;-2941.91;0.00
02;9211145111;2022;100;Recursos Não Vinculados de Impostos/ Recursos Ordinários;3;PREFEITURA MUNICIPAL DE UBERLÂNDIA;Restituição ISS Principal;SECRETARIA MUNICIPAL DE FINANÇAS;06;-6103.24;0.00
02;9211145111;2022;101;Receitas de Impostos e de Transferências de Impostos Vinculados à Educação;3;PREFEITURA MUNICIPAL DE UBERLÂNDIA;Restituição ISS Principal;SECRETARIA MUNICIPAL DE FINANÇAS;06;-5027.76;0.00
02;9211145111;2022;102;Receitas de Impostos e de Transferências de Impostos Vinculados à Saúde;3;PREFEITURA MUNICIPAL DE UBERLÂNDIA;Restituição ISS Principal;SECRETARIA MUNICIPAL DE FINANÇAS;06;-8486.36;0.00
02;9211145111;2022;100;Recursos Não Vinculados de Impostos/ Recursos Ordinários;4;PREFEITURA MUNICIPAL DE UBERLÂNDIA;Restituição ISS Principal;SECRETARIA MUNICIPAL DE FINANÇAS;06;-1065.05;0.00
02;9211145111;2022;101;Receitas de Impostos e de Transferências de Impostos Vinculados à Educação;4;PREFEITURA MUNICIPAL DE UBERLÂNDIA;Restituição ISS Principal;SECRETARIA MUNICIPAL DE FINANÇAS;06;-630.99;0.00
02;9211145111;2022;102;Receitas de Impostos e de Transferências de Impostos Vinculados à Saúde;4;PREFEITURA MUNICIPAL DE UBERLÂNDIA;Restituição ISS Principal;SECRETARIA MUNICIPAL DE FINANÇAS;06;-766.02;0.00
02;9211145111;2022;100;Recursos Não Vinculados de Impostos/ Recursos Ordinários;5;PREFEITURA MUNICIPAL DE UBERLÂNDIA;Restituição ISS Principal;SECRETARIA MUNICIPAL DE FINANÇAS;06;-6961.85;0.00
02;9211145111;2022;101;Receitas de Impostos e de Transferências de Impostos Vinculados à Educação;5;PREFEITURA MUNICIPAL DE UBERLÂNDIA;Restituição ISS Principal;SECRETARIA MUNICIPAL DE FINANÇAS;06;-4124.78;0.00
02;9211145111;2022;102;Receitas de Impostos e de Transferências de Impostos Vinculados à Saúde;5;PREFEITURA MUNICIPAL DE UBERLÂNDIA;Restituição ISS Principal;SECRETARIA MUNICIPAL DE FINANÇAS;06;-5006.55;0.00
02;9211145111;2022;100;Recursos Não Vinculados de Impostos/ Recursos Ordinários;6;PREFEITURA MUNICIPAL DE UBERLÂNDIA;Restituição ISS Principal;SECRETARIA MUNICIPAL DE FINANÇAS;06;-9373.32;0.00
02;9211145111;2022;101;Receitas de Impostos e de Transferências de Impostos Vinculados à Educação;6;PREFEITURA MUNICIPAL DE UBERLÂNDIA;Restituição ISS Principal;SECRETARIA MUNICIPAL DE FINANÇAS;06;-5553.36;0.00
02;9211145111;2022;102;Receitas de Impostos e de Transferências de Impostos Vinculados à Saúde;6;PREFEITURA MUNICIPAL DE UBERLÂNDIA;Restituição ISS Principal;SECRETARIA MUNICIPAL DE FINANÇAS;06;-6740.84;0.00
02;9211145111;2022;100;Recursos Não Vinculados de Impostos/ Recursos Ordinários;7;PREFEITURA MUNICIPAL DE UBERLÂNDIA;Restituição ISS Principal;SECRETARIA MUNICIPAL DE FINANÇAS;06;-7207.19;0.00
02;9211145111;2022;101;Receitas de Impostos e de Transferências de Impostos Vinculados à Educação;7;PREFEITURA MUNICIPAL DE UBERLÂNDIA;Restituição ISS Principal;SECRETARIA MUNICIPAL DE FINANÇAS;06;-4270.11;0.00
02;9211145111;2022;102;Receitas de Impostos e de Transferências de Impostos Vinculados à Saúde;7;PREFEITURA MUNICIPAL DE UBERLÂNDIA;Restituição ISS Principal;SECRETARIA MUNICIPAL DE FINANÇAS;06;-5182.98;0.00
02;9211145111;2022;100;Recursos Não Vinculados de Impostos/ Recursos Ordinários;8;PREFEITURA MUNICIPAL DE UBERLÂNDIA;Restituição ISS Principal;SECRETARIA MUNICIPAL DE FINANÇAS;06;-3668.12;0.00
02;9211145111;2022;101;Receitas de Impostos e de Transferências de Impostos Vinculados à Educação;8;PREFEITURA MUNICIPAL DE UBERLÂNDIA;Restituição ISS Principal;SECRETARIA MUNICIPAL DE FINANÇAS;06;-2173.29;0.00
02;9211145111;2022;102;Receitas de Impostos e de Transferências de Impostos Vinculados à Saúde;8;PREFEITURA MUNICIPAL DE UBERLÂNDIA;Restituição ISS Principal;SECRETARIA MUNICIPAL DE FINANÇAS;06;-2637.90;0.00
02;9211145111;2022;100;Recursos Não Vinculados de Impostos/ Recursos Ordinários;9;PREFEITURA MUNICIPAL DE UBERLÂNDIA;Restituição ISS Principal;SECRETARIA MUNICIPAL DE FINANÇAS;06;-1322.90;0.00
02;9211145111;2022;101;Receitas de Impostos e de Transferências de Impostos Vinculados à Educação;9;PREFEITURA MUNICIPAL DE UBERLÂNDIA;Restituição ISS Principal;SECRETARIA MUNICIPAL DE FINANÇAS;06;-783.88;0.00
02;9211145111;2022;102;Receitas de Impostos e de Transferências de Impostos Vinculados à Saúde;9;PREFEITURA MUNICIPAL DE UBERLÂNDIA;Restituição ISS Principal;SECRETARIA MUNICIPAL DE FINANÇAS;06;-951.32;0.00
02;9211145111;2022;100;Recursos Não Vinculados de Impostos/ Recursos Ordinários;10;PREFEITURA MUNICIPAL DE UBERLÂNDIA;Restituição ISS Principal;SECRETARIA MUNICIPAL DE FINANÇAS;06;-1283.33;0.00
02;9211145111;2022;101;Receitas de Impostos e de Transferências de Impostos Vinculados à Educação;10;PREFEITURA MUNICIPAL DE UBERLÂNDIA;Restituição ISS Principal;SECRETARIA MUNICIPAL DE FINANÇAS;06;-760.38;0.00
02;9211145111;2022;102;Receitas de Impostos e de Transferências de Impostos Vinculados à Saúde;10;PREFEITURA MUNICIPAL DE UBERLÂNDIA;Restituição ISS Principal;SECRETARIA MUNICIPAL DE FINANÇAS;06;-922.88;0.00
02;9211145111;2022;100;Recursos Não Vinculados de Impostos/ Recursos Ordinários;11;PREFEITURA MUNICIPAL DE UBERLÂNDIA;Restituição ISS Principal;SECRETARIA MUNICIPAL DE FINANÇAS;06;-5621.58;0.00
02;9211145111;2022;101;Receitas de Impostos e de Transferências de Impostos Vinculados à Educação;11;PREFEITURA MUNICIPAL DE UBERLÂNDIA;Restituição ISS Principal;SECRETARIA MUNICIPAL DE FINANÇAS;06;-3330.68;0.00
02;9211145111;2022;102;Receitas de Impostos e de Transferências de Impostos Vinculados à Saúde;11;PREFEITURA MUNICIPAL DE UBERLÂNDIA;Restituição ISS Principal;SECRETARIA MUNICIPAL DE FINANÇAS;06;-4042.71;0.00
02;9211145111;2022;100;Recursos Não Vinculados de Impostos/ Recursos Ordinários;12;PREFEITURA MUNICIPAL DE UBERLÂNDIA;Restituição ISS Principal;SECRETARIA MUNICIPAL DE FINANÇAS;06;-7937.56;0.00
02;9211145111;2022;101;Receitas de Impostos e de Transferências de Impostos Vinculados à Educação;12;PREFEITURA MUNICIPAL DE UBERLÂNDIA;Restituição ISS Principal;SECRETARIA MUNICIPAL DE FINANÇAS;06;-4702.65;0.00
02;9211145111;2022;102;Receitas de Impostos e de Transferências de Impostos Vinculados à Saúde;12;PREFEITURA MUNICIPAL DE UBERLÂNDIA;Restituição ISS Principal;SECRETARIA MUNICIPAL DE FINANÇAS;06;-5708.15;0.00
02;9211145112;2022;100;Recursos Não Vinculados de Impostos/ Recursos Ordinários;1;PREFEITURA MUNICIPAL DE UBERLÂNDIA;Restituição ISS - Multas e Juros;SECRETARIA MUNICIPAL DE FINANÇAS;06;-121.30;0.00
02;9211145112;2022;101;Receitas de Impostos e de Transferências de Impostos Vinculados à Educação;1;PREFEITURA MUNICIPAL DE UBERLÂNDIA;Restituição ISS - Multas e Juros;SECRETARIA MUNICIPAL DE FINANÇAS;06;-99.91;0.00
02;9211145112;2022;102;Receitas de Impostos e de Transferências de Impostos Vinculados à Saúde;1;PREFEITURA MUNICIPAL DE UBERLÂNDIA;Restituição ISS - Multas e Juros;SECRETARIA MUNICIPAL DE FINANÇAS;06;-168.64;0.00
02;9211145112;2022;100;Recursos Não Vinculados de Impostos/ Recursos Ordinários;2;PREFEITURA MUNICIPAL DE UBERLÂNDIA;Restituição ISS - Multas e Juros;SECRETARIA MUNICIPAL DE FINANÇAS;06;-19.90;0.00
02;9211145112;2022;101;Receitas de Impostos e de Transferências de Impostos Vinculados à Educação;2;PREFEITURA MUNICIPAL DE UBERLÂNDIA;Restituição ISS - Multas e Juros;SECRETARIA MUNICIPAL DE FINANÇAS;06;-16.38;0.00
02;9211145112;2022;102;Receitas de Impostos e de Transferências de Impostos Vinculados à Saúde;2;PREFEITURA MUNICIPAL DE UBERLÂNDIA;Restituição ISS - Multas e Juros;SECRETARIA MUNICIPAL DE FINANÇAS;06;-27.64;0.00
02;9211145112;2022;100;Recursos Não Vinculados de Impostos/ Recursos Ordinários;3;PREFEITURA MUNICIPAL DE UBERLÂNDIA;Restituição ISS - Multas e Juros;SECRETARIA MUNICIPAL DE FINANÇAS;06;-85.03;0.00
02;9211145112;2022;101;Receitas de Impostos e de Transferências de Impostos Vinculados à Educação;3;PREFEITURA MUNICIPAL DE UBERLÂNDIA;Restituição ISS - Multas e Juros;SECRETARIA MUNICIPAL DE FINANÇAS;06;-70.03;0.00
02;9211145112;2022;102;Receitas de Impostos e de Transferências de Impostos Vinculados à Saúde;3;PREFEITURA MUNICIPAL DE UBERLÂNDIA;Restituição ISS - Multas e Juros;SECRETARIA MUNICIPAL DE FINANÇAS;06;-118.25;0.00
02;9211145112;2022;100;Recursos Não Vinculados de Impostos/ Recursos Ordinários;5;PREFEITURA MUNICIPAL DE UBERLÂNDIA;Restituição ISS - Multas e Juros;SECRETARIA MUNICIPAL DE FINANÇAS;06;-114.61;0.00
02;9211145112;2022;101;Receitas de Impostos e de Transferências de Impostos Vinculados à Educação;5;PREFEITURA MUNICIPAL DE UBERLÂNDIA;Restituição ISS - Multas e Juros;SECRETARIA MUNICIPAL DE FINANÇAS;06;-67.92;0.00
02;9211145112;2022;102;Receitas de Impostos e de Transferências de Impostos Vinculados à Saúde;5;PREFEITURA MUNICIPAL DE UBERLÂNDIA;Restituição ISS - Multas e Juros;SECRETARIA MUNICIPAL DE FINANÇAS;06;-82.41;0.00
02;9211145112;2022;100;Recursos Não Vinculados de Impostos/ Recursos Ordinários;6;PREFEITURA MUNICIPAL DE UBERLÂNDIA;Restituição ISS - Multas e Juros;SECRETARIA MUNICIPAL DE FINANÇAS;06;-35.89;0.00
02;9211145112;2022;101;Receitas de Impostos e de Transferências de Impostos Vinculados à Educação;6;PREFEITURA MUNICIPAL DE UBERLÂNDIA;Restituição ISS - Multas e Juros;SECRETARIA MUNICIPAL DE FINANÇAS;06;-21.26;0.00
02;9211145112;2022;102;Receitas de Impostos e de Transferências de Impostos Vinculados à Saúde;6;PREFEITURA MUNICIPAL DE UBERLÂNDIA;Restituição ISS - Multas e Juros;SECRETARIA MUNICIPAL DE FINANÇAS;06;-25.82;0.00
02;9211145113;2022;100;Recursos Não Vinculados de Impostos/ Recursos Ordinários;2;PREFEITURA MUNICIPAL DE UBERLÂNDIA;Restituição ISS - DA;SECRETARIA MUNICIPAL DE FINANÇAS;06;-22.70;0.00
02;9211145113;2022;101;Receitas de Impostos e de Transferências de Impostos Vinculados à Educação;2;PREFEITURA MUNICIPAL DE UBERLÂNDIA;Restituição ISS - DA;SECRETARIA MUNICIPAL DE FINANÇAS;06;-18.69;0.00
02;9211145113;2022;102;Receitas de Impostos e de Transferências de Impostos Vinculados à Saúde;2;PREFEITURA MUNICIPAL DE UBERLÂNDIA;Restituição ISS - DA;SECRETARIA MUNICIPAL DE FINANÇAS;06;-31.55;0.00
02;9211145113;2022;100;Recursos Não Vinculados de Impostos/ Recursos Ordinários;3;PREFEITURA MUNICIPAL DE UBERLÂNDIA;Restituição ISS - DA;SECRETARIA MUNICIPAL DE FINANÇAS;06;-18.53;0.00
02;9211145113;2022;101;Receitas de Impostos e de Transferências de Impostos Vinculados à Educação;3;PREFEITURA MUNICIPAL DE UBERLÂNDIA;Restituição ISS - DA;SECRETARIA MUNICIPAL DE FINANÇAS;06;-15.25;0.00
02;9211145113;2022;102;Receitas de Impostos e de Transferências de Impostos Vinculados à Saúde;3;PREFEITURA MUNICIPAL DE UBERLÂNDIA;Restituição ISS - DA;SECRETARIA MUNICIPAL DE FINANÇAS;06;-25.74;0.00
02;9211145113;2022;100;Recursos Não Vinculados de Impostos/ Recursos Ordinários;4;PREFEITURA MUNICIPAL DE UBERLÂNDIA;Restituição ISS - DA;SECRETARIA MUNICIPAL DE FINANÇAS;06;-8.51;0.00
02;9211145113;2022;101;Receitas de Impostos e de Transferências de Impostos Vinculados à Educação;4;PREFEITURA MUNICIPAL DE UBERLÂNDIA;Restituição ISS - DA;SECRETARIA MUNICIPAL DE FINANÇAS;06;-5.04;0.00
02;9211145113;2022;102;Receitas de Impostos e de Transferências de Impostos Vinculados à Saúde;4;PREFEITURA MUNICIPAL DE UBERLÂNDIA;Restituição ISS - DA;SECRETARIA MUNICIPAL DE FINANÇAS;06;-6.15;0.00
02;9211145113;2022;100;Recursos Não Vinculados de Impostos/ Recursos Ordinários;5;PREFEITURA MUNICIPAL DE UBERLÂNDIA;Restituição ISS - DA;SECRETARIA MUNICIPAL DE FINANÇAS;06;-1390.60;0.00
02;9211145113;2022;101;Receitas de Impostos e de Transferências de Impostos Vinculados à Educação;5;PREFEITURA MUNICIPAL DE UBERLÂNDIA;Restituição ISS - DA;SECRETARIA MUNICIPAL DE FINANÇAS;06;-823.89;0.00
02;9211145113;2022;102;Receitas de Impostos e de Transferências de Impostos Vinculados à Saúde;5;PREFEITURA MUNICIPAL DE UBERLÂNDIA;Restituição ISS - DA;SECRETARIA MUNICIPAL DE FINANÇAS;06;-1000.03;0.00
02;9211145113;2022;100;Recursos Não Vinculados de Impostos/ Recursos Ordinários;6;PREFEITURA MUNICIPAL DE UBERLÂNDIA;Restituição ISS - DA;SECRETARIA MUNICIPAL DE FINANÇAS;06;-161.21;0.00
02;9211145113;2022;101;Receitas de Impostos e de Transferências de Impostos Vinculados à Educação;6;PREFEITURA MUNICIPAL DE UBERLÂNDIA;Restituição ISS - DA;SECRETARIA MUNICIPAL DE FINANÇAS;06;-95.51;0.00
02;9211145113;2022;102;Receitas de Impostos e de Transferências de Impostos Vinculados à Saúde;6;PREFEITURA MUNICIPAL DE UBERLÂNDIA;Restituição ISS - DA;SECRETARIA MUNICIPAL DE FINANÇAS;06;-115.97;0.00
02;9211145113;2022;100;Recursos Não Vinculados de Impostos/ Recursos Ordinários;7;PREFEITURA MUNICIPAL DE UBERLÂNDIA;Restituição ISS - DA;SECRETARIA MUNICIPAL DE FINANÇAS;06;-101.98;0.00
02;9211145113;2022;101;Receitas de Impostos e de Transferências de Impostos Vinculados à Educação;7;PREFEITURA MUNICIPAL DE UBERLÂNDIA;Restituição ISS - DA;SECRETARIA MUNICIPAL DE FINANÇAS;06;-60.44;0.00
02;9211145113;2022;102;Receitas de Impostos e de Transferências de Impostos Vinculados à Saúde;7;PREFEITURA MUNICIPAL DE UBERLÂNDIA;Restituição ISS - DA;SECRETARIA MUNICIPAL DE FINANÇAS;06;-73.34;0.00
02;9211145113;2022;100;Recursos Não Vinculados de Impostos/ Recursos Ordinários;8;PREFEITURA MUNICIPAL DE UBERLÂNDIA;Restituição ISS - DA;SECRETARIA MUNICIPAL DE FINANÇAS;06;-1299.10;0.00
02;9211145113;2022;101;Receitas de Impostos e de Transferências de Impostos Vinculados à Educação;8;PREFEITURA MUNICIPAL DE UBERLÂNDIA;Restituição ISS - DA;SECRETARIA MUNICIPAL DE FINANÇAS;06;-769.71;0.00
02;9211145113;2022;102;Receitas de Impostos e de Transferências de Impostos Vinculados à Saúde;8;PREFEITURA MUNICIPAL DE UBERLÂNDIA;Restituição ISS - DA;SECRETARIA MUNICIPAL DE FINANÇAS;06;-934.24;0.00
02;9211145114;2022;100;Recursos Não Vinculados de Impostos/ Recursos Ordinários;2;PREFEITURA MUNICIPAL DE UBERLÂNDIA;Restituição ISS - DA - Multas e Juros;SECRETARIA MUNICIPAL DE FINANÇAS;06;-13.66;0.00
02;9211145114;2022;101;Receitas de Impostos e de Transferências de Impostos Vinculados à Educação;2;PREFEITURA MUNICIPAL DE UBERLÂNDIA;Restituição ISS - DA - Multas e Juros;SECRETARIA MUNICIPAL DE FINANÇAS;06;-11.23;0.00
02;9211145114;2022;102;Receitas de Impostos e de Transferências de Impostos Vinculados à Saúde;2;PREFEITURA MUNICIPAL DE UBERLÂNDIA;Restituição ISS - DA - Multas e Juros;SECRETARIA MUNICIPAL DE FINANÇAS;06;-18.96;0.00
02;9211145114;2022;100;Recursos Não Vinculados de Impostos/ Recursos Ordinários;3;PREFEITURA MUNICIPAL DE UBERLÂNDIA;Restituição ISS - DA - Multas e Juros;SECRETARIA MUNICIPAL DE FINANÇAS;06;-43.93;0.00
02;9211145114;2022;101;Receitas de Impostos e de Transferências de Impostos Vinculados à Educação;3;PREFEITURA MUNICIPAL DE UBERLÂNDIA;Restituição ISS - DA - Multas e Juros;SECRETARIA MUNICIPAL DE FINANÇAS;06;-36.17;0.00
02;9211145114;2022;102;Receitas de Impostos e de Transferências de Impostos Vinculados à Saúde;3;PREFEITURA MUNICIPAL DE UBERLÂNDIA;Restituição ISS - DA - Multas e Juros;SECRETARIA MUNICIPAL DE FINANÇAS;06;-61.06;0.00
02;9211145114;2022;100;Recursos Não Vinculados de Impostos/ Recursos Ordinários;4;PREFEITURA MUNICIPAL DE UBERLÂNDIA;Restituição ISS - DA - Multas e Juros;SECRETARIA MUNICIPAL DE FINANÇAS;06;-26.73;0.00
02;9211145114;2022;101;Receitas de Impostos e de Transferências de Impostos Vinculados à Educação;4;PREFEITURA MUNICIPAL DE UBERLÂNDIA;Restituição ISS - DA - Multas e Juros;SECRETARIA MUNICIPAL DE FINANÇAS;06;-15.83;0.00
02;9211145114;2022;102;Receitas de Impostos e de Transferências de Impostos Vinculados à Saúde;4;PREFEITURA MUNICIPAL DE UBERLÂNDIA;Restituição ISS - DA - Multas e Juros;SECRETARIA MUNICIPAL DE FINANÇAS;06;-19.26;0.00
02;9211145114;2022;100;Recursos Não Vinculados de Impostos/ Recursos Ordinários;5;PREFEITURA MUNICIPAL DE UBERLÂNDIA;Restituição ISS - DA - Multas e Juros;SECRETARIA MUNICIPAL DE FINANÇAS;06;-282.64;0.00
02;9211145114;2022;101;Receitas de Impostos e de Transferências de Impostos Vinculados à Educação;5;PREFEITURA MUNICIPAL DE UBERLÂNDIA;Restituição ISS - DA - Multas e Juros;SECRETARIA MUNICIPAL DE FINANÇAS;06;-167.46;0.00
02;9211145114;2022;102;Receitas de Impostos e de Transferências de Impostos Vinculados à Saúde;5;PREFEITURA MUNICIPAL DE UBERLÂNDIA;Restituição ISS - DA - Multas e Juros;SECRETARIA MUNICIPAL DE FINANÇAS;06;-203.26;0.00
02;9211145114;2022;100;Recursos Não Vinculados de Impostos/ Recursos Ordinários;6;PREFEITURA MUNICIPAL DE UBERLÂNDIA;Restituição ISS - DA - Multas e Juros;SECRETARIA MUNICIPAL DE FINANÇAS;06;-316.41;0.00
02;9211145114;2022;101;Receitas de Impostos e de Transferências de Impostos Vinculados à Educação;6;PREFEITURA MUNICIPAL DE UBERLÂNDIA;Restituição ISS - DA - Multas e Juros;SECRETARIA MUNICIPAL DE FINANÇAS;06;-187.46;0.00
02;9211145114;2022;102;Receitas de Impostos e de Transferências de Impostos Vinculados à Saúde;6;PREFEITURA MUNICIPAL DE UBERLÂNDIA;Restituição ISS - DA - Multas e Juros;SECRETARIA MUNICIPAL DE FINANÇAS;06;-227.55;0.00
02;9211145114;2022;100;Recursos Não Vinculados de Impostos/ Recursos Ordinários;7;PREFEITURA MUNICIPAL DE UBERLÂNDIA;Restituição ISS - DA - Multas e Juros;SECRETARIA MUNICIPAL DE FINANÇAS;06;-31.04;0.00
02;9211145114;2022;101;Receitas de Impostos e de Transferências de Impostos Vinculados à Educação;7;PREFEITURA MUNICIPAL DE UBERLÂNDIA;Restituição ISS - DA - Multas e Juros;SECRETARIA MUNICIPAL DE FINANÇAS;06;-18.41;0.00
02;9211145114;2022;102;Receitas de Impostos e de Transferências de Impostos Vinculados à Saúde;7;PREFEITURA MUNICIPAL DE UBERLÂNDIA;Restituição ISS - DA - Multas e Juros;SECRETARIA MUNICIPAL DE FINANÇAS;06;-22.32;0.00
02;9211145114;2022;100;Recursos Não Vinculados de Impostos/ Recursos Ordinários;8;PREFEITURA MUNICIPAL DE UBERLÂNDIA;Restituição ISS - DA - Multas e Juros;SECRETARIA MUNICIPAL DE FINANÇAS;06;-446.51;0.00
02;9211145114;2022;101;Receitas de Impostos e de Transferências de Impostos Vinculados à Educação;8;PREFEITURA MUNICIPAL DE UBERLÂNDIA;Restituição ISS - DA - Multas e Juros;SECRETARIA MUNICIPAL DE FINANÇAS;06;-264.59;0.00
02;9211145114;2022;102;Receitas de Impostos e de Transferências de Impostos Vinculados à Saúde;8;PREFEITURA MUNICIPAL DE UBERLÂNDIA;Restituição ISS - DA - Multas e Juros;SECRETARIA MUNICIPAL DE FINANÇAS;06;-321.10;0.00
02;9211210101;2022;170;Outros Recursos Não Vinculados;1;PREFEITURA MUNICIPAL DE UBERLÂNDIA;Rest Taxas de Insp Cont Fisc. - Principal;SECRETARIA MUNICIPAL DE FINANÇAS;06;-2564.76;0.00
02;9211210101;2022;170;Outros Recursos Não Vinculados;2;PREFEITURA MUNICIPAL DE UBERLÂNDIA;Rest Taxas de Insp Cont Fisc. - Principal;SECRETARIA MUNICIPAL DE FINANÇAS;06;-529.17;0.00
02;9211210101;2022;170;Outros Recursos Não Vinculados;3;PREFEITURA MUNICIPAL DE UBERLÂNDIA;Rest Taxas de Insp Cont Fisc. - Principal;SECRETARIA MUNICIPAL DE FINANÇAS;06;-11360.75;0.00
02;9211210101;2022;170;Outros Recursos Não Vinculados;4;PREFEITURA MUNICIPAL DE UBERLÂNDIA;Rest Taxas de Insp Cont Fisc. - Principal;SECRETARIA MUNICIPAL DE FINANÇAS;06;-66.78;0.00
02;9211210101;2022;170;Outros Recursos Não Vinculados;5;PREFEITURA MUNICIPAL DE UBERLÂNDIA;Rest Taxas de Insp Cont Fisc. - Principal;SECRETARIA MUNICIPAL DE FINANÇAS;06;-373.90;0.00
02;9211210101;2022;170;Outros Recursos Não Vinculados;6;PREFEITURA MUNICIPAL DE UBERLÂNDIA;Rest Taxas de Insp Cont Fisc. - Principal;SECRETARIA MUNICIPAL DE FINANÇAS;06;-1208.00;0.00
02;9211210101;2022;170;Outros Recursos Não Vinculados;7;PREFEITURA MUNICIPAL DE UBERLÂNDIA;Rest Taxas de Insp Cont Fisc. - Principal;SECRETARIA MUNICIPAL DE FINANÇAS;06;-1298.27;0.00
02;9211210101;2022;170;Outros Recursos Não Vinculados;8;PREFEITURA MUNICIPAL DE UBERLÂNDIA;Rest Taxas de Insp Cont Fisc. - Principal;SECRETARIA MUNICIPAL DE FINANÇAS;06;-1432.78;0.00
02;9211210101;2022;170;Outros Recursos Não Vinculados;9;PREFEITURA MUNICIPAL DE UBERLÂNDIA;Rest Taxas de Insp Cont Fisc. - Principal;SECRETARIA MUNICIPAL DE FINANÇAS;06;-232.68;0.00
02;9211210101;2022;170;Outros Recursos Não Vinculados;10;PREFEITURA MUNICIPAL DE UBERLÂNDIA;Rest Taxas de Insp Cont Fisc. - Principal;SECRETARIA MUNICIPAL DE FINANÇAS;06;-843.70;0.00
02;9211210101;2022;170;Outros Recursos Não Vinculados;12;PREFEITURA MUNICIPAL DE UBERLÂNDIA;Rest Taxas de Insp Cont Fisc. - Principal;SECRETARIA MUNICIPAL DE FINANÇAS;06;-1812.91;0.00
02;9211210102;2022;170;Outros Recursos Não Vinculados;2;PREFEITURA MUNICIPAL DE UBERLÂNDIA;Rest Taxas de Insp Cont Fisc - Multas e Juros;SECRETARIA MUNICIPAL DE FINANÇAS;06;-8.53;0.00
02;9211210102;2022;170;Outros Recursos Não Vinculados;3;PREFEITURA MUNICIPAL DE UBERLÂNDIA;Rest Taxas de Insp Cont Fisc - Multas e Juros;SECRETARIA MUNICIPAL DE FINANÇAS;06;-329.76;0.00
02;9211210102;2022;170;Outros Recursos Não Vinculados;10;PREFEITURA MUNICIPAL DE UBERLÂNDIA;Rest Taxas de Insp Cont Fisc - Multas e Juros;SECRETARIA MUNICIPAL DE FINANÇAS;06;-81.85;0.00
02;9211210103;2022;170;Outros Recursos Não Vinculados;2;PREFEITURA MUNICIPAL DE UBERLÂNDIA;Rest Taxas de Insp Cont Fisc - DA;SECRETARIA MUNICIPAL DE FINANÇAS;06;-652.11;0.00
02;9211210103;2022;170;Outros Recursos Não Vinculados;3;PREFEITURA MUNICIPAL DE UBERLÂNDIA;Rest Taxas de Insp Cont Fisc - DA;SECRETARIA MUNICIPAL DE FINANÇAS;06;-296.72;0.00
02;9211210103;2022;170;Outros Recursos Não Vinculados;4;PREFEITURA MUNICIPAL DE UBERLÂNDIA;Rest Taxas de Insp Cont Fisc - DA;SECRETARIA MUNICIPAL DE FINANÇAS;06;-625.48;0.00
02;9211210103;2022;170;Outros Recursos Não Vinculados;6;PREFEITURA MUNICIPAL DE UBERLÂNDIA;Rest Taxas de Insp Cont Fisc - DA;SECRETARIA MUNICIPAL DE FINANÇAS;06;-980.42;0.00
02;9211210103;2022;170;Outros Recursos Não Vinculados;7;PREFEITURA MUNICIPAL DE UBERLÂNDIA;Rest Taxas de Insp Cont Fisc - DA;SECRETARIA MUNICIPAL DE FINANÇAS;06;-1559.66;0.00
02;9211210103;2022;170;Outros Recursos Não Vinculados;10;PREFEITURA MUNICIPAL DE UBERLÂNDIA;Rest Taxas de Insp Cont Fisc - DA;SECRETARIA MUNICIPAL DE FINANÇAS;06;-296.64;0.00
02;9211210104;2022;170;Outros Recursos Não Vinculados;2;PREFEITURA MUNICIPAL DE UBERLÂNDIA;Rest Taxas de Insp Cont Fisc - DA  Multas e Juros;SECRETARIA MUNICIPAL DE FINANÇAS;06;-112.95;0.00
02;9211210104;2022;170;Outros Recursos Não Vinculados;3;PREFEITURA MUNICIPAL DE UBERLÂNDIA;Rest Taxas de Insp Cont Fisc - DA  Multas e Juros;SECRETARIA MUNICIPAL DE FINANÇAS;06;-83.01;0.00
02;9211210104;2022;170;Outros Recursos Não Vinculados;4;PREFEITURA MUNICIPAL DE UBERLÂNDIA;Rest Taxas de Insp Cont Fisc - DA  Multas e Juros;SECRETARIA MUNICIPAL DE FINANÇAS;06;-169.44;0.00
02;9211210104;2022;170;Outros Recursos Não Vinculados;6;PREFEITURA MUNICIPAL DE UBERLÂNDIA;Rest Taxas de Insp Cont Fisc - DA  Multas e Juros;SECRETARIA MUNICIPAL DE FINANÇAS;06;-42.96;0.00
02;9211210104;2022;170;Outros Recursos Não Vinculados;7;PREFEITURA MUNICIPAL DE UBERLÂNDIA;Rest Taxas de Insp Cont Fisc - DA  Multas e Juros;SECRETARIA MUNICIPAL DE FINANÇAS;06;-860.33;0.00
02;9211210104;2022;170;Outros Recursos Não Vinculados;10;PREFEITURA MUNICIPAL DE UBERLÂNDIA;Rest Taxas de Insp Cont Fisc - DA  Multas e Juros;SECRETARIA MUNICIPAL DE FINANÇAS;06;-104.34;0.00
02;9211220101;2022;170;Outros Recursos Não Vinculados;1;PREFEITURA MUNICIPAL DE UBERLÂNDIA;Restituição Outros Tributos - Principal;SECRETARIA MUNICIPAL DE FINANÇAS;06;-26.16;0.00
02;9211220101;2022;170;Outros Recursos Não Vinculados;2;PREFEITURA MUNICIPAL DE UBERLÂNDIA;Restituição Outros Tributos - Principal;SECRETARIA MUNICIPAL DE FINANÇAS;06;-304.98;0.00
02;9211220101;2022;170;Outros Recursos Não Vinculados;3;PREFEITURA MUNICIPAL DE UBERLÂNDIA;Restituição Outros Tributos - Principal;SECRETARIA MUNICIPAL DE FINANÇAS;06;-173.47;0.00
02;9211220101;2022;170;Outros Recursos Não Vinculados;4;PREFEITURA MUNICIPAL DE UBERLÂNDIA;Restituição Outros Tributos - Principal;SECRETARIA MUNICIPAL DE FINANÇAS;06;-41.19;0.00
02;9211220101;2022;170;Outros Recursos Não Vinculados;5;PREFEITURA MUNICIPAL DE UBERLÂNDIA;Restituição Outros Tributos - Principal;SECRETARIA MUNICIPAL DE FINANÇAS;06;-588.38;0.00
02;9211220101;2022;170;Outros Recursos Não Vinculados;6;PREFEITURA MUNICIPAL DE UBERLÂNDIA;Restituição Outros Tributos - Principal;SECRETARIA MUNICIPAL DE FINANÇAS;06;-331.24;0.00
02;9211220101;2022;170;Outros Recursos Não Vinculados;7;PREFEITURA MUNICIPAL DE UBERLÂNDIA;Restituição Outros Tributos - Principal;SECRETARIA MUNICIPAL DE FINANÇAS;06;-593.81;0.00
02;9211220101;2022;170;Outros Recursos Não Vinculados;8;PREFEITURA MUNICIPAL DE UBERLÂNDIA;Restituição Outros Tributos - Principal;SECRETARIA MUNICIPAL DE FINANÇAS;06;-2026.53;0.00
02;9211220101;2022;170;Outros Recursos Não Vinculados;9;PREFEITURA MUNICIPAL DE UBERLÂNDIA;Restituição Outros Tributos - Principal;SECRETARIA MUNICIPAL DE FINANÇAS;06;-55.88;0.00
02;9211220101;2022;170;Outros Recursos Não Vinculados;10;PREFEITURA MUNICIPAL DE UBERLÂNDIA;Restituição Outros Tributos - Principal;SECRETARIA MUNICIPAL DE FINANÇAS;06;-204.98;0.00
02;9211220101;2022;170;Outros Recursos Não Vinculados;12;PREFEITURA MUNICIPAL DE UBERLÂNDIA;Restituição Outros Tributos - Principal;SECRETARIA MUNICIPAL DE FINANÇAS;06;-171.60;0.00
02;9211220101;2022;170;Outros Recursos Não Vinculados;3;PREFEITURA MUNICIPAL DE UBERLÂNDIA;Restituição Outros Tributos - Principal;SECRETARIA MUNICIPAL DE TRÂNSITO E TRANSPORTES;15;-107.64;0.00
03;9211220101;2022;170;Outros Recursos Não Vinculados;1;Departamento Municipal de Agua e Esgoto;Restituição Outros Tributos - Principal;DEPARTAMENTO MUNICIPAL DE AGUA E ESGOTO - DMAE;17;-10.02;0.00
03;9211220101;2022;170;Outros Recursos Não Vinculados;2;Departamento Municipal de Agua e Esgoto;Restituição Outros Tributos - Principal;DEPARTAMENTO MUNICIPAL DE AGUA E ESGOTO - DMAE;17;-528.48;0.00
03;9211220101;2022;170;Outros Recursos Não Vinculados;3;Departamento Municipal de Agua e Esgoto;Restituição Outros Tributos - Principal;DEPARTAMENTO MUNICIPAL DE AGUA E ESGOTO - DMAE;17;-323.14;0.00
03;9211220101;2022;170;Outros Recursos Não Vinculados;4;Departamento Municipal de Agua e Esgoto;Restituição Outros Tributos - Principal;DEPARTAMENTO MUNICIPAL DE AGUA E ESGOTO - DMAE;17;-179.77;0.00
03;9211220101;2022;170;Outros Recursos Não Vinculados;5;Departamento Municipal de Agua e Esgoto;Restituição Outros Tributos - Principal;DEPARTAMENTO MUNICIPAL DE AGUA E ESGOTO - DMAE;17;-27244.45;0.00
03;9211220101;2022;170;Outros Recursos Não Vinculados;6;Departamento Municipal de Agua e Esgoto;Restituição Outros Tributos - Principal;DEPARTAMENTO MUNICIPAL DE AGUA E ESGOTO - DMAE;17;-554.58;0.00
03;9211220101;2022;170;Outros Recursos Não Vinculados;7;Departamento Municipal de Agua e Esgoto;Restituição Outros Tributos - Principal;DEPARTAMENTO MUNICIPAL DE AGUA E ESGOTO - DMAE;17;-498.19;0.00
03;9211220101;2022;170;Outros Recursos Não Vinculados;8;Departamento Municipal de Agua e Esgoto;Restituição Outros Tributos - Principal;DEPARTAMENTO MUNICIPAL DE AGUA E ESGOTO - DMAE;17;-441.13;0.00
03;9211220101;2022;170;Outros Recursos Não Vinculados;9;Departamento Municipal de Agua e Esgoto;Restituição Outros Tributos - Principal;DEPARTAMENTO MUNICIPAL DE AGUA E ESGOTO - DMAE;17;-340.51;0.00
03;9211220101;2022;170;Outros Recursos Não Vinculados;10;Departamento Municipal de Agua e Esgoto;Restituição Outros Tributos - Principal;DEPARTAMENTO MUNICIPAL DE AGUA E ESGOTO - DMAE;17;-65.02;0.00
03;9211220101;2022;170;Outros Recursos Não Vinculados;11;Departamento Municipal de Agua e Esgoto;Restituição Outros Tributos - Principal;DEPARTAMENTO MUNICIPAL DE AGUA E ESGOTO - DMAE;17;-259.11;0.00
03;9211220101;2022;170;Outros Recursos Não Vinculados;12;Departamento Municipal de Agua e Esgoto;Restituição Outros Tributos - Principal;DEPARTAMENTO MUNICIPAL DE AGUA E ESGOTO - DMAE;17;-230.52;0.00
02;9211220102;2022;170;Outros Recursos Não Vinculados;2;PREFEITURA MUNICIPAL DE UBERLÂNDIA;Restituição Outros Tributos - Multas e Juros;SECRETARIA MUNICIPAL DE FINANÇAS;06;-3.85;0.00
02;9211220102;2022;170;Outros Recursos Não Vinculados;3;PREFEITURA MUNICIPAL DE UBERLÂNDIA;Restituição Outros Tributos - Multas e Juros;SECRETARIA MUNICIPAL DE FINANÇAS;06;-3.07;0.00
02;9211220102;2022;170;Outros Recursos Não Vinculados;4;PREFEITURA MUNICIPAL DE UBERLÂNDIA;Restituição Outros Tributos - Multas e Juros;SECRETARIA MUNICIPAL DE FINANÇAS;06;-0.70;0.00
02;9211220102;2022;170;Outros Recursos Não Vinculados;7;PREFEITURA MUNICIPAL DE UBERLÂNDIA;Restituição Outros Tributos - Multas e Juros;SECRETARIA MUNICIPAL DE FINANÇAS;06;-0.50;0.00
02;9211220102;2022;170;Outros Recursos Não Vinculados;10;PREFEITURA MUNICIPAL DE UBERLÂNDIA;Restituição Outros Tributos - Multas e Juros;SECRETARIA MUNICIPAL DE FINANÇAS;06;-14.50;0.00
02;9211220102;2022;170;Outros Recursos Não Vinculados;12;PREFEITURA MUNICIPAL DE UBERLÂNDIA;Restituição Outros Tributos - Multas e Juros;SECRETARIA MUNICIPAL DE FINANÇAS;06;-3.56;0.00
03;9211220102;2022;170;Outros Recursos Não Vinculados;2;Departamento Municipal de Agua e Esgoto;Restituição Outros Tributos - Multas e Juros;DEPARTAMENTO MUNICIPAL DE AGUA E ESGOTO - DMAE;17;-12.15;0.00
03;9211220102;2022;170;Outros Recursos Não Vinculados;3;Departamento Municipal de Agua e Esgoto;Restituição Outros Tributos - Multas e Juros;DEPARTAMENTO MUNICIPAL DE AGUA E ESGOTO - DMAE;17;-2.59;0.00
03;9211220102;2022;170;Outros Recursos Não Vinculados;5;Departamento Municipal de Agua e Esgoto;Restituição Outros Tributos - Multas e Juros;DEPARTAMENTO MUNICIPAL DE AGUA E ESGOTO - DMAE;17;-3649.57;0.00
03;9211220102;2022;170;Outros Recursos Não Vinculados;6;Departamento Municipal de Agua e Esgoto;Restituição Outros Tributos - Multas e Juros;DEPARTAMENTO MUNICIPAL DE AGUA E ESGOTO - DMAE;17;-26.37;0.00
03;9211220102;2022;170;Outros Recursos Não Vinculados;7;Departamento Municipal de Agua e Esgoto;Restituição Outros Tributos - Multas e Juros;DEPARTAMENTO MUNICIPAL DE AGUA E ESGOTO - DMAE;17;-7.28;0.00
03;9211220102;2022;170;Outros Recursos Não Vinculados;8;Departamento Municipal de Agua e Esgoto;Restituição Outros Tributos - Multas e Juros;DEPARTAMENTO MUNICIPAL DE AGUA E ESGOTO - DMAE;17;-11.00;0.00
03;9211220102;2022;170;Outros Recursos Não Vinculados;9;Departamento Municipal de Agua e Esgoto;Restituição Outros Tributos - Multas e Juros;DEPARTAMENTO MUNICIPAL DE AGUA E ESGOTO - DMAE;17;-22.13;0.00
03;9211220102;2022;170;Outros Recursos Não Vinculados;10;Departamento Municipal de Agua e Esgoto;Restituição Outros Tributos - Multas e Juros;DEPARTAMENTO MUNICIPAL DE AGUA E ESGOTO - DMAE;17;-1.04;0.00
03;9211220102;2022;170;Outros Recursos Não Vinculados;11;Departamento Municipal de Agua e Esgoto;Restituição Outros Tributos - Multas e Juros;DEPARTAMENTO MUNICIPAL DE AGUA E ESGOTO - DMAE;17;-0.49;0.00
03;9211220102;2022;170;Outros Recursos Não Vinculados;12;Departamento Municipal de Agua e Esgoto;Restituição Outros Tributos - Multas e Juros;DEPARTAMENTO MUNICIPAL DE AGUA E ESGOTO - DMAE;17;-3.87;0.00
02;9211220103;2022;170;Outros Recursos Não Vinculados;1;PREFEITURA MUNICIPAL DE UBERLÂNDIA;Restituição Outros Tributos - DA Principal;SECRETARIA MUNICIPAL DE FINANÇAS;06;-36.39;0.00
02;9211220103;2022;170;Outros Recursos Não Vinculados;2;PREFEITURA MUNICIPAL DE UBERLÂNDIA;Restituição Outros Tributos - DA Principal;SECRETARIA MUNICIPAL DE FINANÇAS;06;-3.40;0.00
02;9211220103;2022;170;Outros Recursos Não Vinculados;3;PREFEITURA MUNICIPAL DE UBERLÂNDIA;Restituição Outros Tributos - DA Principal;SECRETARIA MUNICIPAL DE FINANÇAS;06;-0.85;0.00
02;9211220103;2022;170;Outros Recursos Não Vinculados;4;PREFEITURA MUNICIPAL DE UBERLÂNDIA;Restituição Outros Tributos - DA Principal;SECRETARIA MUNICIPAL DE FINANÇAS;06;-2.45;0.00
02;9211220103;2022;170;Outros Recursos Não Vinculados;5;PREFEITURA MUNICIPAL DE UBERLÂNDIA;Restituição Outros Tributos - DA Principal;SECRETARIA MUNICIPAL DE FINANÇAS;06;-3.84;0.00
02;9211220103;2022;170;Outros Recursos Não Vinculados;6;PREFEITURA MUNICIPAL DE UBERLÂNDIA;Restituição Outros Tributos - DA Principal;SECRETARIA MUNICIPAL DE FINANÇAS;06;-22425.25;0.00
02;9211220103;2022;170;Outros Recursos Não Vinculados;7;PREFEITURA MUNICIPAL DE UBERLÂNDIA;Restituição Outros Tributos - DA Principal;SECRETARIA MUNICIPAL DE FINANÇAS;06;-35.30;0.00
02;9211220103;2022;170;Outros Recursos Não Vinculados;8;PREFEITURA MUNICIPAL DE UBERLÂNDIA;Restituição Outros Tributos - DA Principal;SECRETARIA MUNICIPAL DE FINANÇAS;06;-775.73;0.00
02;9211220103;2022;170;Outros Recursos Não Vinculados;9;PREFEITURA MUNICIPAL DE UBERLÂNDIA;Restituição Outros Tributos - DA Principal;SECRETARIA MUNICIPAL DE FINANÇAS;06;-2.11;0.00
02;9211220103;2022;170;Outros Recursos Não Vinculados;12;PREFEITURA MUNICIPAL DE UBERLÂNDIA;Restituição Outros Tributos - DA Principal;SECRETARIA MUNICIPAL DE FINANÇAS;06;-0.25;0.00
03;9211220103;2022;170;Outros Recursos Não Vinculados;1;Departamento Municipal de Agua e Esgoto;Restituição Outros Tributos - DA Principal;DEPARTAMENTO MUNICIPAL DE AGUA E ESGOTO - DMAE;17;-54.99;0.00
03;9211220103;2022;170;Outros Recursos Não Vinculados;2;Departamento Municipal de Agua e Esgoto;Restituição Outros Tributos - DA Principal;DEPARTAMENTO MUNICIPAL DE AGUA E ESGOTO - DMAE;17;-67.22;0.00
03;9211220103;2022;170;Outros Recursos Não Vinculados;3;Departamento Municipal de Agua e Esgoto;Restituição Outros Tributos - DA Principal;DEPARTAMENTO MUNICIPAL DE AGUA E ESGOTO - DMAE;17;-359.83;0.00
03;9211220103;2022;170;Outros Recursos Não Vinculados;4;Departamento Municipal de Agua e Esgoto;Restituição Outros Tributos - DA Principal;DEPARTAMENTO MUNICIPAL DE AGUA E ESGOTO - DMAE;17;-88.00;0.00
03;9211220103;2022;170;Outros Recursos Não Vinculados;5;Departamento Municipal de Agua e Esgoto;Restituição Outros Tributos - DA Principal;DEPARTAMENTO MUNICIPAL DE AGUA E ESGOTO - DMAE;17;-365989.85;0.00
03;9211220103;2022;170;Outros Recursos Não Vinculados;6;Departamento Municipal de Agua e Esgoto;Restituição Outros Tributos - DA Principal;DEPARTAMENTO MUNICIPAL DE AGUA E ESGOTO - DMAE;17;-185.57;0.00
03;9211220103;2022;170;Outros Recursos Não Vinculados;7;Departamento Municipal de Agua e Esgoto;Restituição Outros Tributos - DA Principal;DEPARTAMENTO MUNICIPAL DE AGUA E ESGOTO - DMAE;17;-420.36;0.00
03;9211220103;2022;170;Outros Recursos Não Vinculados;8;Departamento Municipal de Agua e Esgoto;Restituição Outros Tributos - DA Principal;DEPARTAMENTO MUNICIPAL DE AGUA E ESGOTO - DMAE;17;-656.29;0.00
03;9211220103;2022;170;Outros Recursos Não Vinculados;9;Departamento Municipal de Agua e Esgoto;Restituição Outros Tributos - DA Principal;DEPARTAMENTO MUNICIPAL DE AGUA E ESGOTO - DMAE;17;-485.44;0.00
03;9211220103;2022;170;Outros Recursos Não Vinculados;11;Departamento Municipal de Agua e Esgoto;Restituição Outros Tributos - DA Principal;DEPARTAMENTO MUNICIPAL DE AGUA E ESGOTO - DMAE;17;-120.49;0.00
03;9211220103;2022;170;Outros Recursos Não Vinculados;12;Departamento Municipal de Agua e Esgoto;Restituição Outros Tributos - DA Principal;DEPARTAMENTO MUNICIPAL DE AGUA E ESGOTO - DMAE;17;-89.45;0.00
02;9211220104;2022;170;Outros Recursos Não Vinculados;1;PREFEITURA MUNICIPAL DE UBERLÂNDIA;Restituição Outros Tributos - DA - Multas e Juros;SECRETARIA MUNICIPAL DE FINANÇAS;06;-15.92;0.00
02;9211220104;2022;170;Outros Recursos Não Vinculados;2;PREFEITURA MUNICIPAL DE UBERLÂNDIA;Restituição Outros Tributos - DA - Multas e Juros;SECRETARIA MUNICIPAL DE FINANÇAS;06;-0.82;0.00
02;9211220104;2022;170;Outros Recursos Não Vinculados;3;PREFEITURA MUNICIPAL DE UBERLÂNDIA;Restituição Outros Tributos - DA - Multas e Juros;SECRETARIA MUNICIPAL DE FINANÇAS;06;-0.24;0.00
02;9211220104;2022;170;Outros Recursos Não Vinculados;4;PREFEITURA MUNICIPAL DE UBERLÂNDIA;Restituição Outros Tributos - DA - Multas e Juros;SECRETARIA MUNICIPAL DE FINANÇAS;06;-0.65;0.00
02;9211220104;2022;170;Outros Recursos Não Vinculados;5;PREFEITURA MUNICIPAL DE UBERLÂNDIA;Restituição Outros Tributos - DA - Multas e Juros;SECRETARIA MUNICIPAL DE FINANÇAS;06;-0.94;0.00
02;9211220104;2022;170;Outros Recursos Não Vinculados;6;PREFEITURA MUNICIPAL DE UBERLÂNDIA;Restituição Outros Tributos - DA - Multas e Juros;SECRETARIA MUNICIPAL DE FINANÇAS;06;-14298.59;0.00
02;9211220104;2022;170;Outros Recursos Não Vinculados;7;PREFEITURA MUNICIPAL DE UBERLÂNDIA;Restituição Outros Tributos - DA - Multas e Juros;SECRETARIA MUNICIPAL DE FINANÇAS;06;-4.88;0.00
02;9211220104;2022;170;Outros Recursos Não Vinculados;8;PREFEITURA MUNICIPAL DE UBERLÂNDIA;Restituição Outros Tributos - DA - Multas e Juros;SECRETARIA MUNICIPAL DE FINANÇAS;06;-208.38;0.00
02;9211220104;2022;170;Outros Recursos Não Vinculados;9;PREFEITURA MUNICIPAL DE UBERLÂNDIA;Restituição Outros Tributos - DA - Multas e Juros;SECRETARIA MUNICIPAL DE FINANÇAS;06;-0.61;0.00
02;9211220104;2022;170;Outros Recursos Não Vinculados;12;PREFEITURA MUNICIPAL DE UBERLÂNDIA;Restituição Outros Tributos - DA - Multas e Juros;SECRETARIA MUNICIPAL DE FINANÇAS;06;-0.07;0.00
03;9211220104;2022;170;Outros Recursos Não Vinculados;1;Departamento Municipal de Agua e Esgoto;Restituição Outros Tributos - DA - Multas e Juros;DEPARTAMENTO MUNICIPAL DE AGUA E ESGOTO - DMAE;17;-2.26;0.00
03;9211220104;2022;170;Outros Recursos Não Vinculados;2;Departamento Municipal de Agua e Esgoto;Restituição Outros Tributos - DA - Multas e Juros;DEPARTAMENTO MUNICIPAL DE AGUA E ESGOTO - DMAE;17;-33.00;0.00
03;9211220104;2022;170;Outros Recursos Não Vinculados;3;Departamento Municipal de Agua e Esgoto;Restituição Outros Tributos - DA - Multas e Juros;DEPARTAMENTO MUNICIPAL DE AGUA E ESGOTO - DMAE;17;-23.16;0.00
03;9211220104;2022;170;Outros Recursos Não Vinculados;4;Departamento Municipal de Agua e Esgoto;Restituição Outros Tributos - DA - Multas e Juros;DEPARTAMENTO MUNICIPAL DE AGUA E ESGOTO - DMAE;17;-10.80;0.00
03;9211220104;2022;170;Outros Recursos Não Vinculados;5;Departamento Municipal de Agua e Esgoto;Restituição Outros Tributos - DA - Multas e Juros;DEPARTAMENTO MUNICIPAL DE AGUA E ESGOTO - DMAE;17;-45614.89;0.00
03;9211220104;2022;170;Outros Recursos Não Vinculados;6;Departamento Municipal de Agua e Esgoto;Restituição Outros Tributos - DA - Multas e Juros;DEPARTAMENTO MUNICIPAL DE AGUA E ESGOTO - DMAE;17;-31.22;0.00
03;9211220104;2022;170;Outros Recursos Não Vinculados;7;Departamento Municipal de Agua e Esgoto;Restituição Outros Tributos - DA - Multas e Juros;DEPARTAMENTO MUNICIPAL DE AGUA E ESGOTO - DMAE;17;-52.58;0.00
03;9211220104;2022;170;Outros Recursos Não Vinculados;8;Departamento Municipal de Agua e Esgoto;Restituição Outros Tributos - DA - Multas e Juros;DEPARTAMENTO MUNICIPAL DE AGUA E ESGOTO - DMAE;17;-51.74;0.00
03;9211220104;2022;170;Outros Recursos Não Vinculados;9;Departamento Municipal de Agua e Esgoto;Restituição Outros Tributos - DA - Multas e Juros;DEPARTAMENTO MUNICIPAL DE AGUA E ESGOTO - DMAE;17;-50.91;0.00
03;9211220104;2022;170;Outros Recursos Não Vinculados;11;Departamento Municipal de Agua e Esgoto;Restituição Outros Tributos - DA - Multas e Juros;DEPARTAMENTO MUNICIPAL DE AGUA E ESGOTO - DMAE;17;-11.90;0.00
03;9211220104;2022;170;Outros Recursos Não Vinculados;12;Departamento Municipal de Agua e Esgoto;Restituição Outros Tributos - DA - Multas e Juros;DEPARTAMENTO MUNICIPAL DE AGUA E ESGOTO - DMAE;17;-16.32;0.00
03;9216110101;2022;170;Outros Recursos Não Vinculados;1;Departamento Municipal de Agua e Esgoto;Restituição Serviços Adm e Com Gerais - Principal;DEPARTAMENTO MUNICIPAL DE AGUA E ESGOTO - DMAE;17;-5997.68;0.00
03;9216110101;2022;170;Outros Recursos Não Vinculados;2;Departamento Municipal de Agua e Esgoto;Restituição Serviços Adm e Com Gerais - Principal;DEPARTAMENTO MUNICIPAL DE AGUA E ESGOTO - DMAE;17;-31906.13;0.00
03;9216110101;2022;170;Outros Recursos Não Vinculados;3;Departamento Municipal de Agua e Esgoto;Restituição Serviços Adm e Com Gerais - Principal;DEPARTAMENTO MUNICIPAL DE AGUA E ESGOTO - DMAE;17;-19163.66;0.00
03;9216110101;2022;170;Outros Recursos Não Vinculados;4;Departamento Municipal de Agua e Esgoto;Restituição Serviços Adm e Com Gerais - Principal;DEPARTAMENTO MUNICIPAL DE AGUA E ESGOTO - DMAE;17;-35486.56;0.00
03;9216110101;2022;170;Outros Recursos Não Vinculados;5;Departamento Municipal de Agua e Esgoto;Restituição Serviços Adm e Com Gerais - Principal;DEPARTAMENTO MUNICIPAL DE AGUA E ESGOTO - DMAE;17;-31490.30;0.00
03;9216110101;2022;170;Outros Recursos Não Vinculados;6;Departamento Municipal de Agua e Esgoto;Restituição Serviços Adm e Com Gerais - Principal;DEPARTAMENTO MUNICIPAL DE AGUA E ESGOTO - DMAE;17;-23871.46;0.00
03;9216110101;2022;170;Outros Recursos Não Vinculados;7;Departamento Municipal de Agua e Esgoto;Restituição Serviços Adm e Com Gerais - Principal;DEPARTAMENTO MUNICIPAL DE AGUA E ESGOTO - DMAE;17;-14496.89;0.00
03;9216110101;2022;170;Outros Recursos Não Vinculados;8;Departamento Municipal de Agua e Esgoto;Restituição Serviços Adm e Com Gerais - Principal;DEPARTAMENTO MUNICIPAL DE AGUA E ESGOTO - DMAE;17;-29095.95;0.00
03;9216110101;2022;170;Outros Recursos Não Vinculados;9;Departamento Municipal de Agua e Esgoto;Restituição Serviços Adm e Com Gerais - Principal;DEPARTAMENTO MUNICIPAL DE AGUA E ESGOTO - DMAE;17;-18918.55;0.00
03;9216110101;2022;170;Outros Recursos Não Vinculados;10;Departamento Municipal de Agua e Esgoto;Restituição Serviços Adm e Com Gerais - Principal;DEPARTAMENTO MUNICIPAL DE AGUA E ESGOTO - DMAE;17;-11634.75;0.00
03;9216110101;2022;170;Outros Recursos Não Vinculados;11;Departamento Municipal de Agua e Esgoto;Restituição Serviços Adm e Com Gerais - Principal;DEPARTAMENTO MUNICIPAL DE AGUA E ESGOTO - DMAE;17;-32491.82;0.00
03;9216110101;2022;170;Outros Recursos Não Vinculados;12;Departamento Municipal de Agua e Esgoto;Restituição Serviços Adm e Com Gerais - Principal;DEPARTAMENTO MUNICIPAL DE AGUA E ESGOTO - DMAE;17;-12895.86;0.00
02;9219110101;2022;170;Outros Recursos Não Vinculados;2;PREFEITURA MUNICIPAL DE UBERLÂNDIA;Rest. Multas Previstas Leg. Específica - Principal;SECRETARIA MUNICIPAL DE FINANÇAS;06;-1120.42;0.00
02;9219110101;2022;170;Outros Recursos Não Vinculados;4;PREFEITURA MUNICIPAL DE UBERLÂNDIA;Rest. Multas Previstas Leg. Específica - Principal;SECRETARIA MUNICIPAL DE FINANÇAS;06;-9789.71;0.00
02;9219110101;2022;170;Outros Recursos Não Vinculados;6;PREFEITURA MUNICIPAL DE UBERLÂNDIA;Rest. Multas Previstas Leg. Específica - Principal;SECRETARIA MUNICIPAL DE FINANÇAS;06;-285.71;0.00
02;9219110101;2022;170;Outros Recursos Não Vinculados;9;PREFEITURA MUNICIPAL DE UBERLÂNDIA;Rest. Multas Previstas Leg. Específica - Principal;SECRETARIA MUNICIPAL DE FINANÇAS;06;-747.74;0.00
02;9219110101;2022;170;Outros Recursos Não Vinculados;10;PREFEITURA MUNICIPAL DE UBERLÂNDIA;Rest. Multas Previstas Leg. Específica - Principal;SECRETARIA MUNICIPAL DE FINANÇAS;06;-166.78;0.00
02;9219110101;2022;157;Multas de Trânsito;2;PREFEITURA MUNICIPAL DE UBERLÂNDIA;Rest. Multas Previstas Leg. Específica - Principal;SECRETARIA MUNICIPAL DE TRÂNSITO E TRANSPORTES;15;-2320.93;0.00
02;9219110101;2022;170;Outros Recursos Não Vinculados;2;PREFEITURA MUNICIPAL DE UBERLÂNDIA;Rest. Multas Previstas Leg. Específica - Principal;SECRETARIA MUNICIPAL DE TRÂNSITO E TRANSPORTES;15;-2980.94;0.00
02;9219110101;2022;157;Multas de Trânsito;3;PREFEITURA MUNICIPAL DE UBERLÂNDIA;Rest. Multas Previstas Leg. Específica - Principal;SECRETARIA MUNICIPAL DE TRÂNSITO E TRANSPORTES;15;-1051.11;0.00
02;9219110101;2022;157;Multas de Trânsito;4;PREFEITURA MUNICIPAL DE UBERLÂNDIA;Rest. Multas Previstas Leg. Específica - Principal;SECRETARIA MUNICIPAL DE TRÂNSITO E TRANSPORTES;15;-238.53;0.00
02;9219110101;2022;157;Multas de Trânsito;5;PREFEITURA MUNICIPAL DE UBERLÂNDIA;Rest. Multas Previstas Leg. Específica - Principal;SECRETARIA MUNICIPAL DE TRÂNSITO E TRANSPORTES;15;-607.45;0.00
02;9219110101;2022;157;Multas de Trânsito;8;PREFEITURA MUNICIPAL DE UBERLÂNDIA;Rest. Multas Previstas Leg. Específica - Principal;SECRETARIA MUNICIPAL DE TRÂNSITO E TRANSPORTES;15;-779.79;0.00
02;9219110101;2022;157;Multas de Trânsito;9;PREFEITURA MUNICIPAL DE UBERLÂNDIA;Rest. Multas Previstas Leg. Específica - Principal;SECRETARIA MUNICIPAL DE TRÂNSITO E TRANSPORTES;15;-2947.20;0.00
02;9219110101;2022;157;Multas de Trânsito;10;PREFEITURA MUNICIPAL DE UBERLÂNDIA;Rest. Multas Previstas Leg. Específica - Principal;SECRETARIA MUNICIPAL DE TRÂNSITO E TRANSPORTES;15;-635.31;0.00
02;9219110101;2022;157;Multas de Trânsito;11;PREFEITURA MUNICIPAL DE UBERLÂNDIA;Rest. Multas Previstas Leg. Específica - Principal;SECRETARIA MUNICIPAL DE TRÂNSITO E TRANSPORTES;15;-1124.24;0.00
02;9219110101;2022;157;Multas de Trânsito;12;PREFEITURA MUNICIPAL DE UBERLÂNDIA;Rest. Multas Previstas Leg. Específica - Principal;SECRETARIA MUNICIPAL DE TRÂNSITO E TRANSPORTES;15;-969.50;0.00
02;9219110101;2022;170;Outros Recursos Não Vinculados;8;PREFEITURA MUNICIPAL DE UBERLÂNDIA;Rest. Multas Previstas Leg. Específica - Principal;SECRETARIA MUNICIPAL DE PLANEJAMENTO URBANO;34;-6544.06;0.00
02;9219110101;2022;170;Outros Recursos Não Vinculados;11;PREFEITURA MUNICIPAL DE UBERLÂNDIA;Rest. Multas Previstas Leg. Específica - Principal;SECRETARIA MUNICIPAL DE PLANEJAMENTO URBANO;34;-1397.28;0.00
02;9219110102;2022;170;Outros Recursos Não Vinculados;2;PREFEITURA MUNICIPAL DE UBERLÂNDIA;Rest Multas Prev. Leg. Específica - Juros e Multas;SECRETARIA MUNICIPAL DE TRÂNSITO E TRANSPORTES;15;-16.79;0.00
02;9219110103;2022;170;Outros Recursos Não Vinculados;1;PREFEITURA MUNICIPAL DE UBERLÂNDIA;Rest. Multas Prev. Leg. Espec. - DA - Principal;SECRETARIA MUNICIPAL DE FINANÇAS;06;-194.01;0.00
02;9219110103;2022;170;Outros Recursos Não Vinculados;2;PREFEITURA MUNICIPAL DE UBERLÂNDIA;Rest. Multas Prev. Leg. Espec. - DA - Principal;SECRETARIA MUNICIPAL DE FINANÇAS;06;-1242.34;0.00
02;9219110104;2022;170;Outros Recursos Não Vinculados;1;PREFEITURA MUNICIPAL DE UBERLÂNDIA;Rest. Multas Prev. Leg. Espec. -DA- Juros e Multas;SECRETARIA MUNICIPAL DE FINANÇAS;06;-50.66;0.00
02;9219110104;2022;170;Outros Recursos Não Vinculados;2;PREFEITURA MUNICIPAL DE UBERLÂNDIA;Rest. Multas Prev. Leg. Espec. -DA- Juros e Multas;SECRETARIA MUNICIPAL DE FINANÇAS;06;-348.59;0.00
02;9219110104;2022;170;Outros Recursos Não Vinculados;2;PREFEITURA MUNICIPAL DE UBERLÂNDIA;Rest. Multas Prev. Leg. Espec. -DA- Juros e Multas;SECRETARIA MUNICIPAL DE TRÂNSITO E TRANSPORTES;15;-59.69;0.00
02;9219229901;2022;100;Recursos Não Vinculados de Impostos/ Recursos Ordinários;12;PREFEITURA MUNICIPAL DE UBERLÂNDIA;Restituição - Outras Restituições - Principal;SECRETARIA MUNICIPAL DE FINANÇAS;06;-5681.16;0.00
02;9219999921;2022;170;Outros Recursos Não Vinculados;5;PREFEITURA MUNICIPAL DE UBERLÂNDIA;Restituição Outras Receitas - Principal;SECRETARIA MUNICIPAL DE FINANÇAS;06;-184.87;0.00
02;9219999921;2022;170;Outros Recursos Não Vinculados;6;PREFEITURA MUNICIPAL DE UBERLÂNDIA;Restituição Outras Receitas - Principal;SECRETARIA MUNICIPAL DE FINANÇAS;06;-0.05;0.00
03;9219999921;2022;170;Outros Recursos Não Vinculados;1;Departamento Municipal de Agua e Esgoto;Restituição Outras Receitas - Principal;DEPARTAMENTO MUNICIPAL DE AGUA E ESGOTO - DMAE;17;-10330.80;0.00
03;9219999921;2022;170;Outros Recursos Não Vinculados;2;Departamento Municipal de Agua e Esgoto;Restituição Outras Receitas - Principal;DEPARTAMENTO MUNICIPAL DE AGUA E ESGOTO - DMAE;17;-13.45;0.00
03;9219999921;2022;170;Outros Recursos Não Vinculados;5;Departamento Municipal de Agua e Esgoto;Restituição Outras Receitas - Principal;DEPARTAMENTO MUNICIPAL DE AGUA E ESGOTO - DMAE;17;-16.85;0.00
03;9219999921;2022;170;Outros Recursos Não Vinculados;8;Departamento Municipal de Agua e Esgoto;Restituição Outras Receitas - Principal;DEPARTAMENTO MUNICIPAL DE AGUA E ESGOTO - DMAE;17;-72.78;0.00
03;9219999922;2022;170;Outros Recursos Não Vinculados;1;Departamento Municipal de Agua e Esgoto;Restituição Outras Receitas - Multas e Juros;DEPARTAMENTO MUNICIPAL DE AGUA E ESGOTO - DMAE;17;-0.46;0.00
03;9219999922;2022;170;Outros Recursos Não Vinculados;2;Departamento Municipal de Agua e Esgoto;Restituição Outras Receitas - Multas e Juros;DEPARTAMENTO MUNICIPAL DE AGUA E ESGOTO - DMAE;17;-66.10;0.00
03;9219999922;2022;170;Outros Recursos Não Vinculados;3;Departamento Municipal de Agua e Esgoto;Restituição Outras Receitas - Multas e Juros;DEPARTAMENTO MUNICIPAL DE AGUA E ESGOTO - DMAE;17;-82.93;0.00
03;9219999922;2022;170;Outros Recursos Não Vinculados;4;Departamento Municipal de Agua e Esgoto;Restituição Outras Receitas - Multas e Juros;DEPARTAMENTO MUNICIPAL DE AGUA E ESGOTO - DMAE;17;-41.44;0.00
03;9219999922;2022;170;Outros Recursos Não Vinculados;5;Departamento Municipal de Agua e Esgoto;Restituição Outras Receitas - Multas e Juros;DEPARTAMENTO MUNICIPAL DE AGUA E ESGOTO - DMAE;17;-56.58;0.00
03;9219999922;2022;170;Outros Recursos Não Vinculados;6;Departamento Municipal de Agua e Esgoto;Restituição Outras Receitas - Multas e Juros;DEPARTAMENTO MUNICIPAL DE AGUA E ESGOTO - DMAE;17;-10.23;0.00
03;9219999922;2022;170;Outros Recursos Não Vinculados;7;Departamento Municipal de Agua e Esgoto;Restituição Outras Receitas - Multas e Juros;DEPARTAMENTO MUNICIPAL DE AGUA E ESGOTO - DMAE;17;-53.78;0.00
03;9219999922;2022;170;Outros Recursos Não Vinculados;8;Departamento Municipal de Agua e Esgoto;Restituição Outras Receitas - Multas e Juros;DEPARTAMENTO MUNICIPAL DE AGUA E ESGOTO - DMAE;17;-41.60;0.00
03;9219999922;2022;170;Outros Recursos Não Vinculados;9;Departamento Municipal de Agua e Esgoto;Restituição Outras Receitas - Multas e Juros;DEPARTAMENTO MUNICIPAL DE AGUA E ESGOTO - DMAE;17;-26.20;0.00
03;9219999922;2022;170;Outros Recursos Não Vinculados;10;Departamento Municipal de Agua e Esgoto;Restituição Outras Receitas - Multas e Juros;DEPARTAMENTO MUNICIPAL DE AGUA E ESGOTO - DMAE;17;-30.77;0.00
03;9219999922;2022;170;Outros Recursos Não Vinculados;11;Departamento Municipal de Agua e Esgoto;Restituição Outras Receitas - Multas e Juros;DEPARTAMENTO MUNICIPAL DE AGUA E ESGOTO - DMAE;17;-22.78;0.00
03;9219999922;2022;170;Outros Recursos Não Vinculados;12;Departamento Municipal de Agua e Esgoto;Restituição Outras Receitas - Multas e Juros;DEPARTAMENTO MUNICIPAL DE AGUA E ESGOTO - DMAE;17;-38.39;0.00
02;9219999923;2022;170;Outros Recursos Não Vinculados;7;PREFEITURA MUNICIPAL DE UBERLÂNDIA;Restituição Outras Receitas - DA;SECRETARIA MUNICIPAL DE FINANÇAS;06;-1274.48;0.00
03;9219999923;2022;170;Outros Recursos Não Vinculados;1;Departamento Municipal de Agua e Esgoto;Restituição Outras Receitas - DA;DEPARTAMENTO MUNICIPAL DE AGUA E ESGOTO - DMAE;17;-758.92;0.00
03;9219999923;2022;170;Outros Recursos Não Vinculados;2;Departamento Municipal de Agua e Esgoto;Restituição Outras Receitas - DA;DEPARTAMENTO MUNICIPAL DE AGUA E ESGOTO - DMAE;17;-1093.46;0.00
03;9219999923;2022;170;Outros Recursos Não Vinculados;3;Departamento Municipal de Agua e Esgoto;Restituição Outras Receitas - DA;DEPARTAMENTO MUNICIPAL DE AGUA E ESGOTO - DMAE;17;-4150.46;0.00
03;9219999923;2022;170;Outros Recursos Não Vinculados;4;Departamento Municipal de Agua e Esgoto;Restituição Outras Receitas - DA;DEPARTAMENTO MUNICIPAL DE AGUA E ESGOTO - DMAE;17;-443.45;0.00
03;9219999923;2022;170;Outros Recursos Não Vinculados;5;Departamento Municipal de Agua e Esgoto;Restituição Outras Receitas - DA;DEPARTAMENTO MUNICIPAL DE AGUA E ESGOTO - DMAE;17;-343.49;0.00
03;9219999923;2022;170;Outros Recursos Não Vinculados;6;Departamento Municipal de Agua e Esgoto;Restituição Outras Receitas - DA;DEPARTAMENTO MUNICIPAL DE AGUA E ESGOTO - DMAE;17;-508.23;0.00
03;9219999923;2022;170;Outros Recursos Não Vinculados;7;Departamento Municipal de Agua e Esgoto;Restituição Outras Receitas - DA;DEPARTAMENTO MUNICIPAL DE AGUA E ESGOTO - DMAE;17;-481.16;0.00
03;9219999923;2022;170;Outros Recursos Não Vinculados;8;Departamento Municipal de Agua e Esgoto;Restituição Outras Receitas - DA;DEPARTAMENTO MUNICIPAL DE AGUA E ESGOTO - DMAE;17;-775.86;0.00
03;9219999923;2022;170;Outros Recursos Não Vinculados;9;Departamento Municipal de Agua e Esgoto;Restituição Outras Receitas - DA;DEPARTAMENTO MUNICIPAL DE AGUA E ESGOTO - DMAE;17;-99.59;0.00
03;9219999923;2022;170;Outros Recursos Não Vinculados;10;Departamento Municipal de Agua e Esgoto;Restituição Outras Receitas - DA;DEPARTAMENTO MUNICIPAL DE AGUA E ESGOTO - DMAE;17;-557.87;0.00
03;9219999923;2022;170;Outros Recursos Não Vinculados;11;Departamento Municipal de Agua e Esgoto;Restituição Outras Receitas - DA;DEPARTAMENTO MUNICIPAL DE AGUA E ESGOTO - DMAE;17;-534.53;0.00
03;9219999924;2022;170;Outros Recursos Não Vinculados;1;Departamento Municipal de Agua e Esgoto;Restituição Outras Receitas - DA - Multas e Juros;DEPARTAMENTO MUNICIPAL DE AGUA E ESGOTO - DMAE;17;-94.65;0.00
03;9219999924;2022;170;Outros Recursos Não Vinculados;2;Departamento Municipal de Agua e Esgoto;Restituição Outras Receitas - DA - Multas e Juros;DEPARTAMENTO MUNICIPAL DE AGUA E ESGOTO - DMAE;17;-113.19;0.00
03;9219999924;2022;170;Outros Recursos Não Vinculados;3;Departamento Municipal de Agua e Esgoto;Restituição Outras Receitas - DA - Multas e Juros;DEPARTAMENTO MUNICIPAL DE AGUA E ESGOTO - DMAE;17;-227.15;0.00
03;9219999924;2022;170;Outros Recursos Não Vinculados;4;Departamento Municipal de Agua e Esgoto;Restituição Outras Receitas - DA - Multas e Juros;DEPARTAMENTO MUNICIPAL DE AGUA E ESGOTO - DMAE;17;-13.91;0.00
03;9219999924;2022;170;Outros Recursos Não Vinculados;6;Departamento Municipal de Agua e Esgoto;Restituição Outras Receitas - DA - Multas e Juros;DEPARTAMENTO MUNICIPAL DE AGUA E ESGOTO - DMAE;17;-124.36;0.00
03;9219999924;2022;170;Outros Recursos Não Vinculados;7;Departamento Municipal de Agua e Esgoto;Restituição Outras Receitas - DA - Multas e Juros;DEPARTAMENTO MUNICIPAL DE AGUA E ESGOTO - DMAE;17;-19.71;0.00
03;9219999924;2022;170;Outros Recursos Não Vinculados;8;Departamento Municipal de Agua e Esgoto;Restituição Outras Receitas - DA - Multas e Juros;DEPARTAMENTO MUNICIPAL DE AGUA E ESGOTO - DMAE;17;-83.14;0.00
03;9219999924;2022;170;Outros Recursos Não Vinculados;9;Departamento Municipal de Agua e Esgoto;Restituição Outras Receitas - DA - Multas e Juros;DEPARTAMENTO MUNICIPAL DE AGUA E ESGOTO - DMAE;17;-18.18;0.00
03;9219999924;2022;170;Outros Recursos Não Vinculados;10;Departamento Municipal de Agua e Esgoto;Restituição Outras Receitas - DA - Multas e Juros;DEPARTAMENTO MUNICIPAL DE AGUA E ESGOTO - DMAE;17;-73.87;0.00
03;9219999924;2022;170;Outros Recursos Não Vinculados;11;Departamento Municipal de Agua e Esgoto;Restituição Outras Receitas - DA - Multas e Juros;DEPARTAMENTO MUNICIPAL DE AGUA E ESGOTO - DMAE;17;-88.41;0.00
03;9219999924;2022;170;Outros Recursos Não Vinculados;12;Departamento Municipal de Agua e Esgoto;Restituição Outras Receitas - DA - Multas e Juros;DEPARTAMENTO MUNICIPAL DE AGUA E ESGOTO - DMAE;17;-54.84;0.00
02;9222210101;2022;192;Alienação de Bens;6;PREFEITURA MUNICIPAL DE UBERLÂNDIA;Restituição - Alienação de Bens Imóveis;SECRETARIA MUNICIPAL DE DESENVOLVIMENTO SOCIAL E T;10;-417.59;0.00
02;9222210101;2022;192;Alienação de Bens;7;PREFEITURA MUNICIPAL DE UBERLÂNDIA;Restituição - Alienação de Bens Imóveis;SECRETARIA MUNICIPAL DE DESENVOLVIMENTO SOCIAL E T;10;-216.98;0.00
02;9517115111;2022;101;Receitas de Impostos e de Transferências de Impostos Vinculados à Educação;1;PREFEITURA MUNICIPAL DE UBERLÂNDIA;Dedução FPM;SECRETARIA MUNICIPAL DE FINANÇAS;06;-2107242.49;-2346975.83
02;9517115111;2022;101;Receitas de Impostos e de Transferências de Impostos Vinculados à Educação;2;PREFEITURA MUNICIPAL DE UBERLÂNDIA;Dedução FPM;SECRETARIA MUNICIPAL DE FINANÇAS;06;-2941532.85;-3019162.42
02;9517115111;2022;101;Receitas de Impostos e de Transferências de Impostos Vinculados à Educação;3;PREFEITURA MUNICIPAL DE UBERLÂNDIA;Dedução FPM;SECRETARIA MUNICIPAL DE FINANÇAS;06;-1783276.54;-2009744.55
02;9517115111;2022;101;Receitas de Impostos e de Transferências de Impostos Vinculados à Educação;4;PREFEITURA MUNICIPAL DE UBERLÂNDIA;Dedução FPM;SECRETARIA MUNICIPAL DE FINANÇAS;06;-2113814.18;-2036543.00
02;9517115111;2022;101;Receitas de Impostos e de Transferências de Impostos Vinculados à Educação;5;PREFEITURA MUNICIPAL DE UBERLÂNDIA;Dedução FPM;SECRETARIA MUNICIPAL DE FINANÇAS;06;-2351407.31;-2427171.77
02;9517115111;2022;101;Receitas de Impostos e de Transferências de Impostos Vinculados à Educação;6;PREFEITURA MUNICIPAL DE UBERLÂNDIA;Dedução FPM;SECRETARIA MUNICIPAL DE FINANÇAS;06;-2200190.27;-2067180.56
02;9517115111;2022;101;Receitas de Impostos e de Transferências de Impostos Vinculados à Educação;7;PREFEITURA MUNICIPAL DE UBERLÂNDIA;Dedução FPM;SECRETARIA MUNICIPAL DE FINANÇAS;06;-1886945.99;-1176851.76
02;9517115111;2022;101;Receitas de Impostos e de Transferências de Impostos Vinculados à Educação;8;PREFEITURA MUNICIPAL DE UBERLÂNDIA;Dedução FPM;SECRETARIA MUNICIPAL DE FINANÇAS;06;-2150457.64;-1387168.49
02;9517115111;2022;101;Receitas de Impostos e de Transferências de Impostos Vinculados à Educação;9;PREFEITURA MUNICIPAL DE UBERLÂNDIA;Dedução FPM;SECRETARIA MUNICIPAL DE FINANÇAS;06;-1783870.76;-1135682.38
02;9517115111;2022;101;Receitas de Impostos e de Transferências de Impostos Vinculados à Educação;10;PREFEITURA MUNICIPAL DE UBERLÂNDIA;Dedução FPM;SECRETARIA MUNICIPAL DE FINANÇAS;06;-1881624.86;-1267515.76
02;9517115111;2022;101;Receitas de Impostos e de Transferências de Impostos Vinculados à Educação;11;PREFEITURA MUNICIPAL DE UBERLÂNDIA;Dedução FPM;SECRETARIA MUNICIPAL DE FINANÇAS;06;-2364859.90;-1665480.85
02;9517115111;2022;101;Receitas de Impostos e de Transferências de Impostos Vinculados à Educação;12;PREFEITURA MUNICIPAL DE UBERLÂNDIA;Dedução FPM;SECRETARIA MUNICIPAL DE FINANÇAS;06;-2530959.05;-1914304.63
02;9517115201;2022;101;Receitas de Impostos e de Transferências de Impostos Vinculados à Educação;1;PREFEITURA MUNICIPAL DE UBERLÂNDIA;Dedução Cota-Parte do ITR;SECRETARIA MUNICIPAL DE FINANÇAS;06;-100978.17;-168402.04
02;9517115201;2022;101;Receitas de Impostos e de Transferências de Impostos Vinculados à Educação;2;PREFEITURA MUNICIPAL DE UBERLÂNDIA;Dedução Cota-Parte do ITR;SECRETARIA MUNICIPAL DE FINANÇAS;06;-71096.60;-27690.97
02;9517115201;2022;101;Receitas de Impostos e de Transferências de Impostos Vinculados à Educação;3;PREFEITURA MUNICIPAL DE UBERLÂNDIA;Dedução Cota-Parte do ITR;SECRETARIA MUNICIPAL DE FINANÇAS;06;-22241.39;-36020.11
02;9517115201;2022;101;Receitas de Impostos e de Transferências de Impostos Vinculados à Educação;4;PREFEITURA MUNICIPAL DE UBERLÂNDIA;Dedução Cota-Parte do ITR;SECRETARIA MUNICIPAL DE FINANÇAS;06;-14243.38;-31606.28
02;9517115201;2022;101;Receitas de Impostos e de Transferências de Impostos Vinculados à Educação;5;PREFEITURA MUNICIPAL DE UBERLÂNDIA;Dedução Cota-Parte do ITR;SECRETARIA MUNICIPAL DE FINANÇAS;06;-23553.57;-27244.03
02;9517115201;2022;101;Receitas de Impostos e de Transferências de Impostos Vinculados à Educação;6;PREFEITURA MUNICIPAL DE UBERLÂNDIA;Dedução Cota-Parte do ITR;SECRETARIA MUNICIPAL DE FINANÇAS;06;-20132.44;-41818.25
02;9517115201;2022;101;Receitas de Impostos e de Transferências de Impostos Vinculados à Educação;7;PREFEITURA MUNICIPAL DE UBERLÂNDIA;Dedução Cota-Parte do ITR;SECRETARIA MUNICIPAL DE FINANÇAS;06;-24820.86;-24673.28
02;9517115201;2022;101;Receitas de Impostos e de Transferências de Impostos Vinculados à Educação;8;PREFEITURA MUNICIPAL DE UBERLÂNDIA;Dedução Cota-Parte do ITR;SECRETARIA MUNICIPAL DE FINANÇAS;06;-22466.07;-17204.39
02;9517115201;2022;101;Receitas de Impostos e de Transferências de Impostos Vinculados à Educação;9;PREFEITURA MUNICIPAL DE UBERLÂNDIA;Dedução Cota-Parte do ITR;SECRETARIA MUNICIPAL DE FINANÇAS;06;-70832.07;-65095.61
02;9517115201;2022;101;Receitas de Impostos e de Transferências de Impostos Vinculados à Educação;10;PREFEITURA MUNICIPAL DE UBERLÂNDIA;Dedução Cota-Parte do ITR;SECRETARIA MUNICIPAL DE FINANÇAS;06;-1130732.38;-872627.91
02;9517115201;2022;101;Receitas de Impostos e de Transferências de Impostos Vinculados à Educação;11;PREFEITURA MUNICIPAL DE UBERLÂNDIA;Dedução Cota-Parte do ITR;SECRETARIA MUNICIPAL DE FINANÇAS;06;-87532.17;-143142.04
02;9517115201;2022;101;Receitas de Impostos e de Transferências de Impostos Vinculados à Educação;12;PREFEITURA MUNICIPAL DE UBERLÂNDIA;Dedução Cota-Parte do ITR;SECRETARIA MUNICIPAL DE FINANÇAS;06;-92508.48;-150475.09
02;9517196101;2022;136;Auxílio Financeiro - Outorga Crédito Tributário ICMS - Art. 5º, Inciso V, EC nº 123/2022;9;PREFEITURA MUNICIPAL DE UBERLÂNDIA;Dedução Auxílio Finan - EC 123/22 - Compens ICMS;SECRETARIA MUNICIPAL DE FINANÇAS;06;-261101.78;0.00
02;9517196101;2022;136;Auxílio Financeiro - Outorga Crédito Tributário ICMS - Art. 5º, Inciso V, EC nº 123/2022;10;PREFEITURA MUNICIPAL DE UBERLÂNDIA;Dedução Auxílio Finan - EC 123/22 - Compens ICMS;SECRETARIA MUNICIPAL DE FINANÇAS;06;-261138.54;0.00
02;9517196101;2022;136;Auxílio Financeiro - Outorga Crédito Tributário ICMS - Art. 5º, Inciso V, EC nº 123/2022;11;PREFEITURA MUNICIPAL DE UBERLÂNDIA;Dedução Auxílio Finan - EC 123/22 - Compens ICMS;SECRETARIA MUNICIPAL DE FINANÇAS;06;-261138.54;0.00
02;9517196101;2022;136;Auxílio Financeiro - Outorga Crédito Tributário ICMS - Art. 5º, Inciso V, EC nº 123/2022;12;PREFEITURA MUNICIPAL DE UBERLÂNDIA;Dedução Auxílio Finan - EC 123/22 - Compens ICMS;SECRETARIA MUNICIPAL DE FINANÇAS;06;-522289.15;0.00
02;9517215001;2022;101;Receitas de Impostos e de Transferências de Impostos Vinculados à Educação;1;PREFEITURA MUNICIPAL DE UBERLÂNDIA;Dedução Cota-Parte do ICMS;SECRETARIA MUNICIPAL DE FINANÇAS;06;-12139181.37;-14051145.89
02;9517215001;2022;101;Receitas de Impostos e de Transferências de Impostos Vinculados à Educação;2;PREFEITURA MUNICIPAL DE UBERLÂNDIA;Dedução Cota-Parte do ICMS;SECRETARIA MUNICIPAL DE FINANÇAS;06;-11518398.66;-15494014.03
02;9517215001;2022;101;Receitas de Impostos e de Transferências de Impostos Vinculados à Educação;3;PREFEITURA MUNICIPAL DE UBERLÂNDIA;Dedução Cota-Parte do ICMS;SECRETARIA MUNICIPAL DE FINANÇAS;06;-13846617.89;-17317813.02
02;9517215001;2022;101;Receitas de Impostos e de Transferências de Impostos Vinculados à Educação;4;PREFEITURA MUNICIPAL DE UBERLÂNDIA;Dedução Cota-Parte do ICMS;SECRETARIA MUNICIPAL DE FINANÇAS;06;-11594574.22;-19591784.37
02;9517215001;2022;101;Receitas de Impostos e de Transferências de Impostos Vinculados à Educação;5;PREFEITURA MUNICIPAL DE UBERLÂNDIA;Dedução Cota-Parte do ICMS;SECRETARIA MUNICIPAL DE FINANÇAS;06;-15670066.29;-20459156.46
02;9517215001;2022;101;Receitas de Impostos e de Transferências de Impostos Vinculados à Educação;6;PREFEITURA MUNICIPAL DE UBERLÂNDIA;Dedução Cota-Parte do ICMS;SECRETARIA MUNICIPAL DE FINANÇAS;06;-14847108.28;-20476237.21
02;9517215001;2022;101;Receitas de Impostos e de Transferências de Impostos Vinculados à Educação;7;PREFEITURA MUNICIPAL DE UBERLÂNDIA;Dedução Cota-Parte do ICMS;SECRETARIA MUNICIPAL DE FINANÇAS;06;-14930932.33;-15071728.39
02;9517215001;2022;101;Receitas de Impostos e de Transferências de Impostos Vinculados à Educação;8;PREFEITURA MUNICIPAL DE UBERLÂNDIA;Dedução Cota-Parte do ICMS;SECRETARIA MUNICIPAL DE FINANÇAS;06;-15250595.68;-14488854.01
02;9517215001;2022;101;Receitas de Impostos e de Transferências de Impostos Vinculados à Educação;9;PREFEITURA MUNICIPAL DE UBERLÂNDIA;Dedução Cota-Parte do ICMS;SECRETARIA MUNICIPAL DE FINANÇAS;06;-12471332.51;-15864496.08
02;9517215001;2022;101;Receitas de Impostos e de Transferências de Impostos Vinculados à Educação;10;PREFEITURA MUNICIPAL DE UBERLÂNDIA;Dedução Cota-Parte do ICMS;SECRETARIA MUNICIPAL DE FINANÇAS;06;-13638393.24;-19819293.35
02;9517215001;2022;101;Receitas de Impostos e de Transferências de Impostos Vinculados à Educação;11;PREFEITURA MUNICIPAL DE UBERLÂNDIA;Dedução Cota-Parte do ICMS;SECRETARIA MUNICIPAL DE FINANÇAS;06;-13585035.01;-13306930.89
02;9517215001;2022;101;Receitas de Impostos e de Transferências de Impostos Vinculados à Educação;12;PREFEITURA MUNICIPAL DE UBERLÂNDIA;Dedução Cota-Parte do ICMS;SECRETARIA MUNICIPAL DE FINANÇAS;06;-13813023.40;-12990546.30
02;9517215101;2022;101;Receitas de Impostos e de Transferências de Impostos Vinculados à Educação;1;PREFEITURA MUNICIPAL DE UBERLÂNDIA;Dedução Cota-Parte do IPVA;SECRETARIA MUNICIPAL DE FINANÇAS;06;-2804360.27;-11530037.44
02;9517215101;2022;101;Receitas de Impostos e de Transferências de Impostos Vinculados à Educação;2;PREFEITURA MUNICIPAL DE UBERLÂNDIA;Dedução Cota-Parte do IPVA;SECRETARIA MUNICIPAL DE FINANÇAS;06;-2268565.74;-5972838.13
02;9517215101;2022;101;Receitas de Impostos e de Transferências de Impostos Vinculados à Educação;3;PREFEITURA MUNICIPAL DE UBERLÂNDIA;Dedução Cota-Parte do IPVA;SECRETARIA MUNICIPAL DE FINANÇAS;06;-11233930.70;-5930968.56
02;9517215101;2022;101;Receitas de Impostos e de Transferências de Impostos Vinculados à Educação;4;PREFEITURA MUNICIPAL DE UBERLÂNDIA;Dedução Cota-Parte do IPVA;SECRETARIA MUNICIPAL DE FINANÇAS;06;-4737175.73;-2358150.90
02;9517215101;2022;101;Receitas de Impostos e de Transferências de Impostos Vinculados à Educação;5;PREFEITURA MUNICIPAL DE UBERLÂNDIA;Dedução Cota-Parte do IPVA;SECRETARIA MUNICIPAL DE FINANÇAS;06;-5114326.48;-4058394.29
02;9517215101;2022;101;Receitas de Impostos e de Transferências de Impostos Vinculados à Educação;6;PREFEITURA MUNICIPAL DE UBERLÂNDIA;Dedução Cota-Parte do IPVA;SECRETARIA MUNICIPAL DE FINANÇAS;06;-2774567.07;-1394215.81
02;9517215101;2022;101;Receitas de Impostos e de Transferências de Impostos Vinculados à Educação;7;PREFEITURA MUNICIPAL DE UBERLÂNDIA;Dedução Cota-Parte do IPVA;SECRETARIA MUNICIPAL DE FINANÇAS;06;-1598618.52;-1099270.55
02;9517215101;2022;101;Receitas de Impostos e de Transferências de Impostos Vinculados à Educação;8;PREFEITURA MUNICIPAL DE UBERLÂNDIA;Dedução Cota-Parte do IPVA;SECRETARIA MUNICIPAL DE FINANÇAS;06;-1383714.33;-902020.16
02;9517215101;2022;101;Receitas de Impostos e de Transferências de Impostos Vinculados à Educação;9;PREFEITURA MUNICIPAL DE UBERLÂNDIA;Dedução Cota-Parte do IPVA;SECRETARIA MUNICIPAL DE FINANÇAS;06;-1075877.47;-636495.87
02;9517215101;2022;101;Receitas de Impostos e de Transferências de Impostos Vinculados à Educação;10;PREFEITURA MUNICIPAL DE UBERLÂNDIA;Dedução Cota-Parte do IPVA;SECRETARIA MUNICIPAL DE FINANÇAS;06;-930381.69;-527834.01
02;9517215101;2022;101;Receitas de Impostos e de Transferências de Impostos Vinculados à Educação;11;PREFEITURA MUNICIPAL DE UBERLÂNDIA;Dedução Cota-Parte do IPVA;SECRETARIA MUNICIPAL DE FINANÇAS;06;-1445128.63;-418469.75
02;9517215101;2022;101;Receitas de Impostos e de Transferências de Impostos Vinculados à Educação;12;PREFEITURA MUNICIPAL DE UBERLÂNDIA;Dedução Cota-Parte do IPVA;SECRETARIA MUNICIPAL DE FINANÇAS;06;-1250854.71;-1031304.53
02;9517215201;2022;101;Receitas de Impostos e de Transferências de Impostos Vinculados à Educação;1;PREFEITURA MUNICIPAL DE UBERLÂNDIA;Dedução Cota-Parte do IPI;SECRETARIA MUNICIPAL DE FINANÇAS;06;-177816.72;-143566.62
02;9517215201;2022;101;Receitas de Impostos e de Transferências de Impostos Vinculados à Educação;2;PREFEITURA MUNICIPAL DE UBERLÂNDIA;Dedução Cota-Parte do IPI;SECRETARIA MUNICIPAL DE FINANÇAS;06;-158994.59;-140413.57
02;9517215201;2022;101;Receitas de Impostos e de Transferências de Impostos Vinculados à Educação;3;PREFEITURA MUNICIPAL DE UBERLÂNDIA;Dedução Cota-Parte do IPI;SECRETARIA MUNICIPAL DE FINANÇAS;06;-177968.21;-136950.70
02;9517215201;2022;101;Receitas de Impostos e de Transferências de Impostos Vinculados à Educação;4;PREFEITURA MUNICIPAL DE UBERLÂNDIA;Dedução Cota-Parte do IPI;SECRETARIA MUNICIPAL DE FINANÇAS;06;-180996.28;-149536.72
02;9517215201;2022;101;Receitas de Impostos e de Transferências de Impostos Vinculados à Educação;5;PREFEITURA MUNICIPAL DE UBERLÂNDIA;Dedução Cota-Parte do IPI;SECRETARIA MUNICIPAL DE FINANÇAS;06;-96219.28;-117310.50
02;9517215201;2022;101;Receitas de Impostos e de Transferências de Impostos Vinculados à Educação;6;PREFEITURA MUNICIPAL DE UBERLÂNDIA;Dedução Cota-Parte do IPI;SECRETARIA MUNICIPAL DE FINANÇAS;06;-154996.67;-131875.23
02;9517215201;2022;101;Receitas de Impostos e de Transferências de Impostos Vinculados à Educação;7;PREFEITURA MUNICIPAL DE UBERLÂNDIA;Dedução Cota-Parte do IPI;SECRETARIA MUNICIPAL DE FINANÇAS;06;-159759.78;-91697.25
02;9517215201;2022;101;Receitas de Impostos e de Transferências de Impostos Vinculados à Educação;8;PREFEITURA MUNICIPAL DE UBERLÂNDIA;Dedução Cota-Parte do IPI;SECRETARIA MUNICIPAL DE FINANÇAS;06;-127252.93;-95056.28
02;9517215201;2022;101;Receitas de Impostos e de Transferências de Impostos Vinculados à Educação;9;PREFEITURA MUNICIPAL DE UBERLÂNDIA;Dedução Cota-Parte do IPI;SECRETARIA MUNICIPAL DE FINANÇAS;06;-167874.29;-109085.28
02;9517215201;2022;101;Receitas de Impostos e de Transferências de Impostos Vinculados à Educação;10;PREFEITURA MUNICIPAL DE UBERLÂNDIA;Dedução Cota-Parte do IPI;SECRETARIA MUNICIPAL DE FINANÇAS;06;-171354.33;-110266.73
02;9517215201;2022;101;Receitas de Impostos e de Transferências de Impostos Vinculados à Educação;11;PREFEITURA MUNICIPAL DE UBERLÂNDIA;Dedução Cota-Parte do IPI;SECRETARIA MUNICIPAL DE FINANÇAS;06;-124603.68;-114245.97
02;9517215201;2022;101;Receitas de Impostos e de Transferências de Impostos Vinculados à Educação;12;PREFEITURA MUNICIPAL DE UBERLÂNDIA;Dedução Cota-Parte do IPI;SECRETARIA MUNICIPAL DE FINANÇAS;06;-177035.42;-129995.15
02;9811145111;2022;100;Recursos Não Vinculados de Impostos/ Recursos Ordinários;2;PREFEITURA MUNICIPAL DE UBERLÂNDIA;Retificação - ISS;SECRETARIA MUNICIPAL DE FINANÇAS;06;-130196.47;0.00
02;9811145111;2022;101;Receitas de Impostos e de Transferências de Impostos Vinculados à Educação;2;PREFEITURA MUNICIPAL DE UBERLÂNDIA;Retificação - ISS;SECRETARIA MUNICIPAL DE FINANÇAS;06;-107262.45;0.00
02;9811145111;2022;102;Receitas de Impostos e de Transferências de Impostos Vinculados à Saúde;2;PREFEITURA MUNICIPAL DE UBERLÂNDIA;Retificação - ISS;SECRETARIA MUNICIPAL DE FINANÇAS;06;-181044.63;0.00
02;9813210101;2022;164;Emendas Parlamentares Individuais-Transferência Especial/ Transferência Especial da União;2;PREFEITURA MUNICIPAL DE UBERLÂNDIA;Retificação - Remuneração Dep Bancários;SECRETARIA MUNICIPAL DE MEIO AMBIENTE;03;-1332.47;0.00
02;9813210101;2022;164;Emendas Parlamentares Individuais-Transferência Especial/ Transferência Especial da União;2;PREFEITURA MUNICIPAL DE UBERLÂNDIA;Retificação - Remuneração Dep Bancários;SECRETARIA MUNICIPAL DE EDUCAÇÃO;07;-333.01;0.00
02;9813210101;2022;164;Emendas Parlamentares Individuais-Transferência Especial/ Transferência Especial da União;2;PREFEITURA MUNICIPAL DE UBERLÂNDIA;Retificação - Remuneração Dep Bancários;SECRETARIA MUNICIPAL DE SAÚDE;09;-7004.19;0.00
02;9813210101;2022;155;Transferências de Recursos do Fundo Estadual de Saúde;5;PREFEITURA MUNICIPAL DE UBERLÂNDIA;Retificação - Remuneração Dep Bancários;SECRETARIA MUNICIPAL DE SAÚDE;09;-1406934.67;0.00
02;9817165001;2022;129;Transferências de Recursos do Fundo Nacional de Assistência Social (FNAS);12;PREFEITURA MUNICIPAL DE UBERLÂNDIA;Retificação - Transferências FNAS;SECRETARIA MUNICIPAL DE DESENVOLVIMENTO SOCIAL E T;10;-815.87;0.00
02;9821199901;2022;190;Operações de Crédito Internas;8;PREFEITURA MUNICIPAL DE UBERLÂNDIA;Retificação - Outras Operações de Crédito;SECRETARIA MUNICIPAL DE OBRAS;13;-12500000.00;0.00
02;9821199901;2022;190;Operações de Crédito Internas;8;PREFEITURA MUNICIPAL DE UBERLÂNDIA;Retificação - Outras Operações de Crédito;SECRETARIA MUNICIPAL DE TRÂNSITO E TRANSPORTES;15;-12500000.00;0.00
05;9872150211;2022;103;Contribuição para o Regime Próprio de Previdência Social (RPPS): Patronal, dos Servidores, Compensação Financeira/ Recursos Vinculados ao RPPS - Fundo em Capitalização (Plano Previdenciário);10;Instituto Prev. Serv. Pub. Mun. Uberlândia;Retificação - Contribuição Servidor Ativo Civil;INST. DE PREV. DOS SERVID. PÚB. DO MUN. DE UBERLÂN;18;-182207.66;0.00
05;9872150211;2022;103;Contribuição para o Regime Próprio de Previdência Social (RPPS): Patronal, dos Servidores, Compensação Financeira/ Recursos Vinculados ao RPPS - Fundo em Capitalização (Plano Previdenciário);12;Instituto Prev. Serv. Pub. Mun. Uberlândia;Retificação - Contribuição Servidor Ativo Civil;INST. DE PREV. DOS SERVID. PÚB. DO MUN. DE UBERLÂN;18;-75735.94;0.00
02;9911145111;2022;100;Recursos Não Vinculados de Impostos/ Recursos Ordinários;1;PREFEITURA MUNICIPAL DE UBERLÂNDIA;Outras Deduções - ISS;SECRETARIA MUNICIPAL DE FINANÇAS;06;-85.96;0.00
02;9911145111;2022;101;Receitas de Impostos e de Transferências de Impostos Vinculados à Educação;1;PREFEITURA MUNICIPAL DE UBERLÂNDIA;Outras Deduções - ISS;SECRETARIA MUNICIPAL DE FINANÇAS;06;-70.79;0.00
02;9911145111;2022;102;Receitas de Impostos e de Transferências de Impostos Vinculados à Saúde;1;PREFEITURA MUNICIPAL DE UBERLÂNDIA;Outras Deduções - ISS;SECRETARIA MUNICIPAL DE FINANÇAS;06;-119.49;0.00
02;9911145111;2022;100;Recursos Não Vinculados de Impostos/ Recursos Ordinários;2;PREFEITURA MUNICIPAL DE UBERLÂNDIA;Outras Deduções - ISS;SECRETARIA MUNICIPAL DE FINANÇAS;06;-408.05;0.00
02;9911145111;2022;101;Receitas de Impostos e de Transferências de Impostos Vinculados à Educação;2;PREFEITURA MUNICIPAL DE UBERLÂNDIA;Outras Deduções - ISS;SECRETARIA MUNICIPAL DE FINANÇAS;06;-336.16;0.00
02;9911145111;2022;102;Receitas de Impostos e de Transferências de Impostos Vinculados à Saúde;2;PREFEITURA MUNICIPAL DE UBERLÂNDIA;Outras Deduções - ISS;SECRETARIA MUNICIPAL DE FINANÇAS;06;-567.40;0.00
02;9911145111;2022;100;Recursos Não Vinculados de Impostos/ Recursos Ordinários;7;PREFEITURA MUNICIPAL DE UBERLÂNDIA;Outras Deduções - ISS;SECRETARIA MUNICIPAL DE FINANÇAS;06;-6.18;0.00
02;9911145111;2022;101;Receitas de Impostos e de Transferências de Impostos Vinculados à Educação;7;PREFEITURA MUNICIPAL DE UBERLÂNDIA;Outras Deduções - ISS;SECRETARIA MUNICIPAL DE FINANÇAS;06;-3.68;0.00
02;9911145111;2022;102;Receitas de Impostos e de Transferências de Impostos Vinculados à Saúde;7;PREFEITURA MUNICIPAL DE UBERLÂNDIA;Outras Deduções - ISS;SECRETARIA MUNICIPAL DE FINANÇAS;06;-4.44;0.00
05;9912150111;2022;103;Contribuição para o Regime Próprio de Previdência Social (RPPS): Patronal, dos Servidores, Compensação Financeira/ Recursos Vinculados ao RPPS - Fundo em Capitalização (Plano Previdenciário);5;Instituto Prev. Serv. Pub. Mun. Uberlândia;Outras Deduções - Contrib Servidor Civil Ativo;INST. DE PREV. DOS SERVID. PÚB. DO MUN. DE UBERLÂN;18;-231029.66;0.00
05;9912150111;2022;103;Contribuição para o Regime Próprio de Previdência Social (RPPS): Patronal, dos Servidores, Compensação Financeira/ Recursos Vinculados ao RPPS - Fundo em Capitalização (Plano Previdenciário);10;Instituto Prev. Serv. Pub. Mun. Uberlândia;Outras Deduções - Contrib Servidor Civil Ativo;INST. DE PREV. DOS SERVID. PÚB. DO MUN. DE UBERLÂN;18;-45748.96;0.00
05;9912150111;2022;103;Contribuição para o Regime Próprio de Previdência Social (RPPS): Patronal, dos Servidores, Compensação Financeira/ Recursos Vinculados ao RPPS - Fundo em Capitalização (Plano Previdenciário);11;Instituto Prev. Serv. Pub. Mun. Uberlândia;Outras Deduções - Contrib Servidor Civil Ativo;INST. DE PREV. DOS SERVID. PÚB. DO MUN. DE UBERLÂN;18;-18369.75;0.00
02;9913110201;2022;170;Outros Recursos Não Vinculados;9;PREFEITURA MUNICIPAL DE UBERLÂNDIA;Outras Deduções - Conc/Permi ou Cessao Direito;SECRETARIA MUNICIPAL DE CULTURA;08;-2000.00;0.00
02;9917135021;2022;159;Transferência de Recursos do Sistema Único de Saúde - SUS - Bloco Custeio das Ações e Serviços Públicos de Saúde./ Transferência de Recursos do Sistema Único de Saúde-SUS-Bloco de Manutenção das Ações e Serviços Públicos de Saúde;12;PREFEITURA MUNICIPAL DE UBERLÂNDIA;Outras Deduções -  Transf SUS - Bloco de Manut. AE;SECRETARIA MUNICIPAL DE SAÚDE;09;-2658330.00;0.00
02;9917165001;2022;129;Transferências de Recursos do Fundo Nacional de Assistência Social (FNAS);12;PREFEITURA MUNICIPAL DE UBERLÂNDIA;Outras Deduções - Transf FNAS;SECRETARIA MUNICIPAL DE DESENVOLVIMENTO SOCIAL E T;10;-50000.00;0.00
02;9919110101;2022;157;Multas de Trânsito;1;PREFEITURA MUNICIPAL DE UBERLÂNDIA;Outras Deduções - Mult Prev Legis de Transito;SECRETARIA MUNICIPAL DE TRÂNSITO E TRANSPORTES;15;-89645.01;0.00
02;9919110101;2022;157;Multas de Trânsito;2;PREFEITURA MUNICIPAL DE UBERLÂNDIA;Outras Deduções - Mult Prev Legis de Transito;SECRETARIA MUNICIPAL DE TRÂNSITO E TRANSPORTES;15;-152375.42;0.00
02;9919110101;2022;157;Multas de Trânsito;3;PREFEITURA MUNICIPAL DE UBERLÂNDIA;Outras Deduções - Mult Prev Legis de Transito;SECRETARIA MUNICIPAL DE TRÂNSITO E TRANSPORTES;15;-139952.80;0.00
02;9919110101;2022;157;Multas de Trânsito;4;PREFEITURA MUNICIPAL DE UBERLÂNDIA;Outras Deduções - Mult Prev Legis de Transito;SECRETARIA MUNICIPAL DE TRÂNSITO E TRANSPORTES;15;-72288.48;0.00
02;9919110101;2022;157;Multas de Trânsito;5;PREFEITURA MUNICIPAL DE UBERLÂNDIA;Outras Deduções - Mult Prev Legis de Transito;SECRETARIA MUNICIPAL DE TRÂNSITO E TRANSPORTES;15;-158902.63;0.00
02;9919110101;2022;157;Multas de Trânsito;6;PREFEITURA MUNICIPAL DE UBERLÂNDIA;Outras Deduções - Mult Prev Legis de Transito;SECRETARIA MUNICIPAL DE TRÂNSITO E TRANSPORTES;15;-130203.49;0.00
02;9919110101;2022;157;Multas de Trânsito;7;PREFEITURA MUNICIPAL DE UBERLÂNDIA;Outras Deduções - Mult Prev Legis de Transito;SECRETARIA MUNICIPAL DE TRÂNSITO E TRANSPORTES;15;-329870.64;0.00
02;9919110101;2022;157;Multas de Trânsito;8;PREFEITURA MUNICIPAL DE UBERLÂNDIA;Outras Deduções - Mult Prev Legis de Transito;SECRETARIA MUNICIPAL DE TRÂNSITO E TRANSPORTES;15;-67095.00;0.00
02;9919110101;2022;157;Multas de Trânsito;9;PREFEITURA MUNICIPAL DE UBERLÂNDIA;Outras Deduções - Mult Prev Legis de Transito;SECRETARIA MUNICIPAL DE TRÂNSITO E TRANSPORTES;15;-420213.88;0.00
02;9919110101;2022;157;Multas de Trânsito;10;PREFEITURA MUNICIPAL DE UBERLÂNDIA;Outras Deduções - Mult Prev Legis de Transito;SECRETARIA MUNICIPAL DE TRÂNSITO E TRANSPORTES;15;-106554.43;0.00
02;9919110101;2022;157;Multas de Trânsito;11;PREFEITURA MUNICIPAL DE UBERLÂNDIA;Outras Deduções - Mult Prev Legis de Transito;SECRETARIA MUNICIPAL DE TRÂNSITO E TRANSPORTES;15;-523654.66;0.00
02;9919110101;2022;157;Multas de Trânsito;12;PREFEITURA MUNICIPAL DE UBERLÂNDIA;Outras Deduções - Mult Prev Legis de Transito;SECRETARIA MUNICIPAL DE TRÂNSITO E TRANSPORTES;15;-314621.44;0.00
02;9919229901;2022;102;Receitas de Impostos e de Transferências de Impostos Vinculados à Saúde;12;PREFEITURA MUNICIPAL DE UBERLÂNDIA;Outras Deduções - Outras Restituições;SECRETARIA MUNICIPAL DE SAÚDE;09;-202.00;0.00
02;9924115111;2022;153;Transferências de Recursos do SUS para Investimentos na Rede de Serviços de Saúde/ Transferências de Recursos do Sistema Único de Saúde-SUS-Bloco de Estruturação da Rede de Serviços Públicos de Saúde;12;PREFEITURA MUNICIPAL DE UBERLÂNDIA;Outras Deduções - Transf SUS - Bloco Estrut.  AP;SECRETARIA MUNICIPAL DE SAÚDE;09;-102400.00;0.00
02;9924135001;2022;129;Transferências de Recursos do Fundo Nacional de Assistência Social (FNAS);12;PREFEITURA MUNICIPAL DE UBERLÂNDIA;Outras Deduções - Transf FNAS;SECRETARIA MUNICIPAL DE DESENVOLVIMENTO SOCIAL E T;10;-289000.00;0.00
